time     x        y        groundspeed  track angle  AV track angle  BA angle  AV BA angle  turn  tempo  amplitude  stop  stop time  
0.000    142.479  65.590   17.024                                    -11.310   11.310       
0.083    141.101  65.866   18.264       -5.194       5.194           0.000     0.000        
0.167    139.448  65.314   11.092       -26.565      26.565          -15.945   15.945       
0.250    139.448  65.039   17.024       -60.945      60.945          -20.556   20.556       
0.333    138.070  62.834   29.254       -47.291      47.291          -45.000   45.000       
0.417    136.141  61.456   25.240       -31.608      31.608          -41.186   41.186       
0.500    134.487  60.629   23.675       -24.775      24.775          -37.875   37.875       
0.583    132.558  59.803   25.882       -26.565      26.565          -18.435   18.435       
0.667    130.629  58.700   25.670       -14.931      14.931          -22.620   22.620       
0.750    128.424  58.700   23.208       -4.086       4.086           -4.086    4.086        
0.833    126.771  58.425   20.453       -14.036      14.036          -4.764    4.764        
0.917    125.117  57.874   22.972       -30.256      30.256          -10.305   10.305       
1.000    123.464  56.496   24.582       -42.274      42.274          -26.565   26.565       
1.083    122.086  55.118   25.723       -45.000      45.000          -30.964   30.964       
1.167    120.432  53.464   20.116       -80.538      80.538          -30.256   30.256       
1.250    121.534  51.811   16.535       -126.870     126.870         -90.000   90.000       
1.333    122.086  51.259   8.905        -158.198     158.198         -100.305  100.305      
1.417    122.912  51.259   8.431        -168.690     168.690         -109.983  109.983      
1.500    123.464  50.984   5.962        -146.310     146.310         -112.620  112.620      
1.583    123.739  50.708   11.692       171.870      171.870         -112.620  112.620      
1.667    125.393  51.259   4.961        180.000      180.000         -149.744  149.744      
1.750    124.566  50.708   10.458       -18.435      18.435          -124.992  124.992      
1.833    123.739  50.708   3.697        -63.435      63.435          -116.565  116.565      
1.917    124.290  50.157   8.905        -111.801     111.801         -119.745  119.745      
2.000    124.290  49.330   7.395        -116.565     116.565         -116.565  116.565      
2.083    124.842  49.055   12.914       -140.194     140.194         -126.027  126.027      
2.167    125.944  47.952   15.245       -130.601     130.601         -127.569  127.569      
2.250    126.495  47.126   16.535       -143.130     143.130         -127.875  127.875      
2.333    128.149  46.299   18.853       -164.745     164.745         -157.380  157.380      1     
2.417    129.527  46.299   13.331       150.255      150.255         -164.055  164.055      
2.500    130.078  47.401   8.905        111.801      111.801         -188.746  188.746      
2.583    130.078  47.677   8.268        90.000       90.000          -188.746  188.746      
2.667    130.078  48.779   19.842       90.000       90.000          -210.256  210.256      
2.750    130.078  50.984   31.806       81.027       81.027          -250.017  250.017      
2.833    129.251  54.015   35.503       62.241       62.241          -264.806  264.806      
2.917    127.322  56.220   33.928       46.975       46.975          -300.964  300.964      
3.000    125.393  58.149   29.440       38.157       38.157          -318.814  318.814      
3.083    123.464  59.252   26.918       42.510       42.510          -325.008  325.008      
3.167    122.086  61.181   32.738       45.000       45.000          -327.529  327.529      
3.250    119.605  63.110   32.946       17.526       17.526          -333.435  333.435      2     0.917    16.264     
3.333    116.849  62.834   38.067       -2.490       2.490           -354.289  354.289      
3.417    113.267  62.834   36.528       -5.194       5.194           -349.695  349.695      
3.500    110.787  62.283   33.726       -11.310      11.310          -355.236  355.236      
3.583    107.755  61.732   38.175       4.970        4.970           -360.000  360.000      3     0.333    1.206      
3.667    104.448  62.834   40.537       11.768       11.768          -345.964  345.964      
3.750    101.141  63.110   36.528       -5.194       5.194           -350.538  350.538      4     0.167    1.362      
3.833    98.385   62.283   41.470       -23.499      23.499          -365.194  365.194      
3.917    94.802   60.354   47.609       -20.323      20.323          -377.354  377.354      
4.000    90.944   59.527   37.158       -20.854      20.854          -372.095  372.095      
4.083    89.015   58.149   25.022       -7.595       7.595           -388.610  388.610      
4.167    86.810   58.976   29.947       -6.340       6.340           -355.236  355.236      
4.250    84.054   57.598   34.763       -25.346      25.346          -368.746  368.746      
4.333    81.574   56.496   33.277       -26.565      26.565          -368.746  368.746      
4.417    79.094   55.118   19.911       -48.367      48.367          -375.255  375.255      
4.500    79.369   54.015   12.914       -50.194      50.194          -416.310  416.310      
4.583    77.716   53.464   21.749       8.746        8.746           -386.565  386.565      5     0.833    8.910      
4.667    75.787   54.567   32.106       11.889       11.889          -360.000  360.000      
4.750    72.480   54.567   35.695       13.392       13.392          -356.186  356.186      
4.833    69.999   55.944   24.803       36.870       36.870          -341.565  341.565      
4.917    69.173   57.047   33.726       11.310       11.310          -318.367  318.367      
5.000    64.488   57.047   44.645       0.000        0.000           -351.254  351.254      
5.083    61.732   57.047   41.371       2.291        2.291           -354.289  354.289      
5.167    57.598   57.322   47.981       -1.975       1.975           -360.000  360.000      6     0.583    3.849      
5.250    53.740   56.771   41.635       -6.843       6.843           -383.962  383.962      
5.333    50.708   56.496   33.441       -8.531       8.531           -365.194  365.194      
5.417    48.228   55.944   34.088       -22.834      22.834          -369.462  369.462      
5.500    45.472   54.291   37.158       -20.854      20.854          -379.983  379.983      
5.583    42.441   53.740   34.881       5.440        5.440           -360.000  360.000      7     0.417    3.276      
5.667    39.685   54.842   28.304       6.710        6.710           -340.017  340.017      
5.750    37.756   54.291   12.038       15.945       15.945          -355.236  355.236      
5.833    37.756   55.393   11.924       -33.690      33.690          -333.435  333.435      8     0.250    1.649      
5.917    36.102   53.189   30.757       -53.746      53.746          -383.962  383.962      
6.000    34.724   51.259   20.719       -61.389      61.389          -409.399  409.399      
6.083    34.449   50.157   15.245       -77.471      77.471          -431.565  431.565      
6.167    34.173   48.779   13.635       -75.964      75.964          -450.000  450.000      
6.250    33.897   47.952   17.809       -111.801     111.801         -450.000  450.000      
6.333    35.275   46.023   32.822       -139.086     139.086         -478.610  478.610      
6.417    38.031   44.370   29.440       -141.843     141.843         -498.814  498.814      
6.500    39.134   42.992   33.481       -159.775     159.775         -501.340  501.340      
6.583    43.267   42.441   43.119       175.601      175.601         -522.897  522.897      9     0.750    12.079     
6.667    46.299   43.543   27.371       154.983      154.983         -551.310  551.310      
6.750    47.401   44.370   22.246       131.987      131.987         -573.690  573.690      
6.833    48.779   46.299   28.878       113.629      113.629         -608.199  608.199      
6.917    49.330   48.779   26.456       90.000       90.000          -630.000  630.000      
7.000    48.779   50.708   26.714       68.199       68.199          -654.444  654.444      
7.083    47.677   52.913   29.809       70.560       70.560          -649.983  649.983      
7.167    47.126   55.393   35.038       70.710       70.710          -645.255  645.255      
7.250    45.748   58.425   29.440       51.843       51.843          -635.711  635.711      
7.333    44.094   59.252   26.918       10.620       10.620          -649.983  649.983      
7.417    41.338   59.252   29.809       -3.180       3.180           -696.038  696.038      
7.500    39.134   58.976   30.174       9.462        9.462           -697.380  697.380      
7.583    36.378   60.078   31.935       21.250       21.250          -696.038  696.038      
7.667    34.173   60.905   28.061       45.000       45.000          -696.038  696.038      
7.750    33.071   63.385   25.829       39.806       39.806          -665.538  665.538      
7.833    30.866   63.661   29.947       6.340        6.340           -701.565  701.565      
7.917    28.110   63.937   27.271       14.036       14.036          -707.471  707.471      
8.000    26.456   64.763   18.708       45.000       45.000          -696.037  696.037      
