time     x        y        groundspeed  track angle  AV track angle  BA angle  AV BA angle  turn  tempo  amplitude  stop  stop time  
0.000    145.235  61.732   21.559                                    -17.103   17.103       
0.083    144.133  62.283   8.431        11.310       11.310          0.000     0.000        
0.167    143.857  62.007   8.268        0.000        0.000           -3.814    3.814        
0.250    142.755  62.283   10.058       9.462        9.462           0.000     0.000        
0.333    142.204  62.283   13.635       14.036       14.036          9.462     9.462        
0.417    140.550  62.834   17.263       16.699       16.699          15.945    15.945       
0.500    139.448  63.110   9.642        30.964       30.964          18.435    18.435       
0.583    139.172  63.661   10.588       51.340       51.340          28.610    28.610       
0.667    138.345  64.488   15.245       49.399       49.399          30.964    30.964       
0.750    137.519  65.590   13.635       14.036       14.036          41.987    41.987       
0.833    136.141  65.039   8.431        11.310       11.310          18.435    18.435       
0.917    136.141  65.866   9.642        59.036       59.036          36.870    36.870       
1.000    135.314  66.417   19.911       41.634       41.634          30.964    30.964       
1.083    133.660  68.070   22.246       41.987       41.987          48.814    48.814       
1.167    132.558  68.897   17.024       29.054       29.054          41.186    41.186       
1.250    131.180  69.448   18.487       26.565       26.565          32.471    32.471       
1.333    129.802  70.275   20.916       18.435       18.435          30.964    30.964       
1.417    127.873  70.551   19.842       0.000        0.000           36.870    36.870       1     
1.500    126.495  70.275   20.116       -9.462       9.462           17.103    17.103       
1.583    124.566  69.999   20.916       -18.435      18.435          9.462     9.462        
1.667    123.188  69.173   27.271       -14.036      14.036          -5.194    5.194        
1.750    120.157  68.897   31.591       -6.009       6.009           5.194     5.194        
1.833    117.952  68.622   33.071       0.000        0.000           -5.194    5.194        2     0.417    0.655      
1.917    114.645  68.897   36.974       10.305       10.305          0.000     0.000        
2.000    111.889  69.724   28.110       0.000        0.000           9.462     9.462        3     0.167    0.719      
2.083    109.960  68.897   26.145       -18.435      18.435          -11.310   11.310       
2.167    107.755  68.346   23.675       -24.775      24.775          -19.983   19.983       
2.250    106.377  67.244   21.496       -22.620      22.620          -26.565   26.565       
2.333    104.448  66.968   23.384       -8.130       8.130           -15.255   15.255       
2.417    102.519  66.692   29.947       6.340        6.340           -9.462    9.462        4     0.417    1.232      
2.500    99.487   67.519   31.461       3.013        3.013           0.000     0.000        
2.583    97.283   66.968   36.415       2.603        2.603           -10.305   10.305       
2.667    93.424   67.795   39.685       0.000        0.000           0.000     0.000        
2.750    90.669   66.968   31.591       -6.009       6.009           -4.086    4.086        
2.833    88.188   67.244   33.441       8.531        8.531           5.711     5.711        
2.917    85.157   67.795   31.591       6.009        6.009           9.462     9.462        
3.000    82.952   67.795   24.858       3.814        3.814           -11.310   11.310       
3.083    81.023   68.070   25.186       -23.199      23.199          -5.194    5.194        5     0.667    1.289      
3.167    79.094   66.141   26.662       -29.745      29.745          -38.660   38.660       
3.250    77.165   65.866   16.535       -36.870      36.870          -16.699   16.699       
3.333    76.889   64.488   13.331       -82.875      82.875          -48.814   48.814       
3.417    76.889   63.661   4.961        -90.000      90.000          -57.529   57.529       
3.500    76.889   63.661   0.000        0.000        0.000           -57.529   57.529                                 1     0.083      
3.583    76.889   63.661   8.268        36.870       36.870          -57.529   57.529       
3.667    75.787   64.488   14.973       -6.340       6.340           -32.471   32.471       
3.750    74.409   63.385   27.120       -37.569      37.569          -36.027   36.027       
3.833    72.204   61.732   29.254       -42.709      42.709          -33.690   33.690       
3.917    70.826   60.078   29.440       -38.157      38.157          -37.875   37.875       
4.000    68.346   58.700   37.706       -37.875      37.875          -33.690   33.690       
4.083    65.866   56.220   32.822       -40.914      40.914          -48.814   48.814       
4.167    64.212   55.118   16.535       -53.130      53.130          -45.000   45.000       
4.250    64.212   54.015   14.973       -83.660      83.660          -63.435   63.435       
4.333    63.937   52.637   18.853       -105.255     105.255         -67.380   67.380       
4.417    65.039   50.984   16.285       -113.963     113.963         -94.086   94.086       
4.500    65.039   50.157   5.962        -146.310     146.310         -105.945  105.945      6     1.417    8.171      
4.583    65.866   50.433   5.229        161.565      161.565         -118.301  118.301      
4.667    65.866   50.433   0.000        0.000        0.000           -118.301  118.301                                2     0.667      
4.750    65.866   50.433   0.000        0.000        0.000           -118.301  118.301      
4.833    65.866   50.433   0.000        0.000        0.000           -118.301  118.301      
4.917    65.866   50.433   0.000        0.000        0.000           -118.301  118.301      
5.000    65.866   50.433   0.000        0.000        0.000           -118.301  118.301      
5.083    65.866   50.433   0.000        0.000        0.000           -118.301  118.301      
5.167    65.866   50.433   0.000        0.000        0.000           -122.471  122.471      
5.250    65.866   50.433   0.000        0.000        0.000           -122.471  122.471      
5.333    65.866   50.433   6.614        180.000      180.000         -122.471  122.471      
5.417    66.968   50.433   13.635       165.964      165.964         -135.000  135.000      
5.500    68.070   50.984   9.642        149.036      149.036         -153.435  153.435      
5.583    68.346   51.259   5.962        123.690      123.690         -158.962  158.962      
5.667    68.622   51.811   3.697        116.565      116.565         -167.905  167.905      
5.750    68.622   51.811   0.000        0.000        0.000           -167.905  167.905                                3     0.167      
5.833    68.622   51.811   0.000        0.000        0.000           -167.905  167.905      
5.917    68.622   51.811   4.961        90.000       90.000          -167.905  167.905      
6.000    68.622   52.637   8.268        90.000       90.000          -180.000  180.000      
6.083    68.622   53.189   19.980       24.444       24.444          -200.556  200.556      
6.167    65.590   54.015   25.670       14.931       14.931          -285.255  285.255      
6.250    64.488   54.291   20.453       14.036       14.036          -318.366  318.366      
6.333    62.283   54.842   26.714       21.801       21.801          -340.017  340.017      
6.417    60.354   55.944   21.749       8.746        8.746           -334.983  334.983      
6.500    58.700   55.393   19.911       -4.764       4.764           -360.000  360.000      
6.583    57.047   55.669   22.490       17.103       17.103          -355.601  355.601      
6.667    55.118   56.496   20.916       18.435       18.435          -342.897  342.897      
6.750    53.740   56.771   22.061       12.995       12.995          -350.538  350.538      
6.833    51.535   57.322   26.508       3.576        3.576           -355.601  355.601      
6.917    49.330   57.047   25.670       -14.931      14.931          -360.000  360.000      
7.000    47.401   56.220   25.294       -11.310      11.310          -364.399  364.399      
7.083    45.196   56.220   28.544       10.008       10.008          -365.194  365.194      
7.167    42.716   57.047   28.544       10.008       10.008          -354.289  354.289      
7.250    40.511   57.047   23.384       8.130        8.130           -371.310  371.310      
7.333    38.858   57.598   22.490       17.103       17.103          -350.538  350.538      
7.417    36.929   58.149   21.559       32.471       32.471          -340.017  340.017      
7.500    35.826   59.527   31.591       42.879       42.879          -340.017  340.017      
7.583    33.071   61.732   32.822       40.914       40.914          -323.130  323.130      
7.667    31.693   63.110   26.714       21.801       21.801          -338.199  338.199      
7.750    28.937   63.385   28.159       3.366        3.366           -355.601  355.601      
7.833    27.008   63.385   14.031       45.000       45.000          -354.806  354.806      
7.917    27.283   65.039   13.331       97.125       97.125          -299.055  299.055      
8.000    27.283   65.590   13.331       29.745       29.745          -319.399  319.399      
8.083    25.354   66.141   35.348       10.784       10.784          -343.301  343.301      
