time     x        y        groundspeed  track angle  AV track angle  BA angle  AV BA angle  turn  tempo  amplitude  stop  stop time  
0.000    153.227  75.236   11.092                                    123.690   123.690      
0.083    153.227  76.062   11.092       116.565      116.565         118.610   118.610      
0.167    154.054  76.889   15.245       130.601      130.601         128.660   128.660      
0.250    154.881  77.992   14.224       144.462      144.462         124.992   124.992      
0.333    155.983  78.267   11.092       153.435      153.435         138.013   138.013      
0.417    156.534  78.818   9.642        149.036      149.036         131.634   131.634      
0.500    157.361  79.094   5.962        146.310      146.310         149.744   149.744      
0.583    157.361  79.369   3.697        116.565      116.565         138.814   138.814      
0.667    157.637  79.645   4.677        45.000       45.000          138.013   138.013      
0.750    156.810  79.921   5.229        18.435       18.435          118.611   118.611      
0.833    156.810  79.921   1.654        180.000      180.000         114.444   114.444      
0.917    157.085  79.921   3.307        180.000      180.000         118.611   118.611      
1.000    157.361  79.921   1.654        180.000      180.000         122.471   122.471      
1.083    157.361  79.921   0.000        0.000        0.000           122.471   122.471                                1     0.167      
1.167    157.361  79.921   0.000        0.000        0.000           122.471   122.471      
1.250    157.361  79.921   10.058       -9.462       9.462           124.992   124.992      
1.333    155.707  79.645   14.882       0.000        0.000           90.000    90.000       
1.417    154.881  79.921   15.687       18.435       18.435          75.964    75.964       
1.500    153.227  80.472   16.618       5.711        5.711           66.037    66.037       
1.583    152.125  80.196   15.245       12.529       12.529          22.620    22.620       
1.667    150.747  81.023   19.980       24.444       24.444          36.870    36.870       
1.750    149.093  81.574   28.256       20.556       20.556          35.538    35.538       
1.833    146.337  82.677   32.946       17.526       17.526          18.435    18.435       
1.917    143.857  83.228   31.806       8.973        8.973           8.746     8.746        
2.000    141.101  83.503   28.878       13.241       13.241          4.764     4.764        
2.083    139.172  84.330   23.675       12.095       12.095          14.036    14.036       
2.167    137.243  84.330   26.456       0.000        0.000           12.529    12.529       
2.250    134.763  84.330   26.457       0.000        0.000           5.711     5.711        
2.333    132.834  84.330   18.487       -10.305      10.305          0.000     0.000        
2.417    131.731  83.779   7.395        -26.565      26.565          -8.746    8.746        
2.500    131.731  83.779   1.654        0.000        0.000           -8.130    8.130        
2.583    131.456  83.779   1.654        0.000        0.000           -11.310   11.310       
2.667    131.456  83.779   0.000        0.000        0.000           -12.095   12.095                                 2     0.250      
2.750    131.456  83.779   0.000        0.000        0.000           -14.931   14.931       
2.833    131.456  83.779   0.000        0.000        0.000           -18.435   18.435       
2.917    131.456  83.779   1.654        180.000      180.000         -8.130    8.130        
3.000    131.731  83.779   3.307        180.000      180.000         -8.746    8.746        
3.083    132.007  83.779   1.654        180.000      180.000         -9.462    9.462        
3.167    132.007  83.779   0.000        0.000        0.000           -9.462    9.462                                  3     0.083      
3.250    132.007  83.779   7.395        -116.565     116.565         -9.462    9.462        1     
3.333    132.558  82.677   8.431        -101.310     101.310         -30.964   30.964       
3.417    132.282  82.401   16.285       -66.038      66.038          -48.814   48.814       
3.500    131.456  80.196   27.371       -64.983      64.983          -56.310   56.310       
3.583    130.353  78.267   25.882       -63.435      63.435          -59.036   59.036       
3.667    129.527  76.338   23.848       -56.310      56.310          -52.125   52.125       
3.750    128.149  74.960   22.184       -63.435      63.435          -57.995   57.995       
3.833    127.873  73.031   28.544       -79.992      79.992          -57.995   57.995       
3.917    127.322  70.275   24.582       -70.346      70.346          -74.745   74.745       
4.000    126.495  69.173   22.490       -53.973      53.973          6.340     6.340        
4.083    125.117  67.244   26.918       -47.490      47.490          -60.945   60.945       
4.167    123.464  65.866   25.829       -50.194      50.194          -53.130   53.130       
4.250    122.361  63.937   26.918       -47.490      47.490          -45.000   45.000       
4.333    120.432  62.559   32.613       -30.466      30.466          -45.000   45.000       
4.417    117.676  61.181   38.175       -17.650      17.650          -26.565   26.565       
4.500    114.369  60.629   40.266       -19.179      19.179          -15.255   15.255       
4.583    111.338  58.976   35.618       -21.801      21.801          -18.435   18.435       
4.667    108.857  58.425   33.441       -8.531       8.531           -16.699   16.699       2     1.417    4.666      
4.750    105.826  58.149   38.031       0.000        0.000           -17.103   17.103       
4.833    102.519  58.425   38.067       2.490        2.490           0.000     0.000        
4.917    99.487   58.425   39.685       0.000        0.000           0.000     0.000        
5.000    95.905   58.425   38.175       4.970        4.970           -4.086    4.086        
5.083    93.149   58.976   37.305       12.804       12.804          0.000     0.000        
5.167    89.842   59.803   34.088       14.036       14.036          16.699    16.699       
5.250    87.637   60.354   26.456       0.000        0.000           6.340     6.340        
5.333    85.432   59.803   21.496       -22.620      22.620          -5.194    5.194        
5.417    84.330   58.976   8.268        -36.870      36.870          -17.103   17.103       
5.500    84.330   58.976   5.229        18.435       18.435          -17.103   17.103       
5.583    83.503   59.252   5.229        18.435       18.435          -7.125    7.125        
5.667    83.503   59.252   0.000        0.000        0.000           -7.125    7.125                                  4     0.083      
5.750    83.503   59.252   20.916       -18.435      18.435          0.000     0.000        3     1.083    1.249      
5.833    80.196   58.149   34.088       -14.036      14.036          -10.305   10.305       
5.917    77.992   57.874   39.822       -4.764       4.764           -5.711    5.711        
6.000    73.582   57.598   42.928       -15.642      15.642          0.000     0.000        
6.083    71.102   55.944   39.304       -14.621      14.621          -14.036   14.036       4     0.333    0.464      
6.167    67.244   55.944   39.685       0.000        0.000           10.305    10.305       
6.250    64.488   55.944   36.528       5.194        5.194           12.529    12.529       
6.333    61.181   56.496   37.305       12.804       12.804          23.962    23.962       
6.417    58.425   57.322   40.266       19.179       19.179          14.036    14.036       
6.500    54.842   58.700   32.946       17.526       17.526          21.038    21.038       
6.583    53.189   58.976   14.973       -6.340       6.340           21.801    21.801       
6.667    52.362   58.425   31.374       -18.435      18.435          0.000     0.000        
6.750    48.228   57.322   39.304       -14.621      14.621          -11.310   11.310       
6.833    46.023   56.771   36.415       -2.603       2.603           0.000     0.000        
6.917    42.165   57.047   42.157       11.310       11.310          10.305    10.305       
7.000    39.134   58.149   38.175       17.650       17.650          20.556    20.556       
7.083    36.102   58.976   37.706       37.875       37.875          12.529    12.529       
7.167    34.173   62.007   28.159       49.764       49.764          60.255    60.255       
7.250    33.071   62.559   16.535       0.000        0.000           21.801    21.801       
7.333    31.417   62.007   17.886       -33.690      33.690          0.000     0.000        
7.417    30.590   60.905   31.374       -18.435      18.435          -16.699   16.699       
7.500    26.456   60.354   23.208       4.086        4.086           0.000     0.000        
7.583    26.732   61.181   15.599       57.995       57.995          20.556    20.556       
7.667    25.079   62.559   37.159       32.276       32.276          35.538    35.538       
