time     x        y        groundspeed  track angle  AV track angle  BA angle  AV BA angle  turn  tempo  amplitude  stop  stop time  
0.000    142.204  70.275   21.496                                    9.462     9.462        
0.083    142.479  71.377   6.818        75.964       75.964          41.634    41.634       
0.167    141.928  71.377   10.458       -18.435      18.435          41.186    41.186       
0.250    140.826  70.826   6.614        0.000        0.000           8.130     8.130        
0.333    140.826  71.377   6.818        75.964       75.964          21.801    21.801       
0.417    140.550  71.929   5.962        33.690       33.690          21.801    21.801       
0.500    139.999  71.929   3.697        -26.565      26.565          29.055    29.055       
0.583    139.999  71.653   8.431        11.310       11.310          16.699    16.699       
0.667    138.621  72.204   8.905        21.801       21.801          21.038    21.038       
0.750    138.621  72.204   0.000        0.000        0.000           21.038    21.038                                 1     0.083      
0.833    138.621  72.204   3.307        0.000        0.000           21.038    21.038       
0.917    138.070  72.204   8.904        -21.802      21.802          18.435    18.435       
1.000    137.243  71.653   6.818        -14.036      14.036          12.995    12.995       
1.083    136.967  71.929   2.338        45.000       45.000          15.945    15.945       
1.167    136.967  71.929   0.000        0.000        0.000           15.945    15.945                                 2     0.167      
1.250    136.967  71.929   0.000        0.000        0.000           15.945    15.945       
1.333    136.967  71.929   12.038       -15.945      15.945          15.945    15.945       
1.417    135.038  71.377   20.719       -28.610      28.610          8.746     8.746        
1.500    133.936  70.275   17.886       -33.690      33.690          -4.086    4.086        
1.583    132.558  69.724   16.535       -36.870      36.870          -12.995   12.995       
1.667    131.731  68.622   8.268        -53.130      53.130          -24.775   24.775       
1.750    131.731  68.622   0.000        0.000        0.000           -24.775   24.775                                 3     0.167      
1.833    131.731  68.622   0.000        0.000        0.000           -24.775   24.775       
1.917    131.731  68.622   10.458       -18.435      18.435          -24.775   24.775       
2.000    130.078  68.070   12.593       -23.199      23.199          -17.103   17.103       
2.083    129.802  67.795   4.961        0.000        0.000           -26.565   26.565       
2.167    129.251  68.070   8.905        21.801       21.801          0.000     0.000        
2.250    128.424  68.346   11.692       8.130        8.130           4.399     4.399        
2.333    127.322  68.346   13.331       7.125        7.125           5.194     5.194        
2.417    126.219  68.622   13.331       7.125        7.125           11.310    11.310       
2.500    125.117  68.622   11.575       0.000        0.000           4.399     4.399        
2.583    124.290  68.622   13.331       7.125        7.125           11.310    11.310       
2.667    122.912  68.897   13.331       7.125        7.125           5.710     5.710        
2.750    122.086  68.897   13.331       7.125        7.125           5.194     5.194        
2.833    120.708  69.173   14.128       20.556       20.556          9.462     9.462        
2.917    119.881  69.724   13.228       0.000        0.000           23.962    23.962       
3.000    118.503  69.173   12.038       -15.945      15.945          5.194     5.194        
3.083    117.952  69.173   16.618       5.711        5.711           -5.194    5.194        
3.167    115.747  69.448   21.559       4.399        4.399           8.130     8.130        
3.250    114.369  69.448   12.038       -15.945      15.945          6.710     6.710        
3.333    113.818  68.897   13.635       -14.036      14.036          0.000     0.000        
3.417    112.164  68.897   17.263       -16.699      16.699          -4.086    4.086        
3.500    111.062  68.070   13.635       -14.036      14.036          -15.945   15.945       
3.583    109.960  68.346   12.593       -23.199      23.199          -8.746    8.746        
3.667    109.133  67.244   16.535       -36.870      36.870          -22.620   22.620       
3.750    107.755  66.692   13.635       -14.036      14.036          -24.775   24.775       
3.833    106.928  66.692   13.228       0.000        0.000           -16.699   16.699       
3.917    105.550  66.692   14.882       0.000        0.000           -5.711    5.711        
4.000    104.448  66.692   18.487       10.305       10.305          -5.711    5.711        
4.083    102.519  67.244   18.487       10.305       10.305          4.399     4.399        
4.167    101.417  67.244   16.863       11.310       11.310          0.000     0.000        
4.250    99.763   67.795   17.809       21.801       21.801          0.000     0.000        
4.333    98.661   68.346   13.635       14.036       14.036          21.038    21.038       
4.417    97.558   68.346   13.228       0.000        0.000           10.305    10.305       
4.500    96.456   68.346   14.882       0.000        0.000           0.000     0.000        
4.583    95.078   68.346   16.285       -23.962      23.962          10.305    10.305       
4.667    93.976   67.244   22.490       -17.103      17.103          -4.764    4.764        
4.750    91.495   67.244   21.559       -32.471      32.471          -4.086    4.086        
4.833    90.944   65.314   17.577       -41.186      41.186          -24.775   24.775       
4.917    89.291   65.314   16.618       -5.710       5.710           -19.654   19.654       
5.000    88.188   65.039   11.092       -26.565      26.565          -12.995   12.995       
5.083    87.637   64.488   15.599       -32.005      32.005          -14.036   14.036       
5.167    85.984   63.661   18.853       -15.255      15.255          -21.038   21.038       
5.250    84.606   63.661   14.973       6.340        6.340           -14.036   14.036       
5.333    83.503   63.937   14.973       6.340        6.340           18.435    18.435       
5.417    82.125   63.937   15.245       -12.529      12.529          5.711     5.711        
5.500    81.023   63.385   18.853       -15.255      15.255          0.000     0.000        
5.583    79.094   63.110   16.535       0.000        0.000           -10.305   10.305       
5.667    78.267   63.385   9.921        0.000        0.000           0.000     0.000        
5.750    77.440   63.110   12.593       -23.198      23.198          0.000     0.000        
5.833    76.338   62.559   16.285       -23.962      23.962          -4.764    4.764        
5.917    74.960   62.007   23.384       -8.130       8.130           -14.036   14.036       
6.000    72.480   62.007   23.675       12.095       12.095          -4.399    4.399        
6.083    71.102   62.834   19.980       24.444       24.444          10.305    10.305       
6.167    69.448   63.385   20.916       18.435       18.435          21.801    21.801       
6.250    67.795   63.937   18.487       26.565       26.565          21.801    21.801       
6.333    66.692   64.763   17.024       29.054       29.054          35.538    35.538       
6.417    65.314   65.314   18.853       52.125       52.125          35.538    35.538       
6.500    64.763   67.244   23.848       33.690       33.690          53.130    53.130       
6.583    62.007   67.519   24.582       19.654       19.654          23.963    23.963       
6.667    60.905   68.622   24.803       36.870       36.870          40.601    40.601       
6.750    58.700   69.999   33.071       36.870       36.870          36.870    36.870       
6.833    56.496   71.929   30.757       53.746       53.746          36.870    36.870       
6.917    55.669   74.133   25.829       39.806       39.806          57.995    57.995       
7.000    53.189   74.684   19.911       -4.764       4.764           26.565    26.565       1     
7.083    52.362   73.858   16.535       -36.870      36.870          8.746     8.746        
7.167    50.984   73.031   26.145       -34.695      34.695          -10.305   10.305       
7.250    48.779   71.377   24.803       -36.870      36.870          -26.565   26.565       
7.333    47.677   70.551   17.024       -29.055      29.055          -24.775   24.775       
7.417    46.299   69.999   20.916       -18.435      18.435          -24.444   24.444       
7.500    44.370   69.448   26.456       0.000        0.000           -12.995   12.995       
7.583    41.889   69.999   32.106       11.889       11.889          -15.255   15.255       
7.667    39.134   70.551   28.304       6.710        6.710           9.462     9.462        
7.750    37.204   70.551   12.038       -15.945      15.945          5.711     5.711        
7.833    37.204   69.999   12.593       -23.199      23.199          -18.435   18.435       
7.917    35.275   69.724   24.581       -19.654      19.654          -11.310   11.310       
8.000    33.346   68.622   14.973       -6.340       6.340           -18.435   18.435       
8.083    32.795   69.448   15.245       -12.529      12.529          7.125     7.125        
8.167    30.866   68.070   21.046       -45.000      45.000          -14.036   14.036       
8.250    30.315   66.968   17.577       -41.186      41.186          -23.963   23.963       
8.333    28.661   66.141   18.853       -15.255      15.255          -21.801   21.801       
8.417    27.283   66.141   14.790       26.565       26.565          -9.462    9.462        
8.500    26.456   67.244   0.000        0.000        0.000           26.565    26.565                                 4     0.250      
8.583    0.000    0.000    0.000        0.000        0.000           0.000     0.000        2     1.583    37.410     
8.667    0.000    0.000    0.000        0.000        0.000           0.000     0.000        
8.750    0.000    0.000    0.000        0.000        0.000           0.000     0.000        
