time     x        y        groundspeed  track angle  AV track angle  BA angle  AV BA angle  turn  tempo  amplitude  stop  stop time  
0.000    144.408  63.661   12.038                                    -33.690   33.690       
0.083    144.408  62.834   8.905        -68.199      68.199          -41.634   41.634       
0.167    143.857  62.283   7.395        -63.435      63.435          -36.027   36.027       
0.250    143.857  61.732   8.431        -78.690      78.690          -59.036   59.036       
0.333    143.582  60.905   6.818        -75.964      75.964          -53.973   53.973       
0.417    143.582  60.629   1.654        -90.000      90.000          -56.310   56.310       
0.500    143.582  60.629   0.000        0.000        0.000           -56.310   56.310                                 1     1.000      
0.583    143.582  60.629   0.000        0.000        0.000           -56.310   56.310       
0.667    143.582  60.629   0.000        0.000        0.000           -56.310   56.310       
0.750    143.582  60.629   0.000        0.000        0.000           -56.310   56.310       
0.833    143.582  60.629   0.000        0.000        0.000           -56.310   56.310       
0.917    143.582  60.629   0.000        0.000        0.000           -56.310   56.310       
1.000    143.582  60.629   0.000        0.000        0.000           -56.310   56.310       
1.083    143.582  60.629   0.000        0.000        0.000           -56.310   56.310       
1.167    143.582  60.629   0.000        0.000        0.000           -56.310   56.310       
1.250    143.582  60.629   0.000        0.000        0.000           -56.310   56.310       
1.333    143.582  60.629   0.000        0.000        0.000           -56.310   56.310       
1.417    143.582  60.629   0.000        0.000        0.000           -56.310   56.310       
1.500    143.582  60.629   8.268        36.870       36.870          -56.310   56.310       
1.583    142.479  61.456   14.790       26.565       26.565          -36.870   36.870       
1.667    141.377  61.732   16.535       36.870       36.870          -7.595    7.595        
1.750    140.274  63.110   14.790       26.565       26.565          7.595     7.595        
1.833    139.172  62.834   8.905        21.801       21.801          3.814     3.814        
1.917    138.897  63.661   9.354        45.000       45.000          14.036    14.036       
2.000    138.070  63.937   12.038       15.946       15.946          17.103    17.103       
2.083    136.967  64.212   8.904        21.802       21.802          17.103    17.103       
2.167    136.692  64.488   11.092       26.565       26.565          19.654    19.654       
2.250    135.314  65.039   11.692       8.130        8.130           24.444    24.444       
2.333    134.763  64.763   11.092       26.565       26.565          8.746     8.746        
2.417    133.660  65.866   16.369       45.000       45.000          17.103    17.103       
2.500    132.834  66.692   11.692       81.870       81.870          17.103    17.103       
2.583    133.385  67.795   13.228       90.000       90.000          41.634    41.634       
2.667    132.834  68.897   11.092       63.435       63.435          53.973    53.973       
2.750    132.558  69.448   10.058       80.538       80.538          48.366    48.366       
2.833    132.558  70.551   6.614        90.000       90.000          63.435    63.435       
2.917    132.558  70.551   0.000        0.000        0.000           63.435    63.435                                 2     1.000      
3.000    132.558  70.551   0.000        0.000        0.000           63.435    63.435       
3.083    132.558  70.551   0.000        0.000        0.000           63.435    63.435       
3.167    132.558  70.551   0.000        0.000        0.000           63.435    63.435       
3.250    132.558  70.551   0.000        0.000        0.000           63.435    63.435       
3.333    132.558  70.551   0.000        0.000        0.000           63.435    63.435       
3.417    132.558  70.551   0.000        0.000        0.000           63.435    63.435       
3.500    132.558  70.551   0.000        0.000        0.000           63.435    63.435       
3.583    132.558  70.551   0.000        0.000        0.000           63.435    63.435       
3.667    132.558  70.551   0.000        0.000        0.000           63.435    63.435       
3.750    132.558  70.551   0.000        0.000        0.000           63.435    63.435       
3.833    132.558  70.551   0.000        0.000        0.000           63.435    63.435       
3.917    132.558  70.551   11.692       8.130        8.130           63.435    63.435       
4.000    130.629  70.826   18.189       0.000        0.000           23.962    23.962       
4.083    129.527  70.551   17.809       -21.802      21.802          5.194     5.194        
4.167    127.873  69.724   20.453       -14.036      14.036          -12.529   12.529       
4.250    126.219  69.724   16.285       -23.962      23.962          0.000     0.000        
4.333    125.393  68.622   17.886       -33.690      33.690          -16.699   16.699       
4.417    123.739  68.070   16.863       -11.310      11.310          -18.435   18.435       
4.500    122.637  68.070   16.863       11.310       11.310          -5.194    5.194        
4.583    120.983  68.622   20.116       9.462        9.462           0.000     0.000        
4.667    119.330  68.622   16.618       5.710        5.710           4.764     4.764        
4.750    118.227  68.897   24.581       19.654       19.654          8.746     8.746        
4.833    115.472  69.999   25.670       14.931       14.931          15.945    15.945       
4.917    114.094  69.999   20.453       14.036       14.036          15.945    15.945       
5.000    112.164  70.826   25.294       11.310       11.310          28.611    28.611       
5.083    109.960  70.826   24.803       0.000        0.000           10.305    10.305       
5.167    108.031  70.826   24.076       -15.945      15.945          15.255    15.255       
5.250    106.102  69.724   22.490       -17.103      17.103          -10.305   10.305       
5.333    104.448  69.724   28.110       0.000        0.000           -5.194    5.194        
5.417    101.417  69.724   36.974       -10.305      10.305          0.000     0.000        
5.500    98.385   68.622   28.159       -3.366       3.366           -17.103   17.103       
5.583    96.732   69.448   21.749       8.746        8.746           0.000     0.000        
5.667    94.802   69.173   29.947       6.340        6.340           6.340     6.340        
5.750    91.771   69.999   29.947       6.340        6.340           14.036    14.036       
5.833    89.842   69.724   33.726       11.310       11.310          5.194     5.194        
5.917    86.259   71.102   34.088       14.036       14.036          24.444    24.444       
6.000    84.330   71.102   19.842       0.000        0.000           12.995    12.995       
6.083    82.952   71.102   36.528       -5.194       5.194           5.711     5.711        1     
6.167    78.267   70.551   47.609       -20.323      20.323          -11.310   11.310       
6.250    75.511   68.346   37.158       -32.276      32.276          -30.964   30.964       
6.333    73.031   67.244   25.240       -31.608      31.608          -28.610   28.610       
6.417    71.929   66.141   24.803       -53.130      53.130          -37.875   37.875       
6.500    70.551   63.937   25.240       -58.392      58.392          -53.130   53.130       
6.583    69.724   62.559   21.046       -45.000      45.000          -53.130   53.130       
6.667    68.070   61.456   28.110       -28.072      28.072          -40.601   40.601       
6.750    65.590   60.354   30.400       -22.380      22.380          -26.565   26.565       
6.833    63.385   59.527   38.353       -7.431       7.431           -20.556   20.556       2     0.750    4.103      
6.917    59.252   59.527   41.864       9.090        9.090           -11.310   11.310       
7.000    56.496   60.629   38.919       12.265       12.265          0.000     0.000        
7.083    52.913   60.905   35.695       13.392       13.392          -5.194    5.194        
7.167    50.708   62.007   26.662       29.745       29.745          12.529    12.529       
7.250    49.055   63.110   41.338       36.870       36.870          20.556    20.556       
7.333    45.196   66.141   46.769       45.000       45.000          30.256    30.256       
7.417    43.543   68.622   31.374       71.565       71.565          45.000    45.000       
7.500    43.543   71.102   33.928       46.975       46.975          77.471    77.471       
7.583    39.685   72.755   42.896       27.553       27.553          26.565    26.565       
7.667    37.204   74.409   36.415       2.603        2.603           45.000    45.000       3     0.833    6.912      
7.750    33.622   73.031   43.935       -19.799      19.799          0.000     0.000        
7.833    30.315   71.929   43.403       -17.745      17.745          -21.801   21.801       
7.917    26.732   70.826   39.822       -41.634      41.634          5.711     5.711        
8.000    25.354   67.519   0.000        0.000        0.000           -37.875   37.875                                 3     0.583      
8.083    0.000    0.000    0.000        0.000        0.000           0.000     0.000        4     0.417    30.384     
8.167    0.000    0.000    0.000        0.000        0.000           0.000     0.000        
8.250    0.000    0.000    0.000        0.000        0.000           0.000     0.000        
8.333    0.000    0.000    0.000        0.000        0.000           0.000     0.000        
8.417    0.000    0.000    0.000        0.000        0.000           0.000     0.000        
8.500    0.000    0.000    0.000        0.000        0.000           0.000     0.000        
8.583    0.000    0.000    0.000        0.000        0.000           0.000     0.000        
