time     x        y        groundspeed  track angle  AV track angle  BA angle  AV BA angle  turn  tempo  amplitude  stop  stop time  
0.000    143.402  60.251   30.558                                    -39.289   39.289       
0.083    141.767  60.251   12.776       -39.806      39.806          -23.199   23.199       
0.167    141.767  58.888   10.346       -71.565      71.565          -48.367   48.367       
0.250    141.221  58.615   9.538        -59.036      59.036          -45.000   45.000       
0.333    140.949  57.525   14.631       -63.435      63.435          -59.036   59.036       
0.417    140.131  56.434   18.651       -52.125      52.125          -60.945   60.945       
0.500    139.040  55.071   18.651       -52.125      52.125          -55.008   55.008       
0.583    138.222  53.980   20.820       -45.000      45.000          -55.008   55.008       
0.667    136.587  52.617   21.328       -32.471      32.471          -51.340   51.340       
0.750    135.224  52.072   12.776       -50.195      50.195          -37.875   37.875       
0.833    135.224  50.981   16.358       -53.130      53.130          -57.529   57.529       
0.917    133.588  49.891   23.249       -39.289      39.289          -38.660   38.660       
1.000    132.225  48.528   17.388       -48.814      48.814          -41.633   41.633       
1.083    131.679  47.710   24.536       -53.130      53.130          -53.130   53.130       
1.167    129.771  45.256   30.162       -49.399      49.399          -52.125   52.125       
1.250    128.408  43.893   15.432       -57.995      57.995          -48.013   48.013       
1.333    128.408  43.075   13.489       -75.964      75.964          -56.310   56.310       
1.417    127.863  41.712   19.076       -59.036      59.036          -73.301   73.301       
1.500    126.772  40.349   22.007       -41.987      41.987          -55.008   55.008       
1.583    125.136  39.258   19.900       -9.462       9.462           -47.726   47.726       
1.667    123.501  39.804   11.909       -15.945      15.945          -26.565   26.565       
1.750    123.228  38.713   9.253        -45.000      45.000          -33.690   33.690       
1.833    122.410  38.713   6.940        -45.000      45.000          -26.565   26.565       
1.917    122.410  37.895   4.907        -90.000      90.000          -48.013   48.013       
2.000    122.410  37.895   0.000        0.000        0.000           -48.013   48.013                                 1     0.083      
2.083    122.410  37.895   9.538        -30.964      30.964          -48.013   48.013       
2.167    121.047  37.077   12.776       -39.806      39.806          -41.987   41.987       
2.250    120.774  36.532   16.682       -101.310     101.310         -38.660   38.660       
2.333    121.592  34.351   22.249       -107.103     107.103         -72.897   72.897       
2.417    121.865  32.988   16.358       -90.000      90.000          -102.995  102.995      
2.500    121.592  31.625   9.950        -80.538      80.538          -94.399   94.399       
2.583    121.592  31.352   1.636        -90.000      90.000          -98.746   98.746       
2.667    121.592  31.352   5.173        -161.565     161.565         -111.038  111.038      
2.750    122.410  31.080   5.173        -161.565     161.565         -114.775  114.775      
2.833    122.410  31.080   0.000        0.000        0.000           -114.775  114.775                                2     0.250      
2.917    122.410  31.080   0.000        0.000        0.000           -114.775  114.775      
3.000    122.410  31.080   0.000        0.000        0.000           -114.775  114.775      
3.083    122.410  31.080   7.315        26.565       26.565          -114.775  114.775      
3.167    121.320  31.625   8.809        68.199       68.199          -94.764   94.764       
3.250    121.865  32.443   3.658        63.435       63.435          -106.699  106.699      
3.333    121.047  32.170   7.315        -63.435      63.435          -74.745   74.745       
3.417    121.320  31.352   5.173        -108.435     108.435         -81.870   81.870       
3.500    121.320  31.352   0.000        0.000        0.000           -81.870   81.870                                 3     0.083      
3.583    121.320  31.352   10.346       71.565       71.565          -81.870   81.870       
3.667    120.774  32.988   24.317       47.726       47.726          -41.987   41.987       
3.750    118.593  34.351   15.432       32.005       32.005          -14.036   14.036       
3.833    118.593  34.351   7.315        63.435       63.435          -7.595    7.595        
3.917    118.048  35.442   0.000        0.000        0.000           14.931    14.931                                 4     0.583      
4.000    0.000    0.000    0.000        0.000        0.000           0.000     0.000        
4.083    0.000    0.000    0.000        0.000        0.000           0.000     0.000        
4.167    0.000    0.000    0.000        0.000        0.000           0.000     0.000        
4.250    0.000    0.000    0.000        0.000        0.000           0.000     0.000        
4.333    0.000    0.000    0.000        0.000        0.000           0.000     0.000        1     
4.417    109.051  38.713   0.000        0.000        0.000           21.801    21.801       
4.500    107.143  38.986   21.328       4.399        4.399           10.305    10.305       2     0.167    20.111     
4.583    105.507  38.986   10.345       -18.435      18.435          5.194     5.194        
4.667    105.507  38.441   3.658        -63.435      63.435          -5.194    5.194        
4.750    105.234  38.441   1.636        0.000        0.000           -4.764    4.764        
4.833    105.234  38.441   0.000        0.000        0.000           -4.764    4.764                                  5     0.417      
4.917    105.234  38.441   0.000        0.000        0.000           -4.764    4.764        
5.000    105.234  38.441   0.000        0.000        0.000           -4.764    4.764        
5.083    105.234  38.441   0.000        0.000        0.000           -4.764    4.764        
5.167    105.234  38.441   0.000        0.000        0.000           -4.764    4.764        
5.250    105.234  38.441   8.809        -68.199      68.199          -4.764    4.764        
5.333    104.689  37.077   17.388       -48.814      48.814          -22.620   22.620       
5.417    103.326  36.260   17.618       -21.801      21.801          -41.633   41.633       
5.500    101.963  35.987   21.824       -12.995      12.995          -26.565   26.565       
5.583    99.782   35.442   20.496       -28.610      28.610          -22.620   22.620       
5.667    98.964   34.351   19.967       -34.992      34.992          -33.690   33.690       
5.750    97.056   33.533   11.909       -15.945      15.945          -45.000   45.000       
5.833    97.056   33.806   1.636        90.000       90.000          -24.444   24.444       
5.917    97.056   33.806   0.000        0.000        0.000           -24.444   24.444                                 6     0.167      
6.000    97.056   33.806   0.000        0.000        0.000           -24.444   24.444       
6.083    97.056   33.806   18.651       105.255      105.255         -24.444   24.444       3     1.583    4.044      
6.167    97.873   36.805   28.986       106.390      106.390         34.992    34.992       
6.250    98.419   38.441   23.421       114.775      114.775         63.435    63.435       
6.333    99.509   40.349   19.900       80.538       80.538          78.690    78.690       
6.417    97.873   41.712   25.552       50.194       50.194          75.964    75.964       
6.500    96.783   43.620   24.537       53.130       53.130          59.036    59.036       
6.583    95.420   44.984   19.697       41.634       41.634          41.186    41.186       
6.667    94.329   45.802   19.076       30.964       30.964          34.992    34.992       
6.750    92.694   46.619   23.249       39.289       39.289          30.256    30.256       
6.833    91.330   48.255   26.829       52.431       52.431          41.634    41.634       
6.917    89.967   50.164   19.076       59.036       59.036          45.000    45.000       
7.000    89.695   50.981   9.538        30.964       30.964          41.634    41.634       
7.083    88.604   50.981   16.439       -5.711       5.711           26.565    26.565       
7.167    86.968   50.709   22.901       0.000        0.000           -5.194    5.194        
7.250    84.787   50.981   24.537       0.000        0.000           11.310    11.310       
7.333    82.879   50.709   32.715       0.000        0.000           -7.125    7.125        
7.417    79.335   50.981   29.625       6.340        6.340           -5.711    5.711        
7.500    77.972   51.254   11.567       -8.130       8.130           0.000     0.000        
7.583    77.426   50.709   13.188       -29.745      29.745          -10.305   10.305       
7.667    76.063   50.164   13.188       -7.125       7.125           -12.095   12.095       
7.750    75.245   50.436   15.081       12.529       12.529          -5.711    5.711        
7.833    73.610   50.709   24.152       28.301       28.301          0.000     0.000        
7.917    71.701   52.345   27.225       32.735       32.735          30.964    30.964       
8.000    69.793   53.162   23.421       24.775       24.775          29.055    29.055       
8.083    68.157   53.980   17.618       21.801       21.801          26.565    26.565       
8.167    67.067   54.253   26.223       3.576        3.576           10.305    10.305       
8.250    63.795   54.253   34.390       -2.726       2.726           5.194     5.194        
8.333    61.341   53.980   31.761       11.889       11.889          0.000     0.000        
8.417    58.615   55.344   27.225       32.735       32.735          24.775    24.775       
8.500    57.525   56.434   13.188       29.745       29.745          28.610    28.610       
8.583    56.707   56.434   5.898        33.690       33.690          19.983    19.983       
8.667    56.707   56.979   8.179        53.130       53.130          28.610    28.610       
8.750    55.889   57.525   19.697       4.764        4.764           30.964    30.964       
8.833    53.435   57.252   27.808       0.000        0.000           9.462     9.462        
8.917    51.254   57.525   26.376       7.125        7.125           10.305    10.305       
9.000    49.073   57.797   22.901       0.000        0.000           9.462     9.462        
9.083    47.437   57.525   19.629       0.000        0.000           4.399     4.399        
9.167    45.802   57.797   19.697       4.764        4.764           8.746     8.746        
9.250    44.166   57.797   18.288       10.305       10.305          -7.595    7.595        
9.333    42.803   58.342   17.078       16.699       16.699          12.995    12.995       
9.417    41.439   58.615   31.465       8.973        8.973           21.037    21.037       
9.500    37.623   59.160   33.722       14.036       14.036          18.435    18.435       
9.583    35.987   59.978   23.421       12.095       12.095          9.462     9.462        
9.667    33.806   59.978   21.265       22.620       22.620          9.462     9.462        
9.750    32.715   61.341   24.915       23.199       23.199          30.964    30.964       
9.833    29.989   61.614   26.628       10.620       10.620          23.962    23.962       
9.917    28.353   62.159   16.358       0.000        0.000           12.529    12.529       4     3.833    11.455     
10.000   27.263   61.614   16.358       -53.130      53.130          4.399     4.399        
