time     x        y        groundspeed  track angle  AV track angle  BA angle  AV BA angle  turn  tempo  amplitude  stop  stop time  
0.000    143.022  63.933   3.697                                     -22.620   22.620       
0.083    142.471  63.382   15.244       -40.601      40.601          -34.992   34.992       
0.167    141.093  62.280   15.244       -40.601      40.601          -26.565   26.565       
0.250    140.542  61.728   11.923       -56.310      56.310          -34.695   34.695       
0.333    139.991  60.626   8.267        -36.870      36.870          -36.870   36.870       
0.417    139.440  60.902   3.697        26.565       26.565          -31.607   31.607       
0.500    139.440  60.902   8.431        -11.310      11.310          -31.607   31.607       
0.583    138.062  60.626   11.092       -26.565      26.565          -21.037   21.037       
0.667    137.787  60.075   16.284       -23.963      23.963          -34.992   34.992       
0.750    135.582  59.524   23.030       -21.038      21.038          -24.444   24.444       
0.833    134.204  58.697   23.030       -21.038      21.038          -26.565   26.565       
0.917    132.000  58.146   19.910       -4.764       4.764           -23.199   23.199       
1.000    130.897  58.422   21.495       0.000        0.000           -12.995   12.995       
1.083    128.417  58.146   25.021       -7.595       7.595           -4.399    4.399        
1.167    126.764  57.870   25.184       -23.199      23.199          -4.764    4.764        
1.250    124.559  56.493   28.254       -20.556      20.556          -10.305   10.305       
1.333    122.355  56.217   32.104       -11.889      11.889          -4.399    4.399        
1.417    119.323  55.390   28.254       -20.556      20.556          -3.814    3.814        
1.500    117.945  54.563   18.486       -10.305      10.305          -11.310   11.310       
1.583    116.292  54.839   21.558       -4.399       4.399           -3.366    3.366        
1.667    114.363  54.288   17.885       -33.690      33.690          0.000     0.000        
1.750    113.812  53.186   7.394        -63.435      63.435          -12.995   12.995       
1.833    113.812  53.186   0.000        0.000        0.000           -12.995   12.995                                 1     0.167      
1.917    113.812  53.186   0.000        0.000        0.000           -12.995   12.995       
2.000    113.812  53.186   8.904        68.199       68.199          -12.995   12.995       1     
2.083    113.261  54.563   17.808       68.199       68.199          3.814     3.814        
2.167    112.709  55.941   19.910       41.634       41.634          22.620    22.620       
2.250    110.780  56.768   21.174       38.660       38.660          24.444    24.444       
2.333    109.954  58.146   25.239       31.608       31.608          35.538    35.538       
2.417    107.198  58.973   31.065       25.201       25.201          20.556    20.556       
2.500    105.269  60.351   29.578       26.565       26.565          33.690    33.690       
2.583    102.789  61.177   30.353       29.358       29.358          32.005    32.005       
2.667    100.860  62.831   26.916       42.510       42.510          36.870    36.870       
2.750    99.482   64.209   22.245       41.987       41.987          41.186    41.186       
2.833    98.104   65.311   10.587       38.660       38.660          48.013    48.013       
2.917    98.104   65.311   0.000        0.000        0.000           48.013    48.013                                 2     0.167      
3.000    98.104   65.311   0.000        0.000        0.000           48.013    48.013       
3.083    98.104   65.311   7.394        116.565      116.565         48.013    48.013       
3.167    98.655   66.413   21.748       98.746       98.746          68.199    68.199       
3.250    98.655   68.893   31.459       93.013       93.013          71.565    71.565       
3.333    98.931   71.649   33.439       81.469       81.469          85.236    85.236       
3.417    97.828   74.405   33.480       69.775       69.775          77.905    77.905       
3.500    97.002   76.885   25.293       78.690       78.690          77.005    77.005       
3.583    97.002   78.538   21.558       85.601       85.601          80.538    80.538       
3.667    96.726   80.467   25.668       104.931      104.931         77.905    77.905       
3.750    98.104   82.672   27.519       122.735      122.735         105.255   105.255      
3.833    99.206   84.325   26.916       132.510      132.510         112.620   112.620      
3.917    101.135  85.979   22.970       149.744      149.744         128.660   128.660      
4.000    102.513  86.254   12.037       164.055      164.055         138.367   138.367      
4.083    103.064  86.530   3.697        153.435      153.435         138.366   138.366      
4.167    103.064  86.530   8.904        -158.198     158.198         138.366   138.366      
4.250    104.442  85.979   8.267        180.000      180.000         168.690   168.690      
4.333    104.442  86.530   8.431        78.690       78.690          143.130   143.130      
4.417    104.167  87.357   12.914       39.806       39.806          119.054   119.054      
4.500    102.789  87.908   12.037       15.945       15.945          90.000    90.000       2     2.500    32.177     
4.583    102.238  87.908   8.431        -11.310      11.310          77.471    77.471       
4.667    101.411  87.632   18.852       -52.125      52.125          49.399    49.399       
4.750    100.309  85.428   25.828       -50.195      50.195          -5.711    5.711        
4.833    98.655   84.325   32.736       -45.000      45.000          -26.565   26.565       
4.917    96.451   81.570   39.441       -56.976      56.976          -50.711   50.711       
5.000    95.073   78.814   32.611       -59.534      59.534          -63.435   63.435       
5.083    93.695   76.885   37.156       -57.724      57.724          -65.556   65.556       
5.167    91.766   73.578   38.173       -72.350      72.350          -63.435   63.435       
5.250    91.766   70.822   34.525       -73.301      73.301          -99.462   99.462       
5.333    90.112   68.067   37.740       -61.189      61.189          -80.538   80.538       
5.417    88.735   65.311   25.293       -78.690      78.690          -85.601   85.601       
5.500    89.286   63.933   19.910       -85.236      85.236          -98.130   98.130       
5.583    88.459   62.004   22.970       -59.744      59.744          -85.601   85.601       
5.667    87.357   60.626   21.558       4.399        4.399           -64.983   64.983       
5.750    84.877   62.280   28.108       28.072       28.072          -14.931   14.931       
5.833    83.223   62.831   31.805       -8.973       8.973           -4.399    4.399        
5.917    79.641   61.453   40.669       -26.565      26.565          -12.529   12.529       
6.000    77.160   59.799   35.616       -21.801      21.801          -23.199   23.199       
6.083    74.129   59.248   35.036       -19.290      19.290          -24.775   24.775       
6.167    71.649   57.870   28.923       -30.964      30.964          -21.038   21.038       
6.250    69.996   56.768   34.406       -35.218      35.218          -26.565   26.565       
6.333    66.964   54.563   37.704       -52.125      52.125          -41.186   41.186       
6.417    66.138   51.808   34.762       -87.274      87.274          -74.745   74.745       
6.500    66.689   48.776   26.661       -82.875      82.875          -86.186   86.186       
6.583    65.586   47.399   23.207       -4.086       4.086           -68.962   68.962       3     2.083    39.111     
6.667    62.831   48.501   38.173       17.650       17.650          -8.130    8.130        
6.750    59.524   49.328   33.275       26.565       26.565          0.000     0.000        
6.833    57.870   50.981   29.578       26.565       26.565          28.610    28.610       
6.917    55.115   51.532   34.046       29.055       29.055          18.435    18.435       
7.000    52.910   53.737   33.069       36.870       36.870          39.289    39.289       
7.083    50.705   54.839   25.880       26.565       26.565          26.565    26.565       
7.167    49.052   55.666   23.846       33.690       33.690          28.611    28.611       
7.250    47.399   57.044   27.118       52.431       52.431          34.992    34.992       
7.333    46.296   59.248   33.069       53.130       53.130          34.695    34.695       
7.417    44.092   61.453   38.741       39.806       39.806          32.471    32.471       
7.500    41.336   63.382   38.600       43.264       43.264          38.660    38.660       
7.583    39.407   65.862   40.837       31.759       31.759          51.340    51.340       
7.667    35.549   66.964   45.732       12.529       12.529          37.875    37.875       
7.750    31.966   67.515   36.376       0.000        0.000           15.945    15.945       4     1.167    18.731     
7.833    29.486   66.964   26.507       -3.576       3.576           4.764     4.764        
7.917    27.557   67.240   21.495       22.620       22.620          5.194     5.194        
