time  x      y      z      groundspeedxy  groundspeedxz  groundspeedxyz  trackanglexy  trackanglexz  trackanglexyz  airspeedxy  airspeedxz  airspeedxyz  courseanglexy  courseanglexz  courseanglexyz  driftanglexy  driftanglexz  driftanglexyz  
0.00  -1.156 0.271  -0.311 
0.03  -1.133 0.278  -0.321 0.74           0.76           0.79            16.95         21.84         26.73          0.98        1.00        1.02         12.70          16.51          20.42           4.25          5.33          6.30           
0.07  -1.106 0.285  -0.331 0.83           0.86           0.89            14.85         20.78         24.84          1.08        1.10        1.12         11.43          16.14          19.44           3.42          4.64          5.39           
0.10  -1.082 0.294  -0.341 0.77           0.79           0.84            21.79         23.91         30.84          1.01        1.02        1.06         16.52          18.20          23.88           5.27          5.71          6.95           
0.13  -1.059 0.303  -0.352 0.74           0.76           0.80            20.95         24.61         30.84          0.98        0.99        1.03         15.70          18.59          23.67           5.25          6.02          7.17           
0.17  -1.036 0.319  -0.357 0.83           0.70           0.85            34.27         11.99         35.52          1.05        0.95        1.06         26.56          8.85           27.64           7.71          3.13          7.88           
0.20  -1.017 0.331  -0.358 0.68           0.58           0.68            32.19         4.04          32.35          0.90        0.83        0.90         23.69          2.82           23.82           8.50          1.22          8.53           
0.23  -1.002 0.341  -0.359 0.52           0.44           0.52            33.86         1.98          33.89          0.75        0.69        0.75         23.09          1.26           23.11           10.77         0.72          10.78          
0.27  -0.986 0.339  -0.355 0.51           0.52           0.52            -7.38         -13.63        15.38          0.75        0.76        0.76         -4.94          -9.20          10.40           -2.44         -4.44         4.98           
0.30  -0.963 0.339  -0.348 0.68           0.71           0.71            0.89          -17.13        17.16          0.93        0.96        0.96         0.65           -12.72         12.73           0.24          -4.42         4.42           
0.33  -0.946 0.330  -0.336 0.56           0.60           0.66            -28.37        -34.09        40.89          0.79        0.82        0.86         -19.76         -24.24         29.94           -8.61         -9.85         10.94          
0.37  -0.935 0.323  -0.326 0.38           0.45           0.49            -31.37        -42.80        47.95          0.61        0.65        0.68         -19.08         -27.71         32.17           -12.29        -15.09        15.79          
0.40  -0.924 0.309  -0.316 0.55           0.47           0.63            -49.25        -40.69        55.31          0.74        0.68        0.80         -34.37         -26.86         40.40           -14.89        -13.82        14.91          
0.43  -0.907 0.298  -0.302 0.60           0.64           0.72            -34.06        -39.86        47.05          0.81        0.85        0.91         -24.16         -28.99         35.49           -9.89         -10.87        11.56          
0.47  -0.891 0.291  -0.290 0.54           0.61           0.65            -25.33        -36.14        41.03          0.77        0.82        0.85         -17.40         -25.79         29.94           -7.94         -10.35        11.09          
0.50  -0.874 0.285  -0.276 0.53           0.66           0.68            -19.59        -40.07        42.41          0.77        0.86        0.88         -13.37         -29.33         31.38           -6.22         -10.74        11.02          
0.53  -0.847 0.275  -0.262 0.85           0.91           0.95            -19.81        -28.26        32.90          1.09        1.13        1.17         -15.33         -22.26         26.23           -4.47         -6.00         6.68           
0.57  -0.832 0.260  -0.250 0.65           0.59           0.75            -44.79        -37.76        51.54          0.85        0.80        0.92         -32.81         -26.71         39.28           -11.98        -11.05        12.27          
0.60  -0.813 0.255  -0.244 0.60           0.61           0.63            -14.91        -17.88        22.69          0.84        0.85        0.86         -10.54         -12.70         16.29           -4.37         -5.18         6.41           
0.63  -0.793 0.255  -0.233 0.58           0.66           0.66            1.97          -28.36        28.40          0.83        0.89        0.89         1.38           -20.67         20.71           0.59          -7.68         7.69           
0.67  -0.771 0.255  -0.224 0.66           0.72           0.72            0.50          -23.00        23.01          0.91        0.96        0.96         0.36           -17.14         17.14           0.14          -5.87         5.87           
0.70  -0.754 0.264  -0.214 0.57           0.58           0.64            28.24         -30.59        38.61          0.80        0.81        0.85         19.72          -21.53         28.06           8.52          -9.06         10.55          
0.73  -0.734 0.271  -0.208 0.66           0.65           0.68            17.31         -16.61        23.34          0.90        0.90        0.92         12.57          -12.04         17.14           4.75          -4.57         6.19           
0.77  -0.723 0.291  -0.199 0.68           0.42           0.74            62.11         -40.85        64.30          0.83        0.63        0.88         46.71          -25.91         49.41           15.41         -14.94        14.89          
0.80  -0.711 0.317  -0.193 0.86           0.41           0.88            64.70         -25.14        65.23          1.00        0.64        1.01         51.58          -15.63         52.25           13.11         -9.51         12.97          
0.83  -0.697 0.343  -0.190 0.89           0.42           0.89            62.35         -13.21        62.52          1.03        0.67        1.03         49.92          -8.31          50.13           12.43         -4.89         12.39          
0.87  -0.685 0.368  -0.187 0.82           0.37           0.83            63.77         -13.26        63.92          0.96        0.62        0.96         50.24          -7.94          50.43           13.53         -5.31         13.49          
0.90  -0.676 0.391  -0.185 0.75           0.27           0.75            69.24         -10.33        69.29          0.87        0.52        0.87         53.66          -5.36          53.72           15.58         -4.97         15.56          
0.93  -0.655 0.406  -0.183 0.77           0.64           0.77            33.81         -5.45         34.08          0.99        0.89        0.99         25.72          -3.92          25.94           8.10          -1.52         8.14           
0.97  -0.642 0.406  -0.178 0.36           0.39           0.39            4.10          -21.85        22.16          0.61        0.63        0.63         2.43           -13.34         13.55           1.67          -8.50         8.61           
1.00  -0.633 0.424  -0.185 0.60           0.34           0.63            61.24         33.51         62.72          0.75        0.57        0.77         44.23          19.48          46.01           17.01         14.03         16.71          
1.03  -0.628 0.440  -0.191 0.50           0.23           0.53            73.62         52.62         74.66          0.62        0.43        0.65         50.83          25.27          52.75           22.80         27.35         21.91          
1.07  -0.632 0.465  -0.207 0.75           0.51           0.90            98.60         102.71        97.16          0.75        0.52        0.90         79.48          74.52          81.23           19.12         28.19         15.93          
1.10  -0.634 0.479  -0.220 0.43           0.39           0.58            97.76         98.59         95.78          0.47        0.43        0.61         65.82          63.53          71.56           31.94         35.06         24.22          
1.13  -0.634 0.483  -0.237 0.11           0.50           0.52            96.15         91.35         91.32          0.26        0.56        0.57         24.86          64.71          65.22           71.29         26.64         26.10          
1.17  -0.639 0.489  -0.249 0.23           0.39           0.43            128.86        112.30        110.08         0.21        0.37        0.42         60.71          74.07          75.72           68.15         38.23         34.35          
1.20  -0.641 0.484  -0.274 0.15           0.76           0.77            -112.71       94.45         94.37          0.24        0.78        0.79         -36.29         75.80          76.03           -76.42        18.64         18.34          
1.23  -0.644 0.469  -0.294 0.45           0.59           0.74            -99.25        97.08         95.64          0.48        0.61        0.76         -68.30         73.12          76.43           -30.95        23.96         19.21          
1.27  -0.640 0.462  -0.314 0.24           0.61           0.65            -62.79        79.84         80.40          0.41        0.70        0.73         -30.39         59.28          60.70           -32.41        20.56         19.70          
1.30  -0.637 0.445  -0.334 0.53           0.61           0.80            -80.74        82.00         83.92          0.62        0.69        0.86         -57.17         60.90          67.15           -23.57        21.09         16.77          
1.33  -0.635 0.438  -0.355 0.22           0.63           0.67            -71.60        83.57         83.91          0.38        0.71        0.74         -33.54         62.95          64.19           -38.06        20.63         19.72          
1.37  -0.623 0.426  -0.373 0.50           0.64           0.73            -45.11        56.96         61.43          0.70        0.81        0.88         -30.39         41.94          47.02           -14.71        15.02         14.41          
1.40  -0.616 0.410  -0.391 0.52           0.58           0.75            -64.63        67.42         72.64          0.67        0.72        0.86         -44.85         48.60          56.46           -19.78        18.82         16.18          
1.43  -0.598 0.383  -0.412 0.99           0.83           1.17            -57.13        49.89         62.85          1.14        1.01        1.31         -46.52         38.97          53.04           -10.61        10.92         9.81           
1.47  -0.580 0.361  -0.421 0.82           0.59           0.87            -50.51        27.83         52.92          1.00        0.82        1.04         -39.40         19.67          41.86           -11.10        8.16          11.06          
1.50  -0.560 0.344  -0.426 0.80           0.63           0.81            -40.35        13.51         41.44          1.00        0.87        1.01         -31.06         9.66           32.05           -9.29         3.84          9.39           
1.53  -0.551 0.341  -0.421 0.29           0.31           0.33            -19.63        -27.72        32.42          0.54        0.55        0.55         -10.60         -15.42         18.44           -9.02         -12.30        13.98          
1.57  -0.545 0.341  -0.410 0.16           0.36           0.36            -2.29         -63.23        63.24          0.41        0.52        0.52         -0.90          -37.79         37.80           -1.39         -25.44        25.44          
1.60  -0.553 0.353  -0.395 0.43           0.51           0.62            122.21        -116.54       111.37         0.36        0.45        0.58         86.33          -87.09         87.72           35.88         -29.45        23.65          
1.63  -0.571 0.368  -0.380 0.70           0.70           0.83            139.14        -139.12       129.25         0.53        0.53        0.70         121.25         -121.24        113.22          17.88         -17.88        16.03          
1.67  -0.585 0.385  -0.366 0.67           0.60           0.79            130.74        -136.21       123.59         0.54        0.46        0.68         110.12         -113.93        105.77          20.62         -22.29        17.82          
1.70  -0.613 0.398  -0.356 0.92           0.88           0.97            153.83        -160.02       148.56         0.71        0.65        0.77         144.86         -152.49        138.79          8.98          -7.53         9.77           
1.73  -0.639 0.407  -0.350 0.84           0.82           0.87            161.46        -166.25       157.46         0.61        0.58        0.64         154.01         -160.42        148.89          7.45          -5.83         8.57           
1.77  -0.670 0.414  -0.344 0.95           0.94           0.97            167.05        -169.21       163.37         0.71        0.70        0.73         162.52         -165.37        157.76          4.53          -3.84         5.62           
1.80  -0.700 0.427  -0.336 0.96           0.91           0.99            156.41        -165.76       153.20         0.74        0.67        0.78         148.66         -160.51        144.84          7.75          -5.25         8.36           
1.83  -0.731 0.442  -0.330 1.03           0.94           1.04            154.59        -169.38       152.94         0.81        0.70        0.83         146.94         -165.60        145.02          7.64          -3.78         7.92           
1.87  -0.758 0.450  -0.324 0.87           0.86           0.89            163.58        -167.27       159.63         0.64        0.62        0.66         157.22         -162.15        152.11          6.37          -5.12         7.52           
1.90  -0.789 0.457  -0.313 0.92           0.97           0.98            167.94        -159.23       156.47         0.68        0.74        0.76         163.54         -152.32        148.95          4.40          -6.91         7.52           
1.93  -0.817 0.461  -0.301 0.86           0.92           0.93            171.23        -157.74       156.37         0.62        0.70        0.71         167.69         -149.93        148.25          3.54          -7.81         8.12           
1.97  -0.844 0.473  -0.288 0.88           0.90           0.96            156.53        -154.27       147.03         0.66        0.68        0.76         147.81         -145.07        136.77          8.71          -9.20         10.26          
2.00  -0.862 0.476  -0.275 0.55           0.66           0.67            169.20        -144.87       143.90         0.31        0.48        0.49         160.45         -127.35        126.38          8.75          -17.51        17.53          
2.03  -0.880 0.478  -0.261 0.54           0.69           0.69            174.80        -141.15       140.97         0.29        0.52        0.52         170.37         -123.66        123.49          4.43          -17.49        17.48          
2.07  -0.895 0.488  -0.245 0.56           0.67           0.74            145.78        -134.38       129.17         0.38        0.52        0.61         124.36         -114.46        110.74          21.43         -19.92        18.43          
2.10  -0.912 0.488  -0.223 0.50           0.83           0.83            -179.50       -127.05       127.05         0.25        0.71        0.71         -179.00        -110.75        110.75          -0.50         -16.30        16.30          
2.13  -0.925 0.489  -0.207 0.40           0.61           0.61            174.41        -130.61       130.51         0.15        0.49        0.49         165.26         -107.70        107.64          9.15          -22.92        22.88          
2.17  -0.926 0.479  -0.194 0.31           0.41           0.51            -90.33        -90.25        90.20          0.40        0.48        0.57         -51.22         -58.88         64.24           -39.11        -31.37        25.96          
2.20  -0.928 0.461  -0.166 0.56           0.83           1.00            -98.09        -95.47        94.54          0.58        0.84        1.01         -72.92         -78.31         80.26           -25.17        -17.15        14.28          
2.23  -0.939 0.442  -0.155 0.64           0.47           0.72            -120.98       -134.48       117.12         0.55        0.34        0.65         -98.20         -103.26        97.01           -22.78        -31.22        20.12          
2.27  -0.929 0.417  -0.147 0.82           0.38           0.85            -68.35        -37.14        69.18          0.94        0.60        0.96         -53.98         -22.47         55.15           -14.37        -14.67        14.03          
2.30  -0.913 0.389  -0.137 0.97           0.57           1.02            -60.85        -34.20        62.46          1.11        0.79        1.15         -49.50         -23.93         51.39           -11.35        -10.27        11.07          
2.33  -0.901 0.360  -0.135 0.93           0.36           0.93            -67.17        -6.72         67.20          1.05        0.61        1.05         -54.49         -3.98          54.53           -12.68        -2.75         12.67          
2.37  -0.878 0.342  -0.148 0.90           0.81           0.97            -37.52        28.38         43.19          1.10        1.03        1.17         -29.59         21.78          34.78           -7.93         6.60          8.42           
2.40  -0.859 0.316  -0.155 0.98           0.60           1.00            -54.46        18.96         55.25          1.15        0.85        1.16         -44.25         13.45          45.09           -10.21        5.51          10.16          
2.43  -0.841 0.290  -0.175 0.93           0.81           1.12            -55.70        49.90         62.07          1.09        0.99        1.26         -44.78         38.80          51.94           -10.91        11.09         10.13          
2.47  -0.820 0.273  -0.192 0.81           0.80           0.95            -39.64        37.98         48.70          1.02        1.00        1.13         -30.64         29.17          39.14           -9.00         8.81          9.56           
2.50  -0.794 0.248  -0.217 1.07           1.09           1.31            -43.28        44.53         53.71          1.26        1.28        1.47         -35.46         36.64          45.84           -7.82         7.88          7.87           
2.53  -0.783 0.236  -0.244 0.51           0.87           0.95            -47.46        66.66         68.67          0.71        1.00        1.07         -32.34         53.39          56.08           -15.13        13.27         12.58          
2.57  -0.774 0.227  -0.270 0.36           0.84           0.87            -43.35        71.55         72.35          0.57        0.94        0.98         -25.88         57.01          58.24           -17.47        14.54         14.11          
2.60  -0.756 0.229  -0.299 0.55           1.01           1.01            4.31          57.32         57.35          0.80        1.16        1.16         2.96           46.90          46.93           1.35          10.42         10.42          
2.63  -0.735 0.238  -0.318 0.69           0.87           0.91            23.04         42.96         45.67          0.93        1.07        1.10         16.98          33.76          36.32           6.06          9.19          9.36           
2.67  -0.724 0.251  -0.330 0.52           0.47           0.62            51.22         45.98         58.30          0.70        0.66        0.78         35.07          30.27          42.40           16.15         15.71         15.90          
2.70  -0.706 0.272  -0.334 0.83           0.57           0.84            48.32         13.36         48.94          1.01        0.81        1.02         37.70          9.28           38.30           10.62         4.08          10.63          
2.73  -0.687 0.285  -0.336 0.67           0.55           0.68            35.56         7.20          35.98          0.89        0.80        0.89         26.16          4.96           26.51           9.40          2.24          9.47           
2.77  -0.664 0.289  -0.335 0.72           0.71           0.72            10.85         -3.15         11.27          0.97        0.96        0.97         8.07           -2.33          8.39            2.78          -0.82         2.89           
2.80  -0.638 0.286  -0.333 0.78           0.77           0.78            -8.30         -3.50         8.99           1.02        1.02        1.03         -6.28          -2.64          6.81            -2.02         -0.86         2.18           
2.83  -0.620 0.277  -0.329 0.59           0.55           0.61            -26.36        -13.48        28.84          0.83        0.79        0.84         -18.64         -9.27          20.54           -7.72         -4.21         8.29           
2.87  -0.601 0.283  -0.316 0.59           0.69           0.71            17.53         -34.98        37.51          0.83        0.91        0.92         12.35          -25.88         28.02           5.18          -9.10         9.49           
2.90  -0.590 0.292  -0.299 0.44           0.60           0.67            39.53         -55.48        59.11          0.66        0.77        0.82         25.48          -40.02         43.99           14.05         -15.46        15.12          
2.93  -0.575 0.286  -0.286 0.49           0.62           0.64            -21.37        -41.97        44.45          0.73        0.82        0.84         -14.23         -30.24         32.44           -7.14         -11.73        12.00          
2.97  -0.555 0.284  -0.268 0.58           0.78           0.79            -6.32         -42.61        42.81          0.83        0.98        0.98         -4.42          -32.68         32.87           -1.90         -9.93         9.95           
3.00  -0.542 0.282  -0.254 0.42           0.59           0.59            -6.98         -45.18        45.39          0.67        0.79        0.79         -4.37          -32.17         32.36           -2.60         -13.01        13.03          
3.03  -0.529 0.290  -0.240 0.45           0.58           0.62            29.30         -47.14        50.54          0.68        0.77        0.80         18.90          -33.32         36.54           10.40         -13.82        14.00          
3.07  -0.516 0.291  -0.221 0.39           0.68           0.68            3.65          -55.05        55.08          0.64        0.84        0.85         2.22           -41.02         41.04           1.43          -14.03        14.03          
3.10  -0.498 0.286  -0.213 0.56           0.60           0.61            -13.72        -25.80        28.43          0.80        0.83        0.84         -9.47          -18.29         20.31           -4.24         -7.51         8.12           
3.13  -0.480 0.280  -0.191 0.55           0.82           0.84            -20.55        -51.11        52.33          0.79        0.99        1.01         -14.15         -39.81         41.05           -6.40         -11.29        11.28          
3.17  -0.466 0.280  -0.182 0.44           0.52           0.52            1.65          -31.66        31.68          0.69        0.75        0.75         1.06           -21.54         21.56           0.59          -10.12        10.13          
3.20  -0.452 0.276  -0.167 0.42           0.62           0.63            -15.51        -48.82        49.63          0.67        0.80        0.81         -9.75          -35.29         36.07           -5.76         -13.53        13.56          
3.23  -0.436 0.268  -0.159 0.56           0.55           0.61            -27.69        -25.91        35.57          0.79        0.78        0.82         -19.19         -17.86         25.37           -8.50         -8.05         10.20          
3.27  -0.414 0.260  -0.148 0.70           0.73           0.76            -18.59        -25.67        30.39          0.94        0.96        0.99         -13.70         -19.21         23.04           -4.89         -6.46         7.36           
3.30  -0.397 0.258  -0.137 0.50           0.60           0.61            -8.19         -34.80        35.36          0.75        0.82        0.82         -5.46          -24.78         25.24           -2.73         -10.01        10.12          
3.33  -0.385 0.271  -0.133 0.52           0.38           0.53            46.39         -19.42        47.92          0.71        0.62        0.72         31.69          -11.72         33.07           14.70         -7.71         14.84          
3.37  -0.377 0.281  -0.133 0.39           0.24           0.39            51.80         3.47          51.83          0.58        0.49        0.58         31.97          1.71           32.00           19.83         1.76          19.83          
3.40  -0.371 0.296  -0.143 0.49           0.34           0.57            68.01         56.82         71.04          0.63        0.52        0.69         46.44          32.99          51.02           21.58         23.83         20.02          
3.43  -0.367 0.309  -0.156 0.41           0.43           0.57            70.99         71.79         76.62          0.54        0.56        0.68         45.24          46.56          55.59           25.75         25.23         21.02          
3.47  -0.377 0.323  -0.168 0.53           0.47           0.64            125.68        131.15        119.02         0.44        0.36        0.56         98.08          99.80          96.26           27.60         31.35         22.77          
3.50  -0.393 0.337  -0.183 0.63           0.67           0.78            141.03        137.07        129.05         0.47        0.52        0.65         121.30         117.87         111.75          19.73         19.20         17.29          
3.53  -0.411 0.347  -0.195 0.61           0.62           0.70            148.16        145.81        137.38         0.42        0.44        0.54         129.66         127.16         119.22          18.50         18.66         18.16          
3.57  -0.424 0.353  -0.204 0.43           0.48           0.51            156.95        145.22        140.84         0.22        0.31        0.35         130.62         117.72         114.14          26.33         27.50         26.70          
3.60  -0.445 0.362  -0.221 0.70           0.83           0.86            158.19        141.76        138.53         0.48        0.65        0.70         146.91         127.93         124.80          11.28         13.83         13.73          
3.63  -0.478 0.365  -0.232 0.97           1.03           1.03            174.49        160.77        160.10         0.73        0.80        0.80         172.59         154.83         154.00          1.90          5.94          6.10           
3.67  -0.506 0.372  -0.246 0.88           0.95           0.97            166.03        153.92        151.23         0.64        0.73        0.76         160.60         145.27         142.14          5.44          8.65          9.10           
3.70  -0.533 0.374  -0.257 0.80           0.86           0.86            174.82        157.70        157.22         0.55        0.64        0.64         172.47         149.14         148.53          2.35          8.56          8.69           
3.73  -0.561 0.377  -0.271 0.87           0.96           0.96            174.87        154.43        154.05         0.62        0.74        0.75         172.81         146.06         145.60          2.07          8.37          8.44           
3.77  -0.587 0.381  -0.291 0.78           0.99           0.99            170.63        141.79        141.19         0.54        0.80        0.81         166.31         130.70         130.09          4.33          11.09         11.10          
3.80  -0.608 0.380  -0.312 0.61           0.89           0.89            -178.17       133.89        133.88         0.36        0.74        0.74         -176.91        119.71         119.70          -1.25         14.18         14.18          
3.83  -0.617 0.385  -0.329 0.32           0.58           0.60            153.76        119.22        118.33         0.14        0.51        0.53         104.01         93.93          93.79           49.75         25.28         24.54          
3.87  -0.628 0.367  -0.339 0.62           0.44           0.69            -121.17       136.84        117.75         0.54        0.31        0.62         -97.77         103.53         96.77           -23.40        33.31         20.98          
3.90  -0.639 0.357  -0.364 0.46           0.82           0.88            -139.17       114.71        113.15         0.31        0.76        0.81         -107.64        97.20          96.70           -31.54        17.50         16.45          
3.93  -0.645 0.339  -0.383 0.58           0.59           0.81            -105.54       105.25        101.02         0.57        0.58        0.80         -80.38         80.56          83.23           -25.17        24.69         17.79          
3.97  -0.641 0.334  -0.393 0.19           0.32           0.35            -49.18        67.30         69.37          0.40        0.48        0.50         -20.93         38.30          41.27           -28.25        29.00         28.10          
4.00  -0.636 0.318  -0.413 0.51           0.62           0.79            -73.24        76.39         79.31          0.63        0.72        0.87         -50.72         56.68          62.87           -22.52        19.71         16.45          
4.03  -0.623 0.293  -0.418 0.83           0.39           0.84            -63.45        19.66         63.80          0.97        0.64        0.98         -50.11         12.06          50.56           -13.33        7.60          13.25          
4.07  -0.601 0.261  -0.409 1.18           0.73           1.21            -54.86        -21.51        55.86          1.34        0.97        1.37         -46.10         -16.08         47.16           -8.76         -5.43         8.69           
4.10  -0.578 0.226  -0.394 1.26           0.82           1.33            -56.54        -32.25        58.62          1.41        1.04        1.48         -48.03         -24.88         50.31           -8.51         -7.38         8.31           
4.13  -0.566 0.218  -0.382 0.41           0.49           0.54            -35.66        -47.03        52.25          0.63        0.68        0.72         -22.25         -31.48         36.37           -13.40        -15.55        15.87          
4.17  -0.550 0.211  -0.366 0.53           0.68           0.71            -22.10        -44.47        46.73          0.76        0.88        0.90         -15.03         -32.99         35.08           -7.07         -11.49        11.65          
4.20  -0.549 0.218  -0.346 0.21           0.61           0.64            77.53         -85.69        85.92          0.36        0.68        0.71         34.96          -64.03         65.25           42.57         -21.66        20.67          
4.23  -0.548 0.232  -0.329 0.40           0.51           0.65            88.48         -88.79        89.06          0.48        0.57        0.70         57.08          -62.76         68.05           31.41         -26.04        21.01          
4.27  -0.558 0.242  -0.317 0.43           0.46           0.56            132.17        -128.31       120.77         0.32        0.37        0.48         96.78          -95.92         94.47           35.39         -32.39        26.30          
4.30  -0.570 0.259  -0.310 0.63           0.42           0.66            125.26        -149.66       123.16         0.53        0.24        0.57         102.46         -118.09        101.54          22.81         -31.57        21.62          
4.33  -0.586 0.268  -0.303 0.56           0.53           0.60            150.46        -155.51       143.98         0.36        0.32        0.42         130.43         -136.66        123.58          20.03         -18.85        20.40          
4.37  -0.606 0.280  -0.293 0.69           0.65           0.74            149.22        -154.51       142.65         0.49        0.44        0.57         134.08         -140.42        127.09          15.14         -14.08        15.56          
4.40  -0.629 0.290  -0.283 0.76           0.76           0.82            156.63        -156.53       148.50         0.54        0.54        0.62         146.04         -145.91        136.32          10.59         -10.62        12.18          
4.43  -0.644 0.289  -0.266 0.44           0.67           0.67            -174.43       -130.92       130.82         0.19        0.54        0.54         -167.10        -110.27        110.21          -7.33         -20.65        20.61          
4.47  -0.659 0.289  -0.258 0.46           0.53           0.53            177.73        -150.40       150.34         0.21        0.34        0.34         175.09         -129.04        128.97          2.64          -21.36        21.36          
4.50  -0.669 0.301  -0.253 0.46           0.32           0.48            128.82        -153.99       126.83         0.36        0.14        0.38         95.71          -104.28        95.31           33.12         -49.71        31.52          
4.53  -0.675 0.305  -0.226 0.22           0.83           0.84            149.87        -103.16       103.05         0.13        0.81        0.82         61.04          -85.70         85.74           88.83         -17.46        17.31          
4.57  -0.680 0.306  -0.214 0.16           0.40           0.40            167.38        -113.20       113.11         0.10        0.38        0.38         20.33          -75.48         75.55           147.05        -37.72        37.56          
4.60  -0.680 0.308  -0.202 0.07           0.35           0.36            94.26         -90.86        90.85          0.25        0.43        0.44         16.33          -55.33         55.87           77.93         -35.53        34.98          
4.63  -0.671 0.308  -0.194 0.27           0.37           0.37            -5.10         -43.84        43.97          0.52        0.57        0.57         -2.63          -26.29         26.39           -2.47         -17.55        17.58          
4.67  -0.672 0.298  -0.176 0.29           0.53           0.61            -95.94        -93.19        92.81          0.36        0.58        0.64         -52.30         -67.55         69.98           -43.64        -25.64        22.83          
4.70  -0.667 0.287  -0.170 0.36           0.25           0.41            -61.63        -47.17        64.99          0.53        0.46        0.56         -37.17         -23.83         41.27           -24.46        -23.34        23.72          
4.73  -0.659 0.270  -0.156 0.56           0.45           0.69            -66.97        -61.33        71.45          0.69        0.61        0.80         -47.62         -40.42         54.23           -19.35        -20.90        17.22          
4.77  -0.650 0.253  -0.158 0.60           0.28           0.60            -62.43        7.54          62.49          0.75        0.53        0.75         -45.27         3.99           45.33           -17.17        3.55          17.16          
4.80  -0.639 0.240  -0.162 0.51           0.37           0.53            -47.04        22.27         48.97          0.70        0.61        0.72         -31.93         13.37          33.70           -15.10        8.90          15.27          
4.83  -0.617 0.232  -0.165 0.70           0.66           0.70            -20.72        8.16          22.02          0.93        0.91        0.94         -15.29         5.92           16.30           -5.43         2.24          5.73           
4.87  -0.605 0.221  -0.178 0.49           0.52           0.62            -42.34        45.89         54.00          0.70        0.72        0.79         -28.32         31.40          39.15           -14.01        14.50         14.85          
4.90  -0.590 0.203  -0.199 0.71           0.77           0.94            -50.01        53.92         61.19          0.89        0.94        1.09         -37.57         41.53          49.55           -12.44        12.40         11.63          
4.93  -0.574 0.189  -0.226 0.64           0.95           1.04            -41.84        60.20         63.00          0.84        1.10        1.18         -30.39         48.83          52.11           -11.46        11.37         10.89          
4.97  -0.558 0.189  -0.246 0.46           0.75           0.75            2.06          51.48         51.49          0.71        0.92        0.92         1.34           39.23          39.25           0.72          12.25         12.25          
5.00  -0.539 0.187  -0.260 0.57           0.70           0.71            -6.09         36.62         36.90          0.82        0.92        0.92         -4.23          27.27          27.50           -1.86         9.35          9.39           
5.03  -0.530 0.178  -0.274 0.39           0.52           0.58            -42.66        56.08         60.24          0.60        0.69        0.74         -26.28         38.56          43.16           -16.37        17.52         17.09          
5.07  -0.512 0.168  -0.283 0.63           0.61           0.69            -29.86        27.28         37.66          0.85        0.84        0.90         -21.47         19.46          27.87           -8.39         7.82          9.79           
5.10  -0.484 0.149  -0.295 1.00           0.90           1.06            -34.69        22.87         39.02          1.22        1.13        1.27         -27.98         17.94          31.89           -6.71         4.93          7.14           
5.13  -0.474 0.135  -0.309 0.51           0.52           0.66            -53.23        53.84         62.41          0.69        0.70        0.81         -36.35         36.96          46.47           -16.88        16.88         15.95          
5.17  -0.461 0.121  -0.322 0.59           0.56           0.71            -47.35        44.83         55.81          0.78        0.76        0.87         -33.66         31.38          42.08           -13.69        13.46         13.73          
5.20  -0.443 0.110  -0.331 0.63           0.60           0.68            -31.35        27.29         38.60          0.85        0.83        0.89         -22.53         19.36          28.53           -8.82         7.93          10.07          
5.23  -0.434 0.108  -0.339 0.27           0.35           0.36            -13.95        42.81         43.80          0.51        0.56        0.57         -7.21          25.27          26.05           -6.73         17.54         17.75          
5.27  -0.416 0.095  -0.335 0.68           0.57           0.69            -34.72        -11.63        35.87          0.90        0.82        0.91         -25.61         -8.10          26.57           -9.11         -3.53         9.29           
5.30  -0.400 0.092  -0.320 0.47           0.66           0.66            -10.25        -45.74        46.18          0.71        0.85        0.86         -6.68          -33.60         34.01           -3.57         -12.14        12.17          
5.33  -0.385 0.094  -0.305 0.47           0.65           0.66            6.35          -43.95        44.14          0.72        0.85        0.85         4.16           -32.20         32.37           2.19          -11.75        11.77          
5.37  -0.389 0.112  -0.285 0.55           0.59           0.80            104.22        -103.21       99.77          0.55        0.59        0.80         77.92          -78.78         81.73           26.29         -24.43        18.05          
5.40  -0.396 0.132  -0.261 0.65           0.77           0.98            107.80        -104.98       101.61         0.62        0.74        0.96         85.18          -85.98         86.91           22.63         -19.00        14.71          
5.43  -0.401 0.145  -0.245 0.42           0.50           0.64            112.24        -108.54       104.54         0.40        0.49        0.62         77.04          -79.31         81.70           35.21         -29.23        22.84          
5.47  -0.413 0.162  -0.236 0.62           0.45           0.67            126.67        -145.10       123.45         0.51        0.28        0.57         103.47         -114.75        102.00          23.20         -30.35        21.46          
5.50  -0.435 0.184  -0.237 0.94           0.65           0.94            134.15        178.48        134.14         0.78        0.40        0.78         120.91         177.54         120.90          13.23         0.94          13.23          
5.53  -0.460 0.207  -0.232 1.01           0.77           1.02            138.09        -168.08       137.33         0.84        0.53        0.86         126.65         -162.45        125.92          11.44         -5.62         11.41          
5.57  -0.493 0.224  -0.220 1.10           1.04           1.15            152.89        -161.09       148.36         0.89        0.81        0.95         145.53         -155.33        140.44          7.36          -5.76         7.92           
5.60  -0.519 0.252  -0.222 1.15           0.77           1.15            132.29        175.22        132.21         0.99        0.52        1.00         121.57         172.94         121.50          10.72         2.28          10.71          
5.63  -0.544 0.267  -0.220 0.88           0.76           0.88            149.50        -173.60       149.05         0.67        0.51        0.68         138.63         -170.49        138.12          10.87         -3.12         10.92          
5.67  -0.562 0.284  -0.221 0.76           0.54           0.76            135.45        175.95        135.37         0.60        0.29        0.60         118.55         172.47         118.49          16.90         3.48          16.89          
5.70  -0.576 0.299  -0.218 0.63           0.45           0.63            134.37        -168.00       133.77         0.49        0.21        0.50         112.81         -153.69        112.38          21.56         -14.31        21.39          
5.73  -0.587 0.315  -0.225 0.57           0.38           0.62            122.73        143.68        120.17         0.49        0.24        0.54         97.11          104.79         96.44           25.62         38.89         23.73          
5.77  -0.592 0.322  -0.229 0.27           0.21           0.29            129.50        145.31        125.60         0.22        0.14        0.25         69.15          56.28          71.70           60.35         89.02         53.91          
5.80  -0.590 0.322  -0.235 0.09           0.19           0.19            -11.83        62.66         62.79          0.34        0.37        0.37         -3.06          26.24          26.38           -8.77         36.42         36.42          
5.83  -0.585 0.327  -0.240 0.21           0.19           0.25            53.88         49.41         60.94          0.41        0.40        0.43         24.36          21.09          30.74           29.52         28.32         30.20          
5.87  -0.571 0.315  -0.242 0.57           0.43           0.57            -41.45        8.21          41.82          0.77        0.68        0.78         -29.08         5.19           29.40           -12.36        3.02          12.42          
5.90  -0.560 0.311  -0.247 0.34           0.36           0.37            -19.28        25.06         30.28          0.58        0.59        0.60         -11.17         14.78          18.24           -8.11         10.28         12.04          
5.93  -0.546 0.294  -0.254 0.67           0.48           0.70            -50.27        26.64         52.50          0.85        0.71        0.87         -37.16         17.54          39.39           -13.11        9.10          13.11          
5.97  -0.540 0.284  -0.256 0.34           0.20           0.35            -56.43        14.73         56.83          0.52        0.44        0.53         -33.05         6.48           33.44           -23.38        8.26          23.38          
6.00  -0.519 0.279  -0.251 0.66           0.65           0.67            -13.70        -11.01        17.32          0.91        0.90        0.91         -9.95          -7.97          12.65           -3.75         -3.04         4.67           
6.03  -0.503 0.262  -0.253 0.71           0.47           0.71            -48.54        4.27          48.60          0.89        0.72        0.89         -36.40         2.79           36.46           -12.13        1.49          12.13          
6.07  -0.483 0.261  -0.250 0.61           0.62           0.62            -2.30         -7.90         8.22           0.86        0.87        0.87         -1.63          -5.63          5.86            -0.67         -2.27         2.36           
6.10  -0.459 0.246  -0.245 0.82           0.71           0.83            -32.07        -12.59        33.63          1.04        0.96        1.05         -24.74         -9.32          26.06           -7.33         -3.26         7.57           
6.13  -0.443 0.244  -0.240 0.49           0.50           0.51            -8.53         -16.22        18.12          0.74        0.75        0.75         -5.65          -10.85         12.17           -2.89         -5.37         5.95           
6.17  -0.429 0.253  -0.230 0.50           0.51           0.58            33.90         -34.52        43.87          0.72        0.73        0.78         22.79          -23.26         31.01           11.11         -11.25        12.86          
6.20  -0.405 0.256  -0.230 0.73           0.73           0.73            7.80          0.25          7.81           0.98        0.98        0.98         5.82           0.19           5.82            1.98          0.06          1.98           
6.23  -0.383 0.258  -0.225 0.67           0.69           0.69            3.97          -12.63        13.20          0.92        0.93        0.93         2.90           -9.27          9.70            1.08          -3.36         3.51           
6.27  -0.373 0.264  -0.221 0.33           0.31           0.35            30.35         -24.59        36.62          0.56        0.55        0.58         17.32          -13.70         21.59           13.03         -10.90        15.03          
6.30  -0.356 0.278  -0.217 0.66           0.52           0.67            39.72         -14.20        40.98          0.87        0.77        0.88         29.11          -9.62          30.20           10.61         -4.57         10.77          
6.33  -0.338 0.285  -0.216 0.59           0.55           0.59            20.69         -2.23         20.79          0.83        0.80        0.83         14.58          -1.54          14.66           6.11          -0.69         6.13           
6.37  -0.325 0.314  -0.213 0.95           0.40           0.96            66.27         -14.56        66.41          1.08        0.64        1.08         54.03          -8.94          54.21           12.24         -5.62         12.20          
6.40  -0.302 0.321  -0.212 0.72           0.69           0.72            16.51         -1.01         16.54          0.97        0.94        0.97         12.30          -0.74          12.32           4.22          -0.27         4.22           
6.43  -0.280 0.316  -0.206 0.68           0.69           0.70            -12.56        -15.81        19.82          0.92        0.93        0.94         -9.19          -11.62         14.66           -3.37         -4.19         5.15           
6.47  -0.268 0.319  -0.208 0.37           0.36           0.37            15.91         9.23          18.17          0.61        0.61        0.62         9.49           5.44           10.89           6.42          3.79          7.28           
6.50  -0.249 0.307  -0.215 0.67           0.60           0.70            -32.90        21.06         36.98          0.89        0.84        0.91         -24.09         14.90          27.49           -8.81         6.16          9.49           
6.53  -0.230 0.292  -0.224 0.73           0.64           0.78            -37.17        23.97         41.31          0.94        0.87        0.98         -27.97         17.30          31.61           -9.20         6.67          9.70           
6.57  -0.216 0.290  -0.228 0.42           0.44           0.44            -8.24         15.99         17.80          0.67        0.68        0.68         -5.19          10.19          11.38           -3.05         5.80          6.41           
6.60  -0.197 0.287  -0.241 0.59           0.70           0.71            -8.60         33.97         34.62          0.84        0.92        0.92         -6.04          25.23          25.78           -2.56         8.74          8.85           
6.63  -0.182 0.290  -0.262 0.46           0.79           0.79            9.11          55.14         55.31          0.70        0.95        0.96         5.89           42.73          42.91           3.22          12.42         12.41          
6.67  -0.170 0.293  -0.282 0.35           0.69           0.69            15.35         60.14         60.44          0.60        0.84        0.84         9.01           45.16          45.51           6.34          14.98         14.93          
6.70  -0.164 0.312  -0.301 0.60           0.61           0.83            71.52         71.76         76.79          0.72        0.72        0.92         52.22          52.61          61.45           19.29         19.14         15.35          
6.73  -0.169 0.324  -0.317 0.41           0.50           0.63            110.91        106.92        103.39         0.40        0.49        0.62         74.79          77.79          80.39           36.11         29.13         23.00          
6.77  -0.177 0.348  -0.332 0.74           0.51           0.86            110.59        120.91        107.65         0.70        0.44        0.82         90.99          91.57          90.84           19.61         29.34         16.82          
6.80  -0.197 0.355  -0.332 0.63           0.59           0.63            160.69        178.93        160.66         0.40        0.34        0.40         148.75         178.16         148.72          11.93         0.78          11.94          
6.83  -0.221 0.374  -0.339 0.92           0.74           0.94            140.76        165.69        139.45         0.75        0.50        0.77         128.54         158.58         127.25          12.23         7.10          12.21          
6.87  -0.231 0.367  -0.347 0.36           0.39           0.44            -145.82       140.13        132.89         0.21        0.25        0.33         -103.61        101.14         98.68           -42.21        39.00         34.21          
6.90  -0.252 0.374  -0.359 0.65           0.72           0.74            162.54        149.57        146.33         0.42        0.52        0.55         152.19         135.43         131.82          10.35         14.14         14.50          
6.93  -0.271 0.380  -0.366 0.60           0.60           0.63            161.39        159.22        153.10         0.37        0.38        0.43         148.89         145.79         137.73          12.50         13.44         15.38          
6.97  -0.294 0.384  -0.379 0.73           0.82           0.83            170.21        151.09        149.95         0.49        0.61        0.63         165.19         139.75         138.43          5.03          11.34         11.52          
7.00  -0.301 0.389  -0.387 0.26           0.31           0.35            143.38        131.65        126.57         0.16        0.24        0.28         75.05          79.99          81.62           68.33         51.66         44.95          
7.03  -0.308 0.390  -0.390 0.19           0.21           0.21            175.62        154.45        154.16         0.06        0.11        0.11         13.15          55.55          55.88           162.46        98.90         98.28          
7.07  -0.323 0.405  -0.408 0.65           0.71           0.84            136.06        131.08        123.72         0.50        0.58        0.73         115.77         112.08         107.25          20.29         19.00         16.47          
7.10  -0.319 0.395  -0.400 0.32           0.27           0.40            -64.13        -59.29        69.41          0.48        0.45        0.54         -36.41         -31.06         43.60           -27.71        -28.23        25.81          
7.13  -0.316 0.388  -0.398 0.23           0.10           0.24            -70.83        -42.58        71.67          0.39        0.33        0.40         -33.81         -12.08         35.11           -37.01        -30.50        36.56          
7.17  -0.311 0.378  -0.392 0.33           0.24           0.38            -62.61        -50.49        66.31          0.50        0.44        0.53         -36.26         -24.74         40.90           -26.35        -25.75        25.41          
7.20  -0.299 0.365  -0.389 0.54           0.38           0.55            -46.68        -10.08        47.08          0.74        0.63        0.74         -32.39         -6.07          32.75           -14.29        -4.01         14.33          
7.23  -0.296 0.358  -0.381 0.23           0.25           0.33            -72.87        -74.57        78.38          0.38        0.40        0.45         -34.25         -37.25         45.59           -38.61        -37.32        32.79          
7.27  -0.284 0.335  -0.365 0.77           0.63           0.92            -61.15        -53.87        66.26          0.92        0.80        1.05         -47.32         -39.30         53.65           -13.83        -14.57        12.62          
7.30  -0.271 0.325  -0.353 0.50           0.51           0.60            -40.35        -41.71        50.92          0.71        0.71        0.78         -27.10         -28.22         36.56           -13.25        -13.48        14.36          
7.33  -0.260 0.307  -0.341 0.64           0.50           0.74            -56.88        -46.08        61.63          0.80        0.70        0.88         -41.80         -31.20         47.20           -15.08        -14.87        14.42          
7.37  -0.244 0.291  -0.329 0.67           0.59           0.76            -46.22        -37.88        52.47          0.86        0.80        0.94         -34.16         -26.83         40.24           -12.06        -11.05        12.22          
7.40  -0.243 0.289  -0.312 0.07           0.51           0.51            -66.70        -87.11        87.13          0.28        0.58        0.58         -12.22         -61.59         61.75           -54.48        -25.52        25.38          
7.43  -0.229 0.273  -0.285 0.64           0.92           1.03            -48.00        -62.04        65.43          0.83        1.06        1.16         -35.09         -49.99         54.13           -12.91        -12.05        11.29          
7.47  -0.222 0.267  -0.271 0.28           0.49           0.52            -36.59        -62.89        64.42          0.50        0.64        0.67         -19.33         -42.70         44.63           -17.26        -20.18        19.79          
7.50  -0.219 0.275  -0.253 0.24           0.54           0.59            70.21         -81.24        81.94          0.40        0.63        0.67         34.59          -58.18         60.29           35.61         -23.07        21.65          
7.53  -0.212 0.277  -0.246 0.22           0.29           0.30            14.37         -42.98        44.02          0.47        0.50        0.51         6.71           -23.17         23.93           7.66          -19.81        20.09          
7.57  -0.207 0.279  -0.235 0.15           0.35           0.35            26.45         -66.96        67.41          0.39        0.50        0.50         9.92           -39.57         40.19           16.53         -27.39        27.22          
7.60  -0.193 0.260  -0.230 0.71           0.45           0.73            -53.82        -21.66        54.92          0.88        0.69        0.90         -40.57         -13.96         41.72           -13.25        -7.69         13.20          
7.63  -0.191 0.252  -0.229 0.25           0.09           0.25            -71.14        -27.06        71.40          0.41        0.33        0.41         -35.50         -7.09          35.91           -35.64        -19.96        35.50          
7.67  -0.179 0.243  -0.232 0.44           0.36           0.46            -39.30        18.05         41.38          0.66        0.60        0.67         -25.36         10.69          27.03           -13.94        7.37          14.35          
7.70  -0.172 0.229  -0.240 0.46           0.31           0.52            -63.67        49.69         66.85          0.61        0.51        0.66         -42.21         27.88          46.40           -21.46        21.81         20.46          
7.73  -0.163 0.217  -0.246 0.46           0.35           0.50            -50.47        31.91         53.72          0.65        0.57        0.68         -33.22         18.60          36.36           -17.25        13.31         17.36          
7.77  -0.150 0.210  -0.258 0.44           0.51           0.55            -29.67        41.19         46.24          0.67        0.72        0.75         -19.03         27.91          32.30           -10.65        13.28         13.95          
7.80  -0.120 0.195  -0.264 1.01           0.92           1.03            -26.78        12.05         28.72          1.24        1.17        1.25         -21.56         9.49           23.22           -5.22         2.56          5.50           
7.83  -0.106 0.200  -0.275 0.43           0.52           0.54            22.45         39.52         42.69          0.67        0.73        0.75         14.26          26.91          29.58           8.19          12.61         13.12          
7.87  -0.093 0.203  -0.268 0.40           0.45           0.46            14.33         -29.04        31.43          0.65        0.68        0.68         8.85           -18.69         20.43           5.48          -10.35        11.00          
7.90  -0.084 0.207  -0.269 0.29           0.27           0.30            23.66         7.87          24.67          0.53        0.52        0.53         12.78          4.09           13.38           10.88         3.77          11.29          
7.93  -0.088 0.216  -0.260 0.28           0.28           0.38            111.35        -111.25       105.41         0.30        0.30        0.40         60.30          -60.44         68.09           51.05         -50.81        37.32          
7.97  -0.085 0.211  -0.244 0.18           0.49           0.52            -60.89        -79.58        80.10          0.38        0.59        0.61         -25.32         -55.09         56.47           -35.57        -24.49        23.63          
8.00  -0.086 0.214  -0.231 0.10           0.38           0.39            111.28        -95.71        95.54          0.23        0.43        0.44         24.56          -60.65         61.43           86.72         -35.06        34.10          
8.03  -0.083 0.206  -0.224 0.25           0.24           0.34            -70.55        -69.46        75.59          0.41        0.40        0.47         -35.49         -33.91         44.42           -35.06        -35.55        31.17          
8.07  -0.081 0.195  -0.225 0.32           0.09           0.33            -75.91        25.70         76.01          0.45        0.33        0.46         -43.65         6.58           43.86           -32.26        19.13         32.15          
8.10  -0.076 0.200  -0.211 0.20           0.46           0.48            46.10         -72.52        73.34          0.41        0.58        0.60         20.20          -48.35         49.79           25.90         -24.17        23.54          
8.13  -0.071 0.192  -0.207 0.30           0.20           0.32            -56.63        -31.29        58.55          0.49        0.43        0.50         -31.32         -13.69         33.24           -25.31        -17.60        25.31          
8.17  -0.069 0.204  -0.207 0.38           0.03           0.38            84.86         -2.75         84.86          0.48        0.28        0.48         53.38          -0.33          53.38           31.49         -2.41         31.49          
8.20  -0.071 0.215  -0.211 0.32           0.13           0.34            97.16         107.70        96.67          0.38        0.24        0.40         56.45          30.68          58.32           40.71         77.02         38.35          
8.23  -0.068 0.225  -0.215 0.30           0.13           0.32            76.62         56.22         77.37          0.43        0.34        0.45         42.58          18.10          44.28           34.04         38.13         33.08          
8.27  -0.067 0.243  -0.222 0.54           0.21           0.58            86.17         80.21         86.43          0.61        0.35        0.65         62.06          36.18          63.69           24.11         44.03         22.74          
8.30  -0.074 0.259  -0.234 0.53           0.41           0.64            111.97        119.15        108.10         0.49        0.36        0.61         83.89          81.58          85.04           28.09         37.57         23.06          
8.33  -0.070 0.259  -0.231 0.11           0.14           0.14            -9.16         -41.56        42.02          0.36        0.37        0.37         -2.77          -14.92         15.15           -6.39         -26.64        26.87          
