time  x      y      z      groundspeedxy  groundspeedxz  groundspeedxyz  trackanglexy  trackanglexz  trackanglexyz  airspeedxy  airspeedxz  airspeedxyz  courseanglexy  courseanglexz  courseanglexyz  driftanglexy  driftanglexz  driftanglexyz  
0.00  -1.182 0.272  -0.232 
0.03  -1.153 0.268  -0.244 0.88           0.94           0.95            -7.10         22.16         23.07          1.13        1.18        1.18         -5.53          17.57          18.32           -1.57         4.59          4.75           
0.07  -1.143 0.283  -0.257 0.53           0.51           0.67            54.05         52.37         62.16          0.71        0.69        0.82         37.43          35.75          46.42           16.62         16.61         15.73          
0.10  -1.133 0.301  -0.270 0.61           0.49           0.72            61.13         52.38         65.85          0.77        0.67        0.86         44.53          35.14          50.42           16.60         17.24         15.43          
0.13  -1.117 0.322  -0.282 0.82           0.60           0.89            53.59         36.37         57.06          0.99        0.82        1.05         41.81          25.91          45.51           11.78         10.46         11.55          
0.17  -1.110 0.338  -0.293 0.53           0.41           0.63            65.34         57.36         69.54          0.67        0.58        0.75         45.55          36.15          51.43           19.79         21.21         18.10          
0.20  -1.099 0.346  -0.295 0.39           0.32           0.40            37.63         9.23          38.24          0.61        0.56        0.61         23.14          5.15           23.60           14.49         4.08          14.64          
0.23  -1.081 0.356  -0.297 0.63           0.56           0.63            28.48         6.01          28.92          0.86        0.81        0.86         20.49          4.15           20.84           7.98          1.86          8.08           
0.27  -1.074 0.351  -0.297 0.28           0.22           0.28            -38.99        0.50          39.00          0.50        0.47        0.50         -20.58         0.23           20.59           -18.41        0.27          18.41          
0.30  -1.063 0.336  -0.292 0.55           0.37           0.57            -52.60        -24.56        54.18          0.73        0.60        0.74         -36.76         -14.62         38.35           -15.85        -9.94         15.83          
0.33  -1.043 0.315  -0.285 0.86           0.62           0.88            -47.37        -19.58        48.82          1.05        0.86        1.07         -37.24         -13.97         38.65           -10.14        -5.61         10.17          
0.37  -1.038 0.288  -0.272 0.83           0.42           0.91            -79.25        -68.25        80.27          0.91        0.56        0.99         -63.54         -43.72         65.80           -15.71        -24.53        14.47          
0.40  -1.029 0.270  -0.250 0.58           0.71           0.88            -63.87        -68.62        72.99          0.73        0.83        0.98         -45.97         -52.36         58.92           -17.90        -16.26        14.07          
0.43  -1.025 0.244  -0.217 0.80           1.01           1.28            -81.30        -83.10        84.57          0.87        1.07        1.33         -64.88         -69.65         73.78           -16.42        -13.44        10.79          
0.47  -1.017 0.205  -0.186 1.21           0.95           1.52            -78.00        -74.73        80.48          1.28        1.05        1.58         -67.02         -61.41         71.50           -10.98        -13.31        8.98           
0.50  -1.013 0.182  -0.169 0.68           0.52           0.85            -78.92        -75.49        81.13          0.77        0.63        0.92         -60.30         -52.98         65.54           -18.62        -22.51        15.59          
0.53  -1.009 0.157  -0.147 0.76           0.69           1.03            -82.32        -81.51        84.29          0.84        0.77        1.08         -65.06         -62.77         70.97           -17.26        -18.74        13.32          
0.57  -0.990 0.146  -0.125 0.67           0.86           0.93            -29.90        -47.89        51.27          0.89        1.05        1.10         -21.88         -37.69         41.05           -8.02         -10.20        10.22          
0.60  -0.968 0.147  -0.113 0.67           0.76           0.76            3.79          -28.85        29.02          0.92        0.99        0.99         2.76           -21.83         21.97           1.03          -7.01         7.05           
0.63  -0.938 0.154  -0.108 0.91           0.90           0.92            12.68         -9.33         15.56          1.15        1.15        1.16         9.95           -7.30          12.26           2.72          -2.02         3.30           
0.67  -0.910 0.176  -0.106 1.05           0.84           1.05            37.69         -5.06         37.87          1.26        1.08        1.26         30.72          -3.89          30.88           6.97          -1.16         6.99           
0.70  -0.883 0.198  -0.108 1.06           0.82           1.06            39.44         5.31          39.62          1.26        1.07        1.26         32.19          4.07           32.36           7.25          1.24          7.26           
0.73  -0.868 0.224  -0.109 0.89           0.44           0.89            60.05         3.20          60.07          1.04        0.69        1.04         47.98          2.04           48.00           12.07         1.15          12.07          
0.77  -0.873 0.243  -0.103 0.59           0.23           0.62            104.45        -131.00       103.87         0.58        0.20        0.61         79.97          -59.17         80.38           24.48         -71.84        23.50          
0.80  -0.881 0.257  -0.096 0.50           0.31           0.54            118.48        -139.05       116.14         0.44        0.21        0.48         88.24          -86.27         88.41           30.24         -52.78        27.73          
0.83  -0.891 0.265  -0.098 0.38           0.31           0.38            143.67        169.67        142.85         0.23        0.08        0.24         103.32         133.70         102.95          40.34         35.97         39.90          
0.87  -0.901 0.274  -0.092 0.41           0.35           0.45            136.88        -148.26       131.70         0.28        0.19        0.34         99.49          -104.20        97.94           37.39         -44.06        33.76          
0.90  -0.916 0.284  -0.099 0.53           0.48           0.56            146.41        155.61        141.20         0.35        0.27        0.40         122.82         133.38         118.04          23.59         22.24         23.15          
0.93  -0.928 0.298  -0.108 0.57           0.45           0.63            130.20        144.08        125.79         0.45        0.29        0.52         105.03         113.69         102.90          25.17         30.39         22.88          
0.97  -0.932 0.312  -0.107 0.44           0.11           0.44            104.30        -167.77       104.28         0.45        0.14        0.45         71.84          -9.56          71.86           32.46         -158.21       32.42          
1.00  -0.941 0.331  -0.115 0.64           0.37           0.68            116.42        139.39        114.57         0.57        0.24        0.62         93.30          97.70          93.04           23.12         41.68         21.53          
1.03  -0.946 0.348  -0.127 0.50           0.39           0.62            105.79        110.77        102.78         0.50        0.38        0.62         76.92          72.69          79.45           28.87         38.08         23.33          
1.07  -0.948 0.358  -0.140 0.33           0.39           0.51            103.19        100.87        98.45          0.36        0.43        0.53         61.07          65.62          70.69           42.12         35.25         27.76          
1.10  -0.953 0.376  -0.157 0.54           0.52           0.74            104.14        104.80        100.33         0.54        0.52        0.74         77.49          76.90          80.88           26.65         27.90         19.45          
1.13  -0.959 0.381  -0.168 0.26           0.39           0.43            139.40        120.77        117.94         0.18        0.34        0.38         73.68          81.50          82.42           65.72         39.27         35.52          
1.17  -0.962 0.379  -0.185 0.09           0.52           0.52            -140.44       98.02         97.97          0.19        0.54        0.54         -18.46         70.77          70.89           -121.98       27.24         27.07          
1.20  -0.964 0.372  -0.205 0.23           0.59           0.63            -106.74       96.43         96.02          0.29        0.62        0.66         -50.33         72.74          73.78           -56.40        23.69         22.25          
1.23  -0.966 0.358  -0.217 0.43           0.39           0.57            -98.90        99.79         96.61          0.46        0.43        0.60         -66.48         64.38          72.14           -32.42        35.41         24.48          
1.27  -0.966 0.340  -0.248 0.55           0.92           1.07            -88.66        89.19         89.31          0.61        0.96        1.10         -64.60         74.02          76.22           -24.06        15.17         13.08          
1.30  -0.961 0.319  -0.268 0.64           0.63           0.88            -77.19        77.03         80.81          0.73        0.73        0.96         -57.77         57.43          65.84           -19.42        19.59         14.97          
1.33  -0.950 0.290  -0.289 0.93           0.70           1.12            -68.59        61.02         72.26          1.05        0.85        1.22         -55.77         46.13          60.96           -12.82        14.88         11.30          
1.37  -0.945 0.272  -0.313 0.55           0.73           0.90            -75.38        79.16         81.22          0.65        0.82        0.97         -53.70         61.65          66.50           -21.68        17.50         14.72          
1.40  -0.934 0.251  -0.343 0.72           0.97           1.15            -61.90        69.55         73.00          0.86        1.08        1.25         -47.09         57.00          61.97           -14.81        12.55         11.03          
1.43  -0.920 0.247  -0.371 0.43           0.94           0.94            -16.00        63.95         64.17          0.67        1.07        1.08         -10.11         51.84          52.11           -5.89         12.11         12.06          
1.47  -0.911 0.250  -0.403 0.28           0.99           0.99            13.15         73.73         73.77          0.53        1.08        1.09         7.00           60.94          61.00           6.16          12.79         12.77          
1.50  -0.894 0.248  -0.414 0.52           0.63           0.63            -4.85         34.55         34.75          0.77        0.84        0.85         -3.27          24.89          25.05           -1.58         9.66          9.70           
1.53  -0.873 0.242  -0.420 0.63           0.62           0.65            -15.83        15.31         21.51          0.87        0.87        0.89         -11.34         10.95          15.57           -4.50         4.36          5.94           
1.57  -0.861 0.231  -0.421 0.49           0.37           0.49            -42.27        4.47          42.38          0.70        0.62        0.70         -28.34         2.65           28.42           -13.94        1.81          13.95          
1.60  -0.841 0.207  -0.419 0.95           0.61           0.95            -50.19        -4.16         50.24          1.13        0.86        1.13         -40.40         -2.95          40.45           -9.79         -1.21         9.79           
1.63  -0.819 0.196  -0.390 0.72           1.10           1.15            -25.97        -54.13        55.71          0.95        1.27        1.31         -19.36         -44.94         46.61           -6.61         -9.20         9.10           
1.67  -0.815 0.176  -0.385 0.61           0.18           0.62            -78.14        -45.89        78.40          0.71        0.40        0.72         -57.88         -19.04         58.47           -20.26        -26.85        19.93          
1.70  -0.806 0.159  -0.355 0.61           0.95           1.09            -61.58        -72.36        74.66          0.76        1.05        1.18         -44.70         -59.30         62.89           -16.87        -13.06        11.78          
1.73  -0.792 0.153  -0.332 0.45           0.79           0.81            -23.63        -58.69        59.55          0.69        0.95        0.96         -15.22         -45.63         46.61           -8.41         -13.06        12.94          
1.77  -0.783 0.151  -0.311 0.28           0.69           0.69            -9.41         -65.96        66.02          0.53        0.82        0.82         -5.01          -49.86         49.94           -4.40         -16.10        16.08          
1.80  -0.768 0.164  -0.291 0.58           0.75           0.84            41.60         -54.87        59.17          0.78        0.92        1.00         29.37          -42.01         46.72           12.23         -12.86        12.45          
1.83  -0.754 0.179  -0.267 0.62           0.83           0.95            46.80         -59.25        63.32          0.81        0.98        1.08         33.86          -46.64         51.42           12.94         -12.61        11.89          
1.87  -0.743 0.187  -0.243 0.42           0.80           0.84            35.63         -64.92        66.07          0.64        0.94        0.97         22.45          -50.93         52.41           13.18         -13.99        13.66          
1.90  -0.729 0.211  -0.219 0.81           0.83           1.09            59.65         -60.38        67.81          0.96        0.98        1.21         46.73          -47.57         56.74           12.92         -12.81        11.07          
1.93  -0.728 0.225  -0.194 0.43           0.76           0.87            85.37         -87.38        87.72          0.51        0.81        0.92         56.43          -69.41         71.89           28.94         -17.97        15.82          
1.97  -0.723 0.229  -0.162 0.18           0.96           0.97            42.08         -81.99        82.05          0.40        1.02        1.03         17.46          -68.00         68.16           24.62         -13.99        13.89          
2.00  -0.722 0.231  -0.149 0.08           0.38           0.38            50.01         -81.87        81.99          0.31        0.48        0.49         11.85          -50.94         51.34           38.17         -30.94        30.65          
2.03  -0.713 0.222  -0.126 0.36           0.74           0.79            -47.12        -70.92        72.04          0.56        0.86        0.90         -27.94         -54.91         56.64           -19.18        -16.00        15.40          
2.07  -0.706 0.225  -0.113 0.23           0.46           0.46            23.18         -62.17        62.76          0.47        0.61        0.62         11.14          -41.06         41.76           12.05         -21.12        21.00          
2.10  -0.700 0.226  -0.113 0.20           0.20           0.20            9.56          6.91          11.72          0.45        0.45        0.45         4.26           3.07           5.24            5.30          3.84          6.48           
2.13  -0.685 0.230  -0.122 0.45           0.51           0.52            12.14         30.63         32.21          0.69        0.73        0.74         7.78           20.63          21.82           4.35          10.01         10.39          
2.17  -0.670 0.251  -0.133 0.78           0.55           0.84            54.86         35.11         57.75          0.95        0.77        1.00         42.38          24.30          45.52           12.48         10.80         12.24          
2.20  -0.657 0.268  -0.148 0.66           0.61           0.80            52.77         49.34         60.36          0.83        0.80        0.95         38.93          35.55          47.16           13.85         13.80         13.20          
2.23  -0.641 0.280  -0.160 0.59           0.60           0.69            35.57         37.77         46.52          0.80        0.82        0.88         25.14          26.95          34.69           10.43         10.82         11.84          
2.27  -0.637 0.285  -0.168 0.20           0.27           0.32            50.09         61.62         65.59          0.41        0.45        0.48         22.31          32.41          37.09           27.79         29.20         28.50          
2.30  -0.622 0.282  -0.186 0.44           0.69           0.69            -10.00        51.10         51.38          0.68        0.86        0.87         -6.37          38.09          38.37           -3.64         13.01         13.01          
2.33  -0.618 0.273  -0.195 0.31           0.29           0.40            -65.44        63.11         71.25          0.47        0.46        0.54         -36.70         33.89          45.10           -28.74        29.22         26.15          
2.37  -0.603 0.262  -0.200 0.56           0.48           0.58            -36.77        21.46         40.18          0.77        0.72        0.79         -25.58         14.13          28.41           -11.19        7.33          11.77          
2.40  -0.592 0.234  -0.222 0.89           0.72           1.10            -68.68        63.61         72.95          1.00        0.87        1.20         -55.27         48.61          61.42           -13.41        15.00         11.53          
2.43  -0.586 0.222  -0.236 0.42           0.46           0.59            -60.75        63.52         69.58          0.58        0.61        0.71         -38.80         42.12          50.43           -21.94        21.40         19.16          
2.47  -0.581 0.204  -0.253 0.57           0.53           0.76            -75.43        74.46         79.25          0.67        0.65        0.85         -54.41         52.56          62.40           -21.02        21.90         16.85          
2.50  -0.575 0.198  -0.270 0.25           0.55           0.58            -45.18        71.15         72.11          0.46        0.67        0.70         -22.70         50.61          52.17           -22.48        20.54         19.94          
2.53  -0.568 0.192  -0.294 0.29           0.75           0.77            -41.63        73.27         73.81          0.50        0.85        0.87         -22.32         56.95          57.85           -19.31        16.32         15.96          
2.57  -0.554 0.201  -0.310 0.50           0.64           0.70            35.58         50.59         54.68          0.72        0.82        0.87         23.88          36.97          41.13           11.71         13.61         13.55          
2.60  -0.536 0.213  -0.311 0.64           0.54           0.64            33.32         0.61          33.32          0.86        0.79        0.86         24.14          0.42           24.14           9.18          0.20          9.18           
2.63  -0.523 0.217  -0.305 0.41           0.43           0.45            18.74         -24.18        29.37          0.65        0.66        0.68         11.68          -15.29         18.92           7.07          -8.89         10.45          
2.67  -0.524 0.243  -0.311 0.78           0.19           0.80            90.89         93.60         90.86          0.81        0.31        0.84         73.01          38.75          73.47           17.88         54.85         17.39          
2.70  -0.511 0.246  -0.294 0.40           0.65           0.66            12.02         -52.72        53.07          0.65        0.83        0.83         7.43           -38.81         39.17           4.59          -13.91        13.90          
2.73  -0.502 0.243  -0.274 0.29           0.66           0.67            -18.46        -65.81        66.05          0.53        0.80        0.80         -9.87          -49.25         49.56           -8.59         -16.57        16.49          
2.77  -0.508 0.253  -0.258 0.35           0.51           0.59            120.47        -110.65       107.61         0.31        0.48        0.57         76.85          -81.49         82.81           43.62         -29.16        24.79          
2.80  -0.510 0.256  -0.238 0.13           0.60           0.61            131.20        -98.01        97.91          0.19        0.62        0.62         29.80          -74.32         74.51           101.40        -23.69        23.40          
2.83  -0.522 0.265  -0.224 0.45           0.56           0.62            143.57        -130.09       125.57         0.29        0.44        0.51         112.36         -104.34        102.25          31.21         -25.75        23.32          
2.87  -0.530 0.278  -0.211 0.44           0.44           0.58            121.62        -121.64       113.53         0.37        0.37        0.53         86.87          -86.87         87.79           34.74         -34.77        25.75          
2.90  -0.539 0.288  -0.196 0.41           0.53           0.62            131.29        -121.01       116.39         0.31        0.46        0.55         94.29          -92.94         92.43           37.00         -28.07        23.96          
2.93  -0.531 0.296  -0.183 0.34           0.48           0.53            43.76         -58.67        62.26          0.55        0.64        0.69         25.50          -39.29         43.45           18.26         -19.38        18.81          
2.97  -0.530 0.305  -0.174 0.27           0.26           0.37            85.49         -85.29        86.74          0.38        0.37        0.46         44.47          -43.23         53.66           41.02         -42.06        33.08          
3.00  -0.516 0.294  -0.159 0.54           0.64           0.71            -35.37        -46.66        51.90          0.76        0.83        0.89         -24.34         -34.02         39.10           -11.04        -12.64        12.81          
3.03  -0.502 0.273  -0.154 0.75           0.42           0.76            -58.03        -20.72        58.73          0.90        0.66        0.92         -44.46         -13.04         45.24           -13.57        -7.68         13.49          
3.07  -0.491 0.250  -0.151 0.77           0.34           0.77            -64.67        -14.36        64.83          0.90        0.58        0.90         -50.15         -8.26          50.35           -14.52        -6.10         14.48          
3.10  -0.479 0.228  -0.147 0.75           0.38           0.76            -60.98        -17.12        61.33          0.90        0.62        0.90         -46.85         -10.33         47.26           -14.13        -6.79         14.07          
3.13  -0.467 0.217  -0.146 0.51           0.39           0.51            -41.00        -4.83         41.13          0.72        0.64        0.72         -27.78         -2.93          27.90           -13.21        -1.90         13.23          
3.17  -0.456 0.215  -0.155 0.33           0.41           0.42            -11.17        38.92         39.74          0.58        0.63        0.63         -6.35          24.47          25.10           -4.82         14.46         14.64          
3.20  -0.448 0.234  -0.178 0.60           0.73           0.91            66.80         70.90         74.92          0.74        0.84        1.01         48.68          54.61          61.08           18.12         16.29         13.84          
3.23  -0.431 0.251  -0.199 0.71           0.82           0.96            45.21         52.08         58.50          0.91        0.99        1.11         33.93          40.61          47.46           11.28         11.47         11.04          
3.27  -0.422 0.260  -0.200 0.40           0.28           0.40            45.04         6.83          45.24          0.60        0.53        0.60         27.98          3.64           28.15           17.06         3.19          17.09          
3.30  -0.411 0.269  -0.218 0.42           0.61           0.67            41.16         58.58         61.68          0.63        0.77        0.82         26.07          42.49          46.08           15.09         16.09         15.60          
3.33  -0.409 0.303  -0.225 1.02           0.22           1.04            86.71         74.65         86.78          1.06        0.37        1.08         73.11          34.63          73.45           13.60         40.02         13.33          
3.37  -0.405 0.298  -0.232 0.21           0.24           0.29            -52.20        57.77         63.93          0.41        0.43        0.46         -23.54         28.19          34.63           -28.66        29.58         29.30          
3.40  -0.396 0.294  -0.237 0.29           0.30           0.32            -22.81        29.17         34.95          0.53        0.54        0.55         -12.20         16.01          19.76           -10.62        13.17         15.20          
3.43  -0.388 0.288  -0.249 0.30           0.46           0.49            -36.42        58.46         60.79          0.52        0.62        0.65         -19.82         38.53          41.15           -16.60        19.94         19.64          
3.47  -0.387 0.274  -0.251 0.43           0.07           0.43            -84.87        55.15         84.91          0.51        0.29        0.52         -55.87         10.77          56.09           -29.00        44.37         28.82          
3.50  -0.380 0.257  -0.254 0.55           0.21           0.56            -68.91        21.32         69.12          0.68        0.46        0.69         -48.98         9.82           49.29           -19.93        11.50         19.83          
3.53  -0.372 0.234  -0.260 0.71           0.30           0.74            -69.89        36.26         70.53          0.83        0.53        0.85         -53.53         19.97          54.48           -16.36        16.29         16.05          
3.57  -0.366 0.229  -0.264 0.26           0.23           0.29            -42.04        32.95         47.99          0.47        0.46        0.49         -21.37         15.71          25.72           -20.67        17.24         22.27          
3.60  -0.354 0.203  -0.256 0.84           0.44           0.87            -64.36        -34.38        65.48          0.97        0.66        1.00         -50.93         -22.03         52.36           -13.43        -12.35        13.12          
3.63  -0.345 0.214  -0.245 0.41           0.42           0.52            49.30         -50.00        59.01          0.61        0.61        0.68         31.05          -31.68         40.77           18.25         -18.32        18.24          
3.67  -0.320 0.201  -0.238 0.84           0.77           0.86            -28.39        -15.65        31.33          1.07        1.01        1.09         -21.99         -11.82         24.45           -6.40         -3.83         6.88           
3.70  -0.304 0.201  -0.227 0.49           0.59           0.59            -0.14         -34.62        34.62          0.74        0.81        0.81         -0.10          -24.52         24.52           -0.05         -10.10        10.10          
3.73  -0.290 0.208  -0.221 0.47           0.45           0.50            29.06         -23.58        35.25          0.70        0.68        0.72         19.02          -15.15         23.67           10.04         -8.43         11.57          
3.77  -0.273 0.223  -0.214 0.66           0.54           0.69            41.05         -21.64        43.74          0.87        0.78        0.89         30.14          -14.82         32.54           10.91         -6.82         11.20          
3.80  -0.260 0.240  -0.206 0.66           0.46           0.71            53.49         -31.97        56.10          0.84        0.69        0.87         39.57          -20.89         42.31           13.92         -11.07        13.79          
3.83  -0.247 0.251  -0.190 0.50           0.62           0.70            39.56         -51.52        56.40          0.71        0.80        0.87         26.69          -37.44         42.49           12.87         -14.08        13.91          
3.87  -0.239 0.250  -0.172 0.26           0.61           0.61            -5.58         -64.86        64.89          0.51        0.75        0.75         -2.84          -47.30         47.33           -2.74         -17.57        17.56          
3.90  -0.247 0.269  -0.164 0.62           0.35           0.66            114.92        -138.25       113.22         0.56        0.23        0.61         91.19          -92.87         91.10           23.73         -45.38        22.13          
3.93  -0.237 0.266  -0.164 0.33           0.32           0.33            -18.06        1.54          18.11          0.58        0.57        0.58         -10.34         0.86           10.37           -7.72         0.68          7.74           
3.97  -0.246 0.277  -0.169 0.43           0.32           0.46            129.38        149.64        126.49         0.33        0.16        0.37         93.94          98.15          93.55           35.44         51.49         32.94          
4.00  -0.259 0.288  -0.175 0.52           0.43           0.54            140.19        158.51        137.33         0.37        0.22        0.40         114.21         133.59         112.13          25.98         24.92         25.20          
4.03  -0.264 0.276  -0.191 0.39           0.51           0.62            -109.73       104.86        102.04         0.38        0.50        0.62         -71.71         76.25          78.87           -38.02        28.61         23.17          
4.07  -0.280 0.292  -0.208 0.69           0.71           0.87            134.60        133.09        124.16         0.55        0.57        0.75         115.59         114.43         108.24          19.01         18.66         15.92          
4.10  -0.287 0.309  -0.226 0.56           0.57           0.77            113.36        112.65        106.71         0.51        0.53        0.74         86.78          86.89          87.76           26.58         25.76         18.94          
4.13  -0.298 0.329  -0.237 0.69           0.46           0.76            118.95        136.47        116.09         0.61        0.33        0.69         98.04          105.04         97.13           20.91         31.42         18.96          
4.17  -0.306 0.342  -0.262 0.43           0.80           0.88            121.51        106.31        104.79         0.37        0.77        0.86         86.25          88.21          88.38           35.26         18.10         16.41          
4.20  -0.298 0.340  -0.271 0.24           0.36           0.36            -8.86         47.06         47.36          0.49        0.56        0.56         -4.38          27.85          28.10           -4.48         19.21         19.26          
4.23  -0.302 0.350  -0.273 0.31           0.12           0.31            110.98        151.93        110.59         0.32        0.15        0.32         63.79          22.56          64.25           47.19         129.37        46.34          
4.27  -0.298 0.342  -0.278 0.26           0.18           0.30            -67.13        56.44         70.41          0.42        0.38        0.45         -34.13         23.31          38.77           -33.00        33.13         31.64          
4.30  -0.297 0.334  -0.295 0.23           0.53           0.57            -81.35        86.15         86.48          0.37        0.60        0.64         -39.11         61.43          63.53           -42.24        24.72         22.95          
4.33  -0.297 0.324  -0.308 0.30           0.39           0.49            -88.05        88.48         88.80          0.40        0.47        0.56         -49.27         56.15          62.12           -38.78        32.33         26.68          
4.37  -0.287 0.308  -0.322 0.57           0.51           0.70            -58.18        53.69         64.63          0.73        0.68        0.84         -41.29         36.57          48.98           -16.89        17.13         15.65          
4.40  -0.281 0.283  -0.343 0.78           0.65           1.00            -77.35        74.65         80.14          0.87        0.75        1.07         -61.09         55.97          66.86           -16.26        18.68         13.29          
4.43  -0.276 0.277  -0.362 0.23           0.60           0.63            -53.24        76.69         77.29          0.43        0.70        0.72         -25.44         56.35          57.60           -27.80        20.34         19.69          
4.47  -0.269 0.261  -0.371 0.53           0.35           0.59            -64.67        50.09         67.61          0.67        0.55        0.73         -45.07         29.56          49.03           -19.60        20.53         18.58          
4.50  -0.253 0.246  -0.381 0.65           0.55           0.71            -42.76        30.44         47.62          0.85        0.78        0.90         -31.26         21.10          35.73           -11.50        9.35          11.89          
4.53  -0.234 0.218  -0.385 1.00           0.59           1.01            -55.27        13.02         55.61          1.16        0.83        1.17         -45.10         9.14           45.47           -10.17        3.88          10.14          
4.57  -0.226 0.198  -0.370 0.65           0.51           0.79            -69.21        -62.78        73.02          0.78        0.66        0.90         -51.75         -43.11         57.61           -17.47        -19.67        15.41          
4.60  -0.223 0.181  -0.346 0.52           0.73           0.89            -78.32        -81.63        83.16          0.62        0.80        0.95         -55.21         -63.68         68.06           -23.10        -17.94        15.11          
4.63  -0.228 0.170  -0.333 0.37           0.41           0.53            -115.97       -113.44       107.94         0.34        0.38        0.51         -75.16         -76.73         80.01           -40.82        -36.71        27.94          
4.67  -0.228 0.161  -0.310 0.27           0.71           0.76            -89.12        -89.66        89.68          0.37        0.76        0.81         -47.21         -70.37         71.59           -41.91        -19.29        18.09          
4.70  -0.241 0.166  -0.283 0.41           0.89           0.91            156.46        -115.17       114.72         0.21        0.82        0.84         128.13         -99.13         98.95           28.33         -16.04        15.78          
4.73  -0.241 0.167  -0.262 0.02           0.64           0.64            93.01         -90.09        90.09          0.25        0.68        0.68         4.45           -68.61         68.62           88.56         -21.48        21.47          
4.77  -0.239 0.177  -0.242 0.31           0.58           0.65            78.39         -83.81        84.52          0.43        0.65        0.72         44.12          -61.45         64.30           34.27         -22.36        20.22          
4.80  -0.234 0.182  -0.225 0.19           0.53           0.55            46.27         -75.66        76.13          0.41        0.64        0.66         19.91          -53.57         54.51           26.37         -22.09        21.62          
4.83  -0.228 0.196  -0.211 0.47           0.46           0.62            66.17         -65.61        72.44          0.61        0.60        0.74         44.19          -43.44         53.61           21.98         -22.17        18.83          
4.87  -0.221 0.215  -0.207 0.61           0.25           0.62            69.63         -33.19        70.16          0.73        0.48        0.74         50.94          -16.66         51.74           18.69         -16.53        18.42          
4.90  -0.218 0.242  -0.192 0.82           0.44           0.92            84.03         -78.92        84.73          0.88        0.55        0.98         67.57          -52.28         69.99           16.47         -26.65        14.75          
4.93  -0.213 0.264  -0.200 0.67           0.27           0.71            78.15         58.86         78.79          0.77        0.45        0.80         59.52          30.54          60.93           18.63         28.33         17.87          
4.97  -0.206 0.283  -0.194 0.61           0.28           0.63            68.31         -36.74        69.13          0.74        0.50        0.76         49.99          -19.48         51.18           18.32         -17.26        17.95          
5.00  -0.207 0.303  -0.193 0.60           0.04           0.60            92.97         -137.63       92.97          0.64        0.22        0.64         69.90          -7.37          69.92           23.07         -130.26       23.05          
5.03  -0.206 0.317  -0.199 0.44           0.16           0.47            88.24         85.07         88.35          0.51        0.31        0.54         59.06          30.63          60.54           29.19         54.43         27.81          
5.07  -0.204 0.332  -0.212 0.44           0.41           0.59            80.87         80.11         83.26          0.54        0.51        0.67         53.60          51.34          61.53           27.28         28.78         21.73          
5.10  -0.205 0.341  -0.224 0.29           0.38           0.48            95.49         94.27         93.37          0.37        0.44        0.52         52.70          59.39          64.96           42.78         34.87         28.41          
5.13  -0.203 0.333  -0.235 0.25           0.34           0.42            -72.73        77.11         79.56          0.41        0.46        0.52         -36.65         45.31          51.46           -36.08        31.80         28.10          
5.17  -0.207 0.331  -0.246 0.16           0.36           0.36            -155.39       113.82        113.39         0.12        0.34        0.35         -32.27         72.25          72.58           -123.13       41.57         40.82          
5.20  -0.216 0.339  -0.263 0.34           0.57           0.61            136.34        115.99        113.84         0.24        0.51        0.56         89.54          89.79          89.81           46.80         26.20         24.04          
5.23  -0.224 0.339  -0.288 0.24           0.78           0.78            179.87        107.79        107.79         0.01        0.75        0.75         2.84           89.16          89.16           177.03        18.63         18.63          
5.27  -0.231 0.336  -0.314 0.23           0.82           0.82            -161.04       105.73        105.66         0.08        0.79        0.79         -69.17         87.89          87.90           -91.87        17.84         17.76          
5.30  -0.243 0.339  -0.346 0.38           1.03           1.03            167.33        110.81        110.74         0.14        0.97        0.97         144.65         96.87          96.84           22.68         13.94         13.90          
5.33  -0.250 0.331  -0.376 0.31           0.91           0.94            -130.50       102.75        102.34         0.24        0.89        0.92         -77.99         86.77          86.88           -52.51        15.98         15.46          
5.37  -0.256 0.334  -0.403 0.21           0.84           0.85            161.33        103.60        103.55         0.08        0.82        0.82         52.28          86.38          86.40           109.05        17.21         17.16          
5.40  -0.264 0.336  -0.430 0.24           0.85           0.85            163.17        105.86        105.81         0.07        0.82        0.82         75.53          88.73          88.73           87.64         17.13         17.07          
5.43  -0.265 0.335  -0.451 0.02           0.62           0.62            -117.40       90.98         90.98          0.24        0.66        0.66         -4.86          68.78          68.79           -112.54       22.21         22.19          
5.47  -0.263 0.320  -0.469 0.46           0.55           0.71            -83.61        84.63         85.88          0.55        0.62        0.77         -56.56         60.99          66.99           -27.05        23.64         18.89          
5.50  -0.262 0.297  -0.499 0.70           0.90           1.14            -87.78        88.29         88.65          0.75        0.94        1.17         -68.29         72.96          76.35           -19.49        15.33         12.30          
5.53  -0.255 0.271  -0.516 0.79           0.53           0.93            -75.82        68.57         78.01          0.89        0.66        1.01         -59.94         48.04          64.05           -15.89        20.54         13.96          
5.57  -0.267 0.248  -0.528 0.79           0.52           0.87            -116.77       132.78        113.89         0.71        0.40        0.81         -98.41         105.17         97.39           -18.36        27.61         16.49          
5.60  -0.265 0.220  -0.539 0.83           0.34           0.90            -84.43        76.35         84.83          0.89        0.47        0.95         -68.23         45.15          69.66           -16.21        31.20         15.17          
5.63  -0.275 0.196  -0.535 0.81           0.35           0.82            -113.02       -155.15       112.64         0.75        0.16        0.76         -95.06         -114.24        94.97           -17.96        -40.91        17.67          
5.67  -0.280 0.180  -0.523 0.50           0.38           0.61            -106.40       -111.95       103.37         0.49        0.37        0.61         -77.41         -73.00         79.78           -29.00        -38.95        23.60          
5.70  -0.280 0.159  -0.495 0.61           0.83           1.03            -89.90        -89.93        89.94          0.66        0.87        1.06         -67.66         -73.21         76.33           -22.24        -16.72        13.61          
5.73  -0.294 0.154  -0.456 0.47           1.25           1.26            -160.81       -110.54       110.39         0.24        1.19        1.20         -141.10        -99.18         99.11           -19.71        -11.36        11.28          
5.77  -0.305 0.159  -0.427 0.36           0.92           0.93            155.85        -110.63       110.36         0.16        0.87        0.88         117.19         -94.95         94.88           38.67         -15.67        15.48          
5.80  -0.327 0.183  -0.397 0.97           1.11           1.32            132.34        -126.01       119.60         0.82        0.98        1.22         119.35         -114.16        109.32          12.99         -11.85        10.28          
5.83  -0.344 0.201  -0.377 0.75           0.80           0.97            134.28        -130.27       122.60         0.60        0.67        0.86         116.87         -113.75        108.38          17.41         -16.52        14.22          
5.87  -0.363 0.213  -0.371 0.66           0.57           0.68            146.19        -163.39       143.76         0.48        0.34        0.50         129.17         -151.33        126.65          17.03         -12.06        17.10          
5.90  -0.381 0.231  -0.340 0.78           1.10           1.22            136.06        -120.79       117.33         0.62        0.99        1.13         119.91         -108.27        105.98          16.15         -12.51        11.34          
5.93  -0.388 0.244  -0.322 0.44           0.57           0.69            117.30        -110.93       107.08         0.39        0.53        0.66         83.06          -84.85         85.86           34.24         -26.08        21.22          
5.97  -0.395 0.253  -0.302 0.33           0.66           0.71            129.06        -108.59       107.26         0.26        0.62        0.67         81.03          -86.26         86.54           48.03         -22.33        20.72          
6.00  -0.396 0.253  -0.285 0.02           0.49           0.49            133.71        -92.00        92.00          0.23        0.54        0.54         4.34           -64.34         64.36           129.37        -27.66        27.64          
6.03  -0.402 0.255  -0.268 0.19           0.56           0.56            166.00        -108.90       108.84         0.08        0.53        0.54         33.43          -82.63         82.66           132.57        -26.27        26.18          
6.07  -0.410 0.259  -0.253 0.28           0.51           0.52            154.69        -119.75       118.89         0.12        0.44        0.46         91.64          -90.44         90.43           63.04         -29.31        28.46          
6.10  -0.423 0.270  -0.231 0.52           0.76           0.83            137.66        -120.48       117.41         0.37        0.67        0.75         110.96         -101.61        100.26          26.70         -18.87        17.15          
6.13  -0.438 0.282  -0.212 0.58           0.74           0.82            142.14        -127.98       123.72         0.41        0.62        0.71         120.11         -109.39        106.75          22.03         -18.59        16.98          
6.17  -0.450 0.289  -0.195 0.41           0.61           0.64            150.29        -125.45       123.41         0.23        0.51        0.55         117.13         -101.76        100.92          33.15         -23.69        22.49          
6.20  -0.457 0.295  -0.185 0.26           0.37           0.41            138.51        -122.56       119.07         0.18        0.31        0.36         73.19          -80.32         81.55           65.32         -42.24        37.52          
6.23  -0.457 0.304  -0.179 0.28           0.18           0.33            91.61         -92.59        91.37          0.37        0.30        0.41         49.59          -36.18         54.14           42.02         -56.41        37.23          
6.27  -0.459 0.316  -0.166 0.36           0.38           0.52            100.45        -99.82        97.19          0.40        0.42        0.55         62.33          -63.80         70.26           38.12         -36.02        26.93          
6.30  -0.450 0.315  -0.152 0.26           0.49           0.50            -6.97         -58.65        58.72          0.51        0.66        0.66         -3.55          -39.79         39.86           -3.42         -18.86        18.85          
6.33  -0.442 0.309  -0.153 0.31           0.26           0.31            -32.91        2.30          32.96          0.54        0.51        0.54         -18.21         1.17           18.24           -14.70        1.13          14.72          
6.37  -0.431 0.301  -0.163 0.41           0.45           0.51            -36.60        43.35         50.22          0.63        0.66        0.70         -22.87         28.19          34.30           -13.73        15.15         15.92          
6.40  -0.426 0.296  -0.179 0.23           0.50           0.53            -45.58        71.75         72.64          0.44        0.63        0.65         -21.53         49.55          51.06           -24.04        22.20         21.59          
6.43  -0.419 0.299  -0.195 0.22           0.51           0.52            26.31         67.57         67.98          0.46        0.65        0.66         12.23          46.72          47.30           14.08         20.85         20.68          
6.47  -0.405 0.296  -0.209 0.43           0.60           0.60            -10.80        44.93         45.44          0.68        0.79        0.80         -6.83          32.06          32.52           -3.97         12.87         12.92          
6.50  -0.390 0.301  -0.226 0.46           0.67           0.68            16.08         49.09         49.95          0.70        0.86        0.87         10.42          36.35          37.18           5.66          12.74         12.76          
6.53  -0.390 0.318  -0.250 0.53           0.72           0.90            89.87         89.90         89.92          0.59        0.77        0.93         64.79          70.88          74.40           25.08         19.02         15.52          
6.57  -0.381 0.329  -0.266 0.41           0.54           0.62            48.92         60.47         64.60          0.60        0.70        0.76         30.63          42.34          47.38           18.30         18.14         17.22          
6.60  -0.377 0.342  -0.264 0.41           0.13           0.41            72.47         -19.50        72.58          0.54        0.38        0.54         46.31          -6.68          46.49           26.16         -12.82        26.09          
6.63  -0.372 0.345  -0.274 0.20           0.33           0.35            35.08         59.57         61.50          0.43        0.50        0.52         15.66          34.19          36.32           19.42         25.38         25.18          
6.67  -0.369 0.345  -0.275 0.08           0.09           0.09            -7.62         23.90         24.84          0.33        0.33        0.33         -1.91          6.29           6.57            -5.72         17.61         18.27          
6.70  -0.368 0.343  -0.271 0.07           0.11           0.13            -72.69        -78.54        80.36          0.28        0.29        0.30         -14.35         -21.48         25.14           -58.34        -57.07        55.22          
6.73  -0.369 0.336  -0.267 0.21           0.11           0.23            -95.04        -99.10        94.42          0.31        0.26        0.33         -41.43         -25.94         45.22           -53.61        -73.16        49.20          
6.77  -0.376 0.325  -0.262 0.38           0.27           0.42            -122.73       -140.30       119.55         0.32        0.18        0.37         -82.30         -75.78         83.20           -40.43        -64.51        36.36          
6.80  -0.381 0.326  -0.254 0.16           0.27           0.27            170.74        -125.83       125.64         0.10        0.24        0.24         15.72          -67.31         67.45           155.03        -58.52        58.19          
6.83  -0.387 0.338  -0.252 0.40           0.18           0.41            114.09        -155.04       113.64         0.38        0.11        0.39         76.93          -41.87         77.20           37.15         -113.17       36.44          
6.87  -0.389 0.348  -0.243 0.30           0.28           0.41            104.55        -105.63       100.77         0.34        0.32        0.44         59.53          -57.62         66.67           45.02         -48.02        34.11          
6.90  -0.390 0.351  -0.239 0.07           0.11           0.13            100.88        -97.50        96.20          0.25        0.26        0.27         17.24          -24.37         28.77           83.64         -73.13        67.43          
6.93  -0.391 0.356  -0.228 0.16           0.34           0.38            105.69        -97.29        96.64          0.26        0.40        0.43         36.87          -58.71         61.06           68.82         -38.58        35.59          
6.97  -0.383 0.355  -0.222 0.24           0.29           0.29            -5.48         -34.99        35.24          0.49        0.52        0.52         -2.68          -18.85         19.01           -2.80         -16.14        16.23          
7.00  -0.373 0.343  -0.221 0.48           0.30           0.48            -51.20        -7.94         51.38          0.67        0.55        0.67         -34.20         -4.36          34.37           -17.00        -3.58         17.01          
7.03  -0.368 0.321  -0.213 0.66           0.29           0.70            -75.94        -57.16        76.85          0.76        0.48        0.80         -57.27         -31.13         59.07           -18.67        -26.03        17.78          
7.07  -0.360 0.293  -0.202 0.89           0.40           0.95            -75.40        -55.89        76.34          0.98        0.58        1.03         -61.11         -34.86         62.75           -14.30        -21.02        13.59          
7.10  -0.356 0.274  -0.200 0.59           0.14           0.59            -76.61        -14.11        76.63          0.69        0.39        0.69         -56.05         -5.08          56.10           -20.56        -9.03         20.53          
7.13  -0.349 0.245  -0.195 0.88           0.27           0.90            -76.60        -40.86        76.87          0.97        0.49        0.99         -62.14         -21.29         62.63           -14.46        -19.56        14.24          
7.17  -0.344 0.225  -0.200 0.61           0.23           0.63            -76.30        50.60         76.84          0.71        0.43        0.73         -56.25         23.95          57.36           -20.04        26.64         19.48          
7.20  -0.340 0.208  -0.209 0.54           0.28           0.59            -76.18        62.59         77.47          0.64        0.45        0.69         -54.06         33.20          56.77           -22.12        29.40         20.70          
7.23  -0.324 0.195  -0.232 0.60           0.83           0.92            -39.16        56.21         59.56          0.81        1.00        1.07         -27.89         44.16          47.88           -11.26        12.04         11.68          
7.27  -0.313 0.183  -0.246 0.51           0.56           0.67            -46.21        51.43         58.49          0.70        0.75        0.83         -31.37         36.24          43.63           -14.85        15.20         14.86          
7.30  -0.311 0.199  -0.263 0.47           0.51           0.69            82.71         83.26         85.04          0.56        0.59        0.75         56.40          58.45          65.72           26.32         24.81         19.31          
7.33  -0.297 0.215  -0.283 0.64           0.72           0.87            49.84         55.38         61.88          0.82        0.89        1.01         36.39          42.01          49.33           13.45         13.37         12.55          
7.37  -0.276 0.228  -0.282 0.76           0.64           0.76            32.02         -4.11         32.19          0.98        0.89        0.98         24.23          -2.96          24.37           7.79          -1.15         7.82           
7.40  -0.262 0.250  -0.289 0.77           0.46           0.80            58.93         29.81         60.34          0.92        0.69        0.95         45.51          19.36          47.12           13.42         10.45         13.21          
7.43  -0.247 0.275  -0.295 0.87           0.49           0.89            58.06         20.82         58.76          1.02        0.73        1.04         46.11          13.85          46.89           11.95         6.98          11.87          
7.47  -0.231 0.290  -0.296 0.65           0.47           0.65            44.36         2.37          44.39          0.85        0.72        0.85         32.50          1.55           32.52           11.87         0.83          11.87          
7.50  -0.221 0.303  -0.296 0.52           0.32           0.52            51.45         0.97          51.45          0.70        0.57        0.70         35.31          0.55           35.31           16.14         0.42          16.14          
7.53  -0.206 0.302  -0.289 0.43           0.48           0.48            -6.40         -26.30        26.88          0.68        0.71        0.71         -4.06          -17.36         17.77           -2.34         -8.94         9.10           
7.57  -0.193 0.295  -0.283 0.44           0.43           0.48            -26.17        -24.17        33.65          0.67        0.67        0.70         -16.76         -15.38         22.19           -9.41         -8.79         11.45          
7.60  -0.197 0.299  -0.277 0.15           0.22           0.24            140.56        -122.18       119.20         0.16        0.23        0.25         35.19          -53.73         56.91           105.37        -68.45        62.29          
7.63  -0.202 0.307  -0.263 0.30           0.44           0.51            121.80        -110.94       108.04         0.27        0.42        0.49         70.14          -77.44         79.26           51.66         -33.50        28.77          
7.67  -0.203 0.315  -0.248 0.24           0.46           0.52            92.91         -91.53        91.35          0.34        0.52        0.57         45.40          -62.58         65.34           47.51         -28.95        26.02          
7.70  -0.209 0.328  -0.237 0.44           0.37           0.54            115.09        -120.27       110.06         0.40        0.33        0.52         80.99          -78.83         82.95           34.10         -41.44        27.11          
7.73  -0.206 0.341  -0.227 0.39           0.30           0.48            77.14         -73.40        79.72          0.50        0.44        0.58         48.28          -40.66         54.70           28.86         -32.74        25.02          
7.77  -0.215 0.360  -0.218 0.63           0.39           0.69            116.50        -136.43       114.25         0.57        0.27        0.63         93.18          -96.69         92.87           23.31         -39.75        21.37          
7.80  -0.208 0.362  -0.211 0.22           0.32           0.32            16.47         -48.95        49.86          0.46        0.52        0.52         7.65           -27.54         28.30           8.83          -21.41        21.56          
7.83  -0.208 0.374  -0.198 0.38           0.39           0.54            85.99         -86.03        87.18          0.47        0.47        0.61         54.05          -54.35         62.98           31.94         -31.68        24.20          
7.87  -0.213 0.390  -0.195 0.50           0.19           0.51            109.90        -153.51       109.61         0.48        0.12        0.48         80.41          -46.87         80.56           29.50         -106.65       29.06          
7.90  -0.215 0.410  -0.195 0.60           0.05           0.60            94.82         165.51        94.82          0.63        0.20        0.63         71.56          3.74           71.56           23.27         161.77        23.26          
7.93  -0.214 0.424  -0.203 0.43           0.23           0.48            86.07         82.57         86.52          0.51        0.36        0.56         56.76          38.80          59.90           29.31         43.77         26.62          
7.97  -0.219 0.440  -0.208 0.48           0.22           0.51            109.52        136.31        108.56         0.46        0.18        0.49         79.00          60.14          79.57           30.52         76.17         28.99          
8.00  -0.226 0.445  -0.219 0.26           0.39           0.42            143.31        122.97        120.28         0.16        0.33        0.36         75.71          82.98          83.68           67.60         39.98         36.61          
8.03  -0.238 0.448  -0.240 0.35           0.73           0.73            166.25        118.15        117.95         0.13        0.65        0.66         138.25         98.35          98.28           28.00         19.80         19.67          
8.07  -0.251 0.443  -0.249 0.43           0.49           0.51            -163.09       146.78        144.17         0.20        0.31        0.34         -142.12        120.83         118.43          -20.97        25.95         25.74          
8.10  -0.265 0.434  -0.263 0.49           0.59           0.65            -144.22       132.58        127.46         0.32        0.46        0.54         -117.17        108.78         105.82          -27.05        23.81         21.63          
8.13  -0.273 0.431  -0.281 0.27           0.59           0.59            -164.37       116.19        115.97         0.07        0.53        0.53         -97.70         91.07          91.06           -66.67        25.12         24.92          
8.17  -0.294 0.432  -0.308 0.61           1.01           1.01            178.03        126.94        126.93         0.36        0.88        0.88         176.66         113.85         113.84          1.38          13.09         13.09          
8.20  -0.300 0.427  -0.329 0.25           0.67           0.68            -144.23       107.79        107.36         0.15        0.64        0.65         -72.35         85.79          85.90           -71.88        21.99         21.46          
8.23  -0.306 0.422  -0.354 0.22           0.75           0.77            -135.49       102.22        101.96         0.18        0.74        0.76         -59.99         82.99          83.14           -75.50        19.23         18.82          
8.27  -0.316 0.415  -0.380 0.37           0.85           0.88            -143.62       110.29        109.64         0.22        0.80        0.83         -101.89        93.28          93.17           -41.73        17.01         16.47          
8.30  -0.323 0.408  -0.400 0.30           0.63           0.66            -134.78       109.87        108.76         0.22        0.59        0.63         -80.38         86.47          86.68           -54.39        23.41         22.08          
8.33  -0.320 0.380  -0.430 0.83           0.90           1.22            -84.26        84.74         86.12          0.89        0.95        1.26         -67.95         69.62          74.69           -16.31        15.11         11.42          
8.37  -0.318 0.340  -0.469 1.20           1.16           1.67            -87.55        87.47         88.24          1.23        1.20        1.69         -75.85         75.44          79.75           -11.70        12.03         8.49           
8.40  -0.318 0.319  -0.480 0.65           0.34           0.73            -89.54        89.12         89.60          0.70        0.42        0.77         -68.55         52.88          70.78           -20.99        36.24         18.82          
8.43  -0.318 0.295  -0.483 0.72           0.11           0.72            -90.86        95.55         90.85          0.75        0.26        0.76         -71.50         24.87          71.71           -19.36        70.67         19.14          
8.47  -0.306 0.282  -0.479 0.54           0.40           0.56            -46.86        -20.59        48.52          0.74        0.64        0.75         -32.50         -12.64         34.04           -14.36        -7.95         14.49          
8.50  -0.297 0.271  -0.468 0.43           0.43           0.54            -48.94        -49.12        58.45          0.62        0.62        0.70         -31.28         -31.45         40.77           -17.65        -17.67        17.68          
8.53  -0.288 0.247  -0.440 0.77           0.87           1.13            -69.35        -71.72        76.05          0.89        0.98        1.22         -54.16         -57.67         64.55           -15.19        -14.05        11.50          
8.57  -0.290 0.252  -0.427 0.17           0.40           0.43            111.21        -99.02        98.36          0.25        0.44        0.47         40.97          -64.76         66.43           70.24         -34.26        31.93          
8.60  -0.280 0.244  -0.407 0.37           0.66           0.71            -40.60        -64.86        66.47          0.58        0.80        0.84         -24.45         -48.51         50.63           -16.15        -16.36        15.85          
8.63  -0.276 0.242  -0.388 0.15           0.60           0.60            -28.84        -77.73        77.82          0.38        0.70        0.70         -10.54         -57.25         57.43           -18.30        -20.49        20.38          
8.67  -0.265 0.229  -0.361 0.50           0.88           0.96            -49.53        -68.13        70.04          0.69        1.00        1.07         -33.56         -54.66         57.32           -15.97        -13.47        12.73          
8.70  -0.248 0.215  -0.344 0.67           0.71           0.83            -40.34        -43.88        52.07          0.87        0.90        1.00         -29.66         -32.82         40.71           -10.68        -11.07        11.36          
8.73  -0.236 0.205  -0.342 0.45           0.36           0.46            -38.05        -11.96        39.04          0.66        0.61        0.67         -24.64         -7.08          25.41           -13.41        -4.89         13.63          
8.77  -0.233 0.208  -0.320 0.12           0.65           0.66            42.51         -82.32        82.38          0.35        0.73        0.73         13.32          -62.44         62.62           29.19         -19.88        19.76          
8.80  -0.211 0.185  -0.319 0.97           0.67           0.97            -46.45        -2.55         46.48          1.15        0.92        1.15         -37.40         -1.86          37.42           -9.05         -0.70         9.05           
8.83  -0.197 0.183  -0.308 0.44           0.56           0.56            -8.08         -38.44        38.88          0.69        0.77        0.77         -5.16          -26.78         27.15           -2.92         -11.65        11.73          
8.87  -0.195 0.195  -0.294 0.38           0.42           0.56            81.92         -82.62        84.53          0.48        0.51        0.64         51.19          -53.71         61.53           30.73         -28.91        23.00          
8.90  -0.201 0.204  -0.283 0.31           0.38           0.46            123.33        -117.07       111.98         0.27        0.35        0.43         73.60          -77.12         79.76           49.73         -39.95        32.21          
8.93  -0.184 0.202  -0.273 0.49           0.56           0.57            -7.73         -30.08        30.75          0.74        0.79        0.79         -5.13          -20.95         21.46           -2.60         -9.13         9.28           
8.97  -0.178 0.201  -0.267 0.18           0.26           0.26            -7.71         -45.60        45.85          0.43        0.47        0.47         -3.27          -23.29         23.47           -4.44         -22.31        22.38          
9.00  -0.177 0.204  -0.247 0.10           0.59           0.59            63.91         -85.77        85.81          0.31        0.65        0.66         16.78          -63.37         63.63           47.14         -22.40        22.19          
9.03  -0.168 0.216  -0.239 0.44           0.36           0.50            53.69         -43.33        58.87          0.62        0.56        0.67         34.71          -25.65         40.12           18.98         -17.68        18.74          
9.07  -0.172 0.237  -0.236 0.64           0.16           0.65            100.80        -136.35       100.63         0.64        0.17        0.65         78.16          -40.94         78.34           22.64         -95.41        22.29          
9.10  -0.182 0.265  -0.235 0.91           0.28           0.91            108.04        -178.98       108.04         0.87        0.03        0.87         92.15          -171.19        92.15           15.89         -7.79         15.89          
9.13  -0.184 0.288  -0.246 0.68           0.32           0.75            96.31         103.62        95.75          0.70        0.36        0.77         75.55          60.57          76.81           20.76         43.05         18.94          
9.17  -0.178 0.300  -0.253 0.40           0.28           0.45            61.57         47.95         65.10          0.56        0.49        0.60         38.47          25.50          42.82           23.10         22.46         22.28          
9.20  -0.175 0.302  -0.258 0.10           0.19           0.19            36.53         65.65         66.77          0.33        0.37        0.37         9.85           27.39          28.65           26.67         38.26         38.12          
9.23  -0.176 0.304  -0.267 0.08           0.26           0.27            110.95        96.02         95.80          0.23        0.34        0.35         17.76          49.30          50.33           93.19         46.72         45.47          
9.27  -0.181 0.300  -0.270 0.19           0.16           0.21            -134.57       147.20        129.75         0.18        0.15        0.20         -48.50         35.66          53.24           -86.07        111.55        76.51          
9.30  -0.181 0.294  -0.274 0.15           0.14           0.21            -99.25        100.03        96.83          0.27        0.27        0.31         -34.16         31.98          42.68           -65.08        68.06         54.15          
9.33  -0.188 0.290  -0.274 0.23           0.19           0.23            -145.95       -174.40       145.67         0.14        0.06        0.14         -64.30         -16.76         64.53           -81.66        -157.64       81.15          
9.37  -0.185 0.280  -0.273 0.32           0.08           0.32            -75.09        -10.17        75.11          0.45        0.33        0.45         -42.74         -2.53          42.78           -32.35        -7.65         32.33          
9.40  -0.182 0.272  -0.262 0.25           0.37           0.44            -66.11        -73.70        76.28          0.42        0.50        0.55         -33.41         -44.97         50.13           -32.70        -28.72        26.16          
9.43  -0.182 0.267  -0.251 0.14           0.32           0.35            -94.41        -91.98        91.81          0.28        0.40        0.42         -30.95         -53.18         55.67           -63.46        -38.80        36.14          
9.47  -0.174 0.251  -0.249 0.54           0.26           0.55            -63.02        -16.54        63.28          0.69        0.50        0.70         -44.31         -8.40          44.63           -18.71        -8.15         18.65          
9.50  -0.161 0.237  -0.247 0.57           0.38           0.57            -48.70        -7.63         48.90          0.76        0.63        0.76         -34.38         -4.60          34.56           -14.33        -3.03         14.34          
9.53  -0.154 0.231  -0.239 0.27           0.32           0.36            -39.62        -49.07        54.83          0.49        0.52        0.54         -20.55         -27.57         32.73           -19.07        -21.50        22.11          
9.57  -0.130 0.228  -0.237 0.73           0.73           0.73            -7.28         -5.45         9.06           0.98        0.97        0.98         -5.42          -4.05          6.76            -1.86         -1.40         2.30           
9.60  -0.120 0.229  -0.214 0.29           0.75           0.75            7.48          -67.14        67.17          0.54        0.88        0.88         4.04           -51.94         51.99           3.43          -15.19        15.18          
9.63  -0.109 0.233  -0.210 0.36           0.35           0.37            19.29         -16.16        24.43          0.60        0.59        0.61         11.35          -9.44          14.61           7.94          -6.72         9.82           
9.67  -0.103 0.240  -0.200 0.28           0.36           0.42            48.95         -59.19        63.80          0.48        0.53        0.57         25.91          -35.35         40.68           23.04         -23.84        23.12          
9.70  -0.099 0.245  -0.199 0.18           0.12           0.18            50.52         -16.17        51.30          0.39        0.37        0.39         20.87          -5.20          21.41           29.65         -10.97        29.90          
9.73  -0.089 0.236  -0.193 0.41           0.36           0.45            -39.84        -30.52        45.61          0.62        0.59        0.65         -24.86         -18.13         29.56           -14.98        -12.40        16.05          
9.77  -0.084 0.239  -0.188 0.15           0.19           0.21            25.51         -45.76        48.55          0.39        0.41        0.42         9.54           -19.88         21.74           15.97         -25.88        26.81          
9.80  -0.085 0.244  -0.197 0.16           0.27           0.31            93.48         92.10         91.80          0.29        0.36        0.40         33.95          48.21          52.56           59.54         43.88         39.24          
9.83  -0.070 0.247  -0.204 0.46           0.50           0.51            10.73         25.19         26.89          0.71        0.73        0.74         6.97           16.86          18.10           3.77          8.33          8.79           
9.87  -0.073 0.250  -0.210 0.13           0.20           0.22            141.63        120.72        118.27         0.17        0.23        0.24         29.61          50.37          53.16           112.02        70.35         65.11          
9.90  -0.070 0.257  -0.214 0.23           0.14           0.26            68.96         54.28         71.26          0.40        0.35        0.42         33.14          19.25          36.51           35.82         35.03         34.75          
9.93  -0.074 0.244  -0.234 0.41           0.61           0.73            -104.11       99.49         97.92          0.43        0.62        0.73         -69.34         75.93          78.21           -34.78        23.56         19.72          
9.97  -0.078 0.241  -0.242 0.15           0.29           0.30            -154.05       118.36        117.57         0.13        0.28        0.29         -31.41         66.72          67.40           -122.64       51.64         50.16          
10.00 -0.095 0.259  -0.242 0.72           0.49           0.72            133.05        -178.71       133.04         0.58        0.24        0.58         114.73         -177.39        114.73          18.32         -1.32         18.31          
