time     x        y        groundspeed  track angle  AV track angle  BA angle  AV BA angle  turn  tempo  amplitude  stop  stop time  
0.000    0.646    0.034    0.123                                     22.972    22.972       
0.033    0.621    0.035    0.334        1.284        1.284           15.158    15.158       
0.067    0.602    0.035    0.544        8.100        8.100           17.963    17.963       
0.100    0.576    0.041    0.725        22.604       22.604          15.683    15.683       
0.133    0.562    0.052    0.886        31.428       31.428          18.671    18.671       
0.167    0.547    0.059    0.953        16.129       16.129          31.107    31.107       1     
0.200    0.536    0.059    0.891        -2.660       2.660           20.484    20.484       
0.233    0.518    0.057    0.819        -27.094      27.094          13.785    13.785       
0.267    0.512    0.047    0.850        -40.477      40.477          9.338     9.338        
0.300    0.493    0.036    0.837        -38.132      38.132          17.331    17.331       
0.333    0.476    0.018    0.843        -49.559      49.559          11.968    11.968       
0.367    0.465    0.004    0.696        -33.818      33.818          7.917     7.917        
0.400    0.445    -0.002   0.430        -13.389      13.389          23.029    23.029       
0.433    0.429    -0.005   0.526        -17.098      17.098          27.171    27.171       
0.467    0.412    -0.013   0.524        -16.636      16.636          28.073    28.073       
0.500    0.386    -0.018   0.338        8.183        8.183           27.492    27.492       2     0.333    0.093      
0.533    0.370    -0.007   0.156        35.151       35.151          44.635    44.635       
0.567    0.352    0.007    -0.014       42.443       42.443          37.662    37.662                                 1     0.700      
0.600    0.335    0.025    -0.139       58.867       58.867          14.023    14.023       
0.633    0.326    0.049    -0.373       84.655       84.655          31.243    31.243       
0.667    0.330    0.087    -0.491       93.399       93.399          37.393    37.393       
0.700    0.330    0.110    -0.470       81.771       81.771          42.282    42.282       
0.733    0.324    0.128    -0.539       80.416       80.416          37.097    37.097       
0.767    0.323    0.153    -0.714       95.206       95.206          25.250    25.250       
0.800    0.328    0.171    -0.744       106.693      106.693         18.908    18.908       
0.833    0.336    0.198    -0.772       103.858      103.858         39.057    39.057       
0.867    0.340    0.223    -0.748       103.106      103.106         42.018    42.018       
0.900    0.343    0.228    -0.831       110.490      110.490         15.667    15.667       
0.933    0.349    0.245    -0.826       120.232      120.232         30.848    30.848       
0.967    0.360    0.257    -0.770       129.756      129.756         34.514    34.514       
1.000    0.369    0.270    -0.788       139.487      139.487         21.008    21.008       
1.033    0.383    0.277    -0.990       -134.189     134.189         26.648    26.648       3     0.533    0.268      
1.067    0.391    0.247    -1.043       -143.697     143.697         9.231     9.231        4     0.033    0.031      
1.100    0.415    0.254    -0.940       153.152      153.152         24.102    24.102       
1.133    0.425    0.265    -0.990       -172.387     172.387         23.913    23.913       5     0.067    0.014      
1.167    0.433    0.252    -0.668       -137.551     137.551         12.274    12.274       
1.200    0.438    0.253    -0.499       125.860      125.860         24.572    24.572       
1.233    0.437    0.258    -0.325       -23.502      23.502          39.094    39.094       
1.267    0.426    0.248    0.017        -29.882      29.882          20.300    20.300       
1.300    0.424    0.250    0.089        -73.341      73.341          22.863    22.863       
1.333    0.419    0.223    0.236        -78.377      78.377          13.173    13.173       
1.367    0.415    0.205    0.513        -75.035      75.035          2.406     2.406        
1.400    0.412    0.198    0.606        -87.308      87.308          4.599     4.599        
1.433    0.414    0.186    0.811        -82.199      82.199          10.762    10.762       
1.467    0.407    0.158    0.914        -69.010      69.010          1.484     1.484        
1.500    0.396    0.140    0.755        -56.902      56.902          2.267     2.267        
1.533    0.388    0.130    0.575        -26.665      26.665          1.627     1.627        
1.567    0.383    0.133    0.662        -2.429       2.429           17.936    17.936       
1.600    0.369    0.129    0.679        -33.802      33.802          8.532     8.532        
1.633    0.360    0.118    0.411        -37.914      37.914          14.142    14.142       
1.667    0.343    0.109    0.352        -21.777      21.777          9.202     9.202        
1.700    0.329    0.106    0.490        -2.152       2.152           14.063    14.063       6     0.567    0.187      
1.733    0.324    0.109    0.440        29.151       29.151          26.993    26.993       
1.767    0.312    0.115    0.338        40.134       40.134          39.964    39.964       
1.800    0.307    0.123    0.517        68.321       68.321          20.992    20.992       
1.833    0.304    0.136    0.510        79.799       79.799          26.731    26.731       
1.867    0.302    0.149    0.438        93.748       93.748          24.107    24.107       
1.900    0.307    0.172    0.373        86.001       86.001          27.464    27.464       
1.933    0.300    0.183    0.128        88.269       88.269          18.350    18.350       
1.967    0.305    0.209    0.047        101.553      101.553         16.974    16.974       
2.000    0.309    0.226    -0.186       88.917       88.917          21.231    21.231                                 2     0.033      
2.033    0.305    0.249    0.010        96.490       96.490          23.545    23.545       
2.067    0.315    0.280    0.203        107.570      107.570         40.494    40.494       
2.100    0.318    0.290    -0.239       106.293      106.293         45.245    45.245                                 3     0.500      
2.133    0.320    0.298    -0.501       114.024      114.024         34.326    34.326       
2.167    0.325    0.305    -0.422       134.140      134.140         25.111    25.111       
2.200    0.339    0.317    -0.281       141.277      141.277         42.110    42.110       
2.233    0.352    0.328    -0.301       177.298      177.298         37.049    37.049       7     0.533    0.195      
2.267    0.363    0.318    -0.559       -169.604     169.604         34.883    34.883       
2.300    0.387    0.321    -0.573       -146.670     146.670         29.509    29.509       
2.333    0.388    0.301    -0.343       -111.411     111.411         16.433    16.433       
2.367    0.398    0.294    -0.674       -118.302     118.302         25.017    25.017       
2.400    0.404    0.271    -0.975       -112.028     112.028         12.173    12.173       
2.433    0.415    0.253    -0.610       -101.095     101.095         8.709     8.709        
2.467    0.413    0.229    -0.362       -91.380      91.380          15.000    15.000       
2.500    0.415    0.221    -0.600       -92.121      92.121          9.902     9.902        
2.533    0.414    0.203    -0.713       -63.440      63.440          8.654     8.654        
2.567    0.402    0.195    -0.126       27.482       27.482          15.464    15.464       8     0.333    0.150      
2.600    0.396    0.212    0.066        26.123       26.123          29.234    29.234       
2.633    0.375    0.208    -0.075       6.104        6.104           21.946    21.946                                 4     0.033      
2.667    0.358    0.216    0.215        28.231       28.231          35.869    35.869       
2.700    0.346    0.224    0.295        29.071       29.071          41.221    41.221       
2.733    0.339    0.227    0.463        45.725       45.725          40.172    40.172       
2.767    0.332    0.237    0.504        49.312       49.312          37.360    37.360       
2.800    0.329    0.239    0.421        -34.797      34.797          36.206    36.206       
2.833    0.327    0.233    0.195        25.001       25.001          24.915    24.915       
2.867    0.327    0.240    0.024        91.179       91.179          28.283    28.283       
2.900    0.327    0.246    0.318        -22.550      22.550          38.160    38.160       9     0.333    0.035      
2.933    0.325    0.239    0.362        -64.349      64.349          26.302    26.302       
2.967    0.324    0.241    0.376        11.001       11.001          35.277    35.277       
3.000    0.313    0.241    0.253        -14.454      14.454          24.674    24.674       
3.033    0.298    0.234    0.079        -14.686      14.686          45.955    45.955       
3.067    0.268    0.229    0.271        -24.086      24.086          32.337    32.337       
3.100    0.257    0.216    0.138        -42.743      42.743          29.038    29.038       
3.133    0.237    0.200    -0.075       -38.696      38.696          30.252    30.252                                 5     0.433      
3.167    0.223    0.189    -0.161       -42.448      42.448          40.433    40.433       
3.200    0.208    0.174    -0.146       -30.775      30.775          40.786    40.786       
3.233    0.195    0.172    -0.242       -31.738      31.738          54.716    54.716       
3.267    0.170    0.150    -0.685       -29.092      29.092          26.777    26.777       
3.300    0.150    0.147    -0.484       22.874       22.874          22.334    22.334       10    0.400    0.120      
3.333    0.145    0.161    -0.243       19.801       19.801          59.067    59.067       
3.367    0.120    0.157    -0.241       2.098        2.098           44.667    44.667       
3.400    0.106    0.162    -0.100       56.747       56.747          42.222    42.222       
3.433    0.099    0.189    -0.099       59.859       59.859          48.831    48.831       
3.467    0.084    0.200    -0.039       68.041       68.041          52.246    52.246       
3.500    0.087    0.221    -0.111       77.039       77.039          32.645    32.645       
3.533    0.077    0.232    -0.046       54.149       54.149          38.082    38.082       
3.567    0.068    0.246    0.162        81.578       81.578          36.044    36.044       
3.600    0.073    0.259    0.215        97.700       97.700          41.111    41.111       
3.633    0.072    0.274    0.183        89.884       89.884          39.082    39.082       
3.667    0.073    0.282    0.178        104.284      104.284         31.087    31.087       
