time  x      y      z      groundspeedxy  groundspeedxz  groundspeedxyz  trackanglexy  trackanglexz  trackanglexyz  airspeedxy  airspeedxz  airspeedxyz  courseanglexy  courseanglexz  courseanglexyz  driftanglexy  driftanglexz  driftanglexyz  
0.00  -0.646 0.034  -0.162 
0.03  -0.621 0.035  -0.169 0.75           0.78           0.78            1.50          17.03         17.08          1.00        1.02        1.02         1.12           12.92          12.97           0.38          4.10          4.12           
0.07  -0.602 0.035  -0.184 0.59           0.73           0.73            1.01          36.88         36.88          0.84        0.94        0.94         0.71           27.73          27.74           0.30          9.15          9.15           
0.10  -0.576 0.041  -0.206 0.80           1.01           1.03            13.28         39.75         40.84          1.05        1.22        1.23         10.13          32.20          33.20           3.15          7.55          7.64           
0.13  -0.562 0.052  -0.232 0.50           0.90           0.95            37.56         63.58         65.11          0.72        1.03        1.08         25.29          51.05          52.94           12.27         12.53         12.16          
0.17  -0.547 0.059  -0.265 0.51           1.07           1.09            25.33         64.77         65.31          0.74        1.20        1.22         17.01          53.91          54.57           8.32          10.86         10.73          
0.20  -0.536 0.059  -0.296 0.32           0.99           0.99            1.51          71.09         71.09          0.57        1.10        1.10         0.85           58.62          58.62           0.66          12.47         12.47          
0.23  -0.518 0.057  -0.324 0.57           1.02           1.02            -5.02         56.35         56.39          0.82        1.18        1.18         -3.48          46.15          46.20           -1.54         10.20         10.19          
0.27  -0.512 0.047  -0.350 0.37           0.81           0.87            -62.43        77.82         78.72          0.53        0.89        0.95         -37.82         61.96          63.80           -24.60        15.85         14.92          
0.30  -0.493 0.036  -0.381 0.64           1.07           1.11            -28.11        58.09         59.42          0.87        1.22        1.26         -20.34         48.10          49.59           -7.77         9.99          9.83           
0.33  -0.476 0.018  -0.406 0.75           0.92           1.07            -46.74        56.15         61.36          0.94        1.08        1.21         -35.53         45.05          50.89           -11.21        11.10         10.46          
0.37  -0.465 0.004  -0.437 0.55           0.98           1.08            -53.38        70.40         72.20          0.73        1.09        1.18         -37.39         57.92          60.52           -15.99        12.48         11.68          
0.40  -0.445 -0.002 -0.453 0.63           0.76           0.78            -16.65        38.03         39.94          0.87        0.97        0.99         -11.91         28.90          30.58           -4.73         9.14          9.37           
0.43  -0.429 -0.005 -0.466 0.50           0.63           0.64            -9.31         38.46         39.04          0.75        0.84        0.84         -6.21          27.80          28.30           -3.10         10.66         10.75          
0.47  -0.412 -0.013 -0.488 0.55           0.83           0.86            -24.13        52.57         54.10          0.79        1.00        1.03         -16.68         41.15          42.73           -7.45         11.42         11.36          
0.50  -0.386 -0.018 -0.501 0.78           0.86           0.87            -11.33        26.93         28.64          1.03        1.09        1.10         -8.59          20.96          22.38           -2.74         5.98          6.26           
0.53  -0.370 -0.007 -0.510 0.58           0.56           0.65            34.80         30.92         42.53          0.80        0.78        0.85         24.53          21.47          31.07           10.27         9.45          11.47          
0.57  -0.352 0.007  -0.511 0.69           0.56           0.69            35.45         2.68          35.51          0.90        0.81        0.90         26.21          1.86           26.26           9.24          0.83          9.25           
0.60  -0.335 0.025  -0.509 0.75           0.49           0.75            48.89         -6.24         49.02          0.93        0.74        0.93         37.19          -4.14          37.32           11.70         -2.10         11.70          
0.63  -0.326 0.049  -0.502 0.75           0.35           0.78            68.80         -39.57        69.73          0.87        0.57        0.90         53.28          -23.25         54.61           15.53         -16.32        15.12          
0.67  -0.330 0.087  -0.484 1.15           0.53           1.26            94.94         -100.70       94.49          1.15        0.54        1.26         82.44          -73.82         83.12           12.50         -26.87        11.37          
0.70  -0.330 0.110  -0.469 0.70           0.46           0.84            90.90         -91.37        90.75          0.74        0.52        0.87         71.26          -62.60         74.15           19.64         -28.78        16.60          
0.73  -0.324 0.128  -0.453 0.56           0.52           0.74            70.24         -68.50        75.13          0.69        0.65        0.84         50.16          -47.53         58.34           20.08         -20.96        16.79          
0.77  -0.323 0.153  -0.433 0.77           0.60           0.97            87.79         -87.15        88.25          0.82        0.66        1.01         70.01          -64.91         73.97           17.78         -22.24        14.28          
0.80  -0.328 0.171  -0.405 0.55           0.84           1.00            105.53        -100.14       98.56          0.54        0.84        0.99         79.23          -83.02         84.12           26.30         -17.12        14.43          
0.83  -0.336 0.198  -0.384 0.86           0.71           1.08            107.44        -111.31       103.75         0.82        0.66        1.05         90.46          -90.57         90.36           16.99         -20.75        13.40          
0.87  -0.340 0.223  -0.354 0.74           0.90           1.15            99.70         -97.99        96.19          0.74        0.90        1.15         80.22          -81.94         83.76           19.48         -16.05        12.44          
0.90  -0.343 0.228  -0.334 0.18           0.61           0.64            117.03        -97.74        97.48          0.23        0.63        0.65         44.15          -74.65         75.14           72.88         -23.09        22.34          
0.93  -0.349 0.245  -0.299 0.55           1.07           1.19            108.34        -99.39        98.42          0.53        1.06        1.18         81.80          -85.89         86.32           26.54         -13.51        12.10          
0.97  -0.360 0.257  -0.279 0.47           0.68           0.76            134.24        -118.74       115.54         0.35        0.60        0.69         103.13         -97.48         96.53           31.12         -21.26        19.01          
1.00  -0.369 0.270  -0.247 0.48           0.98           1.06            125.37        -106.51       105.30         0.39        0.94        1.02         94.19          -91.75         91.62           31.18         -14.76        13.68          
1.03  -0.383 0.277  -0.226 0.48           0.77           0.80            153.60        -124.19       122.78         0.28        0.66        0.69         130.28         -105.95        105.15          23.32         -18.25        17.62          
1.07  -0.391 0.247  -0.181 0.91           1.36           1.63            -104.04       -99.36        97.83          0.89        1.34        1.61         -88.16         -88.79         88.99           -15.88        -10.57        8.85           
1.10  -0.415 0.254  -0.156 0.75           1.03           1.05            164.88        -134.10       133.15         0.51        0.88        0.90         157.50         -122.31        121.45          7.37          -11.79        11.69          
1.13  -0.425 0.265  -0.119 0.44           1.18           1.22            132.89        -104.66       104.13         0.32        1.14        1.18         98.45          -92.39         92.30           34.44         -12.26        11.83          
1.17  -0.433 0.252  -0.091 0.46           0.88           0.96            -121.91       -106.20       104.75         0.39        0.84        0.93         -89.22         -89.64         89.67           -32.69        -16.57        15.08          
1.20  -0.438 0.253  -0.074 0.14           0.51           0.51            162.91        -105.64       105.59         0.12        0.51        0.51         20.85          -77.26         77.31           142.05        -28.38        28.28          
1.23  -0.437 0.258  -0.057 0.15           0.50           0.52            89.08         -89.73        89.74          0.29        0.56        0.58         29.98          -63.36         64.28           59.10         -26.37        25.47          
1.27  -0.426 0.248  -0.052 0.44           0.37           0.47            -41.13        -23.64        44.33          0.65        0.60        0.67         -26.55         -14.06         29.20           -14.58        -9.58         15.12          
1.30  -0.424 0.250  -0.058 0.09           0.19           0.20            38.95         68.18         69.14          0.33        0.37        0.37         10.27          29.23          30.47           28.68         38.94         38.68          
1.33  -0.419 0.223  -0.058 0.82           0.15           0.82            -79.34        -0.85         79.34          0.90        0.40        0.90         -63.54         -0.32          63.54           -15.81        -0.53         15.81          
1.37  -0.415 0.205  -0.074 0.56           0.49           0.73            -76.96        75.08         80.08          0.66        0.60        0.81         -55.37         51.53          62.47           -21.59        23.54         17.61          
1.40  -0.412 0.198  -0.092 0.24           0.56           0.60            -70.47        81.87         82.45          0.40        0.64        0.68         -34.03         59.20          61.06           -36.44        22.67         21.40          
1.43  -0.414 0.186  -0.114 0.34           0.66           0.74            -99.01        94.56         94.08          0.39        0.69        0.76         -59.30         73.35          75.05           -39.71        21.21         19.03          
1.47  -0.407 0.158  -0.147 0.88           0.99           1.30            -75.83        77.41         80.50          0.97        1.07        1.37         -61.35         64.20          70.10           -14.48        13.21         10.40          
1.50  -0.396 0.140  -0.175 0.64           0.92           1.08            -59.68        69.45         72.49          0.80        1.04        1.18         -44.00         56.44          60.81           -15.68        13.02         11.68          
1.53  -0.388 0.130  -0.197 0.36           0.68           0.74            -51.97        70.91         72.44          0.55        0.80        0.85         -31.08         53.72          56.13           -20.89        17.19         16.31          
1.57  -0.383 0.133  -0.214 0.19           0.53           0.54            26.96         71.29         71.54          0.43        0.66        0.66         11.68          50.20          50.61           15.27         21.09         20.93          
1.60  -0.369 0.129  -0.241 0.43           0.92           0.92            -15.24        63.39         63.60          0.67        1.05        1.06         -9.61          51.12          51.38           -5.63         12.27         12.22          
1.63  -0.360 0.118  -0.259 0.43           0.60           0.69            -52.01        63.66         67.30          0.62        0.75        0.82         -33.46         46.19          50.99           -18.55        17.46         16.32          
1.67  -0.343 0.109  -0.268 0.56           0.58           0.63            -27.14        29.41         37.31          0.79        0.80        0.84         -18.89         20.63          26.96           -8.25         8.79          10.34          
1.70  -0.329 0.106  -0.282 0.44           0.60           0.61            -14.86        44.82         45.81          0.68        0.79        0.80         -9.47          31.99          32.89           -5.39         12.82         12.92          
1.73  -0.324 0.109  -0.301 0.19           0.58           0.59            28.52         73.48         73.68          0.43        0.70        0.70         12.23          53.36          53.72           16.29         20.11         19.96          
1.77  -0.312 0.115  -0.312 0.39           0.47           0.50            29.46         43.48         47.82          0.62        0.67        0.70         18.00          28.61          32.41           11.46         14.87         15.41          
1.80  -0.307 0.123  -0.324 0.28           0.39           0.45            54.87         65.36         68.98          0.47        0.54        0.59         29.28          40.70          45.76           25.59         24.66         23.22          
1.83  -0.304 0.136  -0.346 0.40           0.68           0.79            77.91         83.04         83.95          0.51        0.76        0.85         49.28          63.88          66.93           28.63         19.16         17.02          
1.87  -0.302 0.149  -0.358 0.40           0.35           0.52            81.67         80.36         83.67          0.50        0.46        0.61         52.08          47.89          59.45           29.59         32.47         24.22          
1.90  -0.307 0.172  -0.375 0.72           0.55           0.90            100.41        103.67        98.34          0.72        0.55        0.90         80.40          77.37          82.31           20.00         26.30         16.02          
1.93  -0.300 0.183  -0.382 0.37           0.29           0.42            56.79         46.37         61.65          0.55        0.50        0.59         34.26          25.07          39.57           22.53         21.30         22.08          
1.97  -0.305 0.209  -0.384 0.81           0.17           0.82            101.89        165.27        101.87         0.80        0.09        0.80         84.11          28.24          84.12           17.78         137.03        17.75          
2.00  -0.309 0.226  -0.386 0.51           0.11           0.52            101.02        153.11        100.97         0.53        0.16        0.53         73.24          18.16          73.32           27.78         134.95        27.65          
2.03  -0.305 0.249  -0.372 0.70           0.44           0.82            80.13         -74.02        81.54          0.79        0.56        0.89         61.89          -48.70         65.47           18.23         -25.33        16.07          
2.07  -0.315 0.280  -0.386 0.98           0.54           1.08            108.13        124.66        106.49         0.94        0.45        1.04         93.44          97.23          93.11           14.69         27.43         13.38          
2.10  -0.318 0.290  -0.385 0.30           0.09           0.30            105.73        -155.61       105.61         0.34        0.17        0.34         59.91          -12.43         60.11           45.83         -143.18       45.51          
2.13  -0.320 0.298  -0.370 0.24           0.45           0.50            107.01        -98.97        97.98          0.29        0.48        0.53         51.60          -67.76         70.03           55.41         -31.20        27.95          
2.17  -0.325 0.305  -0.352 0.27           0.58           0.63            120.10        -103.78       102.73         0.26        0.57        0.62         64.74          -78.71         79.58           55.37         -25.08        23.15          
2.20  -0.339 0.317  -0.342 0.53           0.50           0.61            141.30        -145.85       133.61         0.37        0.33        0.47         116.59         -120.59        110.91          24.71         -25.26        22.70          
2.23  -0.352 0.328  -0.333 0.53           0.50           0.60            141.25        -145.85       133.58         0.37        0.32        0.46         116.14         -120.14        110.55          25.11         -25.71        23.03          
2.27  -0.363 0.318  -0.322 0.44           0.46           0.55            -137.69       -135.32       126.65         0.31        0.33        0.44         -104.29        -103.19        99.78           -33.41        -32.13        26.87          
2.30  -0.387 0.321  -0.296 0.73           1.08           1.08            171.91        -132.38       132.14         0.49        0.93        0.93         167.77         -120.89        120.68          4.14          -11.48        11.46          
2.33  -0.388 0.301  -0.284 0.59           0.35           0.69            -91.77        -92.99        91.52          0.64        0.42        0.73         -68.65         -56.48         71.39           -23.12        -36.51        20.13          
2.37  -0.398 0.294  -0.273 0.37           0.45           0.50            -143.98       -131.66       126.76         0.22        0.34        0.40         -102.84        -98.38         97.05           -41.14        -33.28        29.71          
2.40  -0.404 0.271  -0.239 0.72           1.03           1.24            -105.47       -100.81       98.93          0.70        1.01        1.23         -85.32         -86.77         87.34           -20.16        -14.04        11.59          
2.43  -0.415 0.253  -0.208 0.63           0.99           1.13            -119.60       -108.21       105.89         0.55        0.94        1.09         -96.22         -93.61         93.13           -23.37        -14.60        12.77          
2.47  -0.413 0.229  -0.198 0.72           0.29           0.77            -85.07        -77.54        85.41          0.78        0.42        0.83         -66.50         -41.93         67.95           -18.57        -35.61        17.45          
2.50  -0.415 0.221  -0.184 0.25           0.45           0.51            -109.90       -100.84       99.61          0.29        0.47        0.53         -54.81         -69.55         71.76           -55.09        -31.29        27.85          
2.53  -0.414 0.203  -0.158 0.53           0.76           0.93            -83.91        -85.73        86.50          0.61        0.82        0.97         -59.93         -67.95         71.64           -23.98        -17.78        14.86          
2.57  -0.402 0.195  -0.136 0.43           0.75           0.79            -37.69        -63.13        64.74          0.64        0.89        0.93         -23.97         -48.65         50.66           -13.71        -14.49        14.08          
2.60  -0.396 0.212  -0.150 0.56           0.45           0.70            71.68         67.23         75.43          0.68        0.60        0.80         51.23          44.47          57.76           20.46         22.76         17.67          
2.63  -0.375 0.208  -0.140 0.67           0.71           0.72            -10.57        -23.54        25.36          0.91        0.95        0.96         -7.69          -17.50         18.93           -2.88         -6.04         6.43           
2.67  -0.358 0.216  -0.145 0.56           0.53           0.58            25.90         14.86         28.96          0.80        0.77        0.81         18.02          10.08          20.35           7.88          4.78          8.61           
2.70  -0.346 0.224  -0.155 0.41           0.46           0.51            31.43         39.98         46.05          0.64        0.67        0.70         19.65          26.11          31.23           11.77         13.87         14.82          
2.73  -0.339 0.227  -0.165 0.24           0.37           0.38            25.04         53.57         55.09          0.48        0.55        0.56         12.29          32.28          33.75           12.75         21.29         21.34          
2.77  -0.332 0.237  -0.186 0.36           0.66           0.73            59.38         73.74         75.34          0.53        0.76        0.83         35.59          55.44          58.29           23.80         18.30         17.05          
2.80  -0.329 0.239  -0.198 0.12           0.39           0.40            16.92         73.42         73.48          0.36        0.52        0.53         5.40           46.21          46.32           11.53         27.22         27.16          
2.83  -0.327 0.233  -0.214 0.17           0.47           0.49            -67.76        82.12         82.53          0.35        0.56        0.58         -26.57         55.90          57.33           -41.19        26.22         25.20          
2.87  -0.327 0.240  -0.211 0.19           0.07           0.20            89.12         -87.79        89.19          0.32        0.26        0.32         36.69          -16.46         38.71           52.43         -71.34        50.47          
2.90  -0.327 0.246  -0.215 0.20           0.12           0.23            93.14         95.04         92.67          0.31        0.27        0.33         39.54          27.16          44.19           53.60         67.88         48.48          
2.93  -0.325 0.239  -0.232 0.23           0.52           0.56            -72.56        82.27         82.90          0.39        0.60        0.64         -34.76         58.10          60.25           -37.79        24.17         22.64          
2.97  -0.324 0.241  -0.239 0.06           0.21           0.22            83.45         88.06         88.14          0.26        0.33        0.34         13.55          39.21          40.39           69.91         48.85         47.75          
3.00  -0.313 0.241  -0.257 0.34           0.64           0.64            1.02          57.68         57.69          0.59        0.80        0.80         0.59           42.43          42.43           0.43          15.25         15.25          
3.03  -0.298 0.234  -0.256 0.48           0.44           0.49            -25.34        -4.64         25.66          0.72        0.69        0.72         -16.77         -2.96          17.00           -8.57         -1.69         8.66           
3.07  -0.268 0.229  -0.263 0.91           0.92           0.93            -9.05         12.15         14.99          1.16        1.17        1.17         -7.10          9.56           11.83           -1.94         2.59          3.16           
3.10  -0.257 0.216  -0.274 0.53           0.49           0.64            -50.37        45.71         57.74          0.72        0.69        0.80         -34.85         30.58          42.40           -15.53        15.13         15.33          
3.13  -0.237 0.200  -0.272 0.75           0.60           0.75            -37.33        -7.03         37.68          0.96        0.85        0.96         -28.25         -4.96          28.56           -9.07         -2.06         9.12           
3.17  -0.223 0.189  -0.269 0.55           0.43           0.56            -40.56        -10.46        41.20          0.76        0.67        0.76         -28.19         -6.60          28.74           -12.37        -3.86         12.46          
3.20  -0.208 0.174  -0.261 0.64           0.52           0.68            -44.09        -28.18        47.90          0.83        0.75        0.87         -32.05         -19.10         35.59           -12.03        -9.08         12.32          
3.23  -0.195 0.172  -0.260 0.39           0.39           0.39            -8.62         -6.90         10.98          0.64        0.64        0.64         -5.24          -4.19          6.70            -3.37         -2.71         4.28           
3.27  -0.170 0.150  -0.245 0.99           0.87           1.09            -40.56        -30.10        45.95          1.20        1.10        1.27         -32.75         -23.54         37.84           -7.82         -6.56         8.11           
3.30  -0.150 0.147  -0.214 0.61           1.11           1.12            -10.29        -57.07        57.25          0.86        1.26        1.27         -7.32          -47.52         47.72           -2.97         -9.55         9.54           
3.33  -0.145 0.161  -0.213 0.46           0.16           0.46            70.04         -12.86        70.10          0.59        0.41        0.59         46.65          -5.02          46.75           23.39         -7.84         23.35          
3.37  -0.120 0.157  -0.198 0.73           0.85           0.86            -8.84         -31.81        32.60          0.98        1.07        1.08         -6.60          -24.77         25.44           -2.24         -7.05         7.16           
3.40  -0.106 0.162  -0.197 0.46           0.43           0.46            19.81         -4.15         20.18          0.70        0.68        0.70         12.84          -2.63          13.09           6.97          -1.52         7.09           
3.43  -0.099 0.189  -0.191 0.83           0.26           0.85            76.05         -40.10        76.33          0.93        0.48        0.94         60.85          -20.56         61.37           15.20         -19.54        14.97          
3.47  -0.084 0.200  -0.190 0.55           0.45           0.55            34.84         -3.63         34.96          0.77        0.70        0.77         24.12          -2.34          24.21           10.72         -1.30         10.75          
3.50  -0.087 0.221  -0.188 0.63           0.09           0.63            96.40         -144.58       96.38          0.65        0.19        0.66         74.07          -15.62         74.12           22.33         -128.96       22.26          
3.53  -0.077 0.232  -0.183 0.44           0.34           0.48            48.82         -30.50        52.13          0.64        0.57        0.66         31.64          -17.61         34.72           17.19         -12.89        17.41          
3.57  -0.068 0.246  -0.185 0.49           0.27           0.50            58.93         17.37         59.37          0.66        0.51        0.66         39.96          8.97           40.45           18.98         8.40          18.92          
3.60  -0.073 0.259  -0.194 0.42           0.28           0.49            108.38        118.51        105.82         0.42        0.27        0.48         73.69          64.43          75.99           34.68         54.08         29.84          
3.63  -0.072 0.274  -0.200 0.45           0.19           0.49            87.72         84.47         87.89          0.52        0.33        0.56         59.25          34.66          61.18           28.46         49.81         26.71          
3.67  -0.073 0.282  -0.206 0.24           0.18           0.30            93.97         95.24         93.17          0.33        0.29        0.38         45.61          37.66          52.01           48.36         57.58         41.16          
