time  x      y      z      groundspeedxy  groundspeedxz  groundspeedxyz  trackanglexy  trackanglexz  trackanglexyz  airspeedxy  airspeedxz  airspeedxyz  courseanglexy  courseanglexz  courseanglexyz  driftanglexy  driftanglexz  driftanglexyz  
0.00  -1.175 0.272  -0.305 
0.03  -1.150 0.274  -0.298 0.74           0.76           0.76            3.12          -15.57        15.85          0.99        1.01        1.01         2.33           -11.74         11.96           0.79          -3.83         3.89           
0.07  -1.130 0.270  -0.289 0.63           0.68           0.69            -10.67        -24.04        25.84          0.88        0.92        0.92         -7.66          -17.67         19.07           -3.01         -6.38         6.77           
0.10  -1.107 0.272  -0.275 0.67           0.78           0.78            5.50          -31.44        31.76          0.92        1.00        1.01         4.00           -23.98         24.24           1.49          -7.46         7.52           
0.13  -1.089 0.273  -0.262 0.55           0.68           0.69            4.67          -36.16        36.33          0.80        0.90        0.90         3.22           -26.71         26.85           1.45          -9.45         9.48           
0.17  -1.070 0.272  -0.249 0.56           0.67           0.68            -5.17         -34.49        34.72          0.81        0.89        0.89         -3.57          -25.36         25.55           -1.60         -9.13         9.17           
0.20  -1.049 0.271  -0.239 0.64           0.71           0.71            -1.61         -25.22        25.26          0.89        0.94        0.94         -1.16          -18.71         18.75           -0.45         -6.51         6.52           
0.23  -1.028 0.271  -0.225 0.65           0.77           0.77            -1.57         -32.91        32.93          0.90        0.99        0.99         -1.13          -25.02         25.04           -0.44         -7.89         7.89           
0.27  -1.011 0.273  -0.209 0.49           0.69           0.69            7.95          -44.92        45.20          0.74        0.88        0.88         5.27           -33.37         33.62           2.68          -11.56        11.58          
0.30  -0.988 0.265  -0.198 0.74           0.78           0.81            -17.73        -24.85        29.37          0.98        1.01        1.04         -13.30         -18.89         22.58           -4.44         -5.96         6.79           
0.33  -0.963 0.264  -0.188 0.73           0.79           0.79            -2.36         -22.28        22.38          0.98        1.02        1.02         -1.76          -16.96         17.04           -0.60         -5.32         5.34           
0.37  -0.935 0.264  -0.175 0.86           0.95           0.95            0.35          -24.65        24.65          1.11        1.18        1.18         0.27           -19.58         19.58           0.08          -5.06         5.06           
0.40  -0.910 0.262  -0.171 0.74           0.74           0.75            -5.95         -8.13         10.03          0.99        0.99        0.99         -4.45          -6.09          7.52            -1.50         -2.04         2.51           
0.43  -0.880 0.262  -0.173 0.90           0.90           0.90            -0.02         2.79          2.79           1.15        1.15        1.15         -0.02          2.18           2.18            -0.00         0.60          0.60           
0.47  -0.865 0.266  -0.180 0.48           0.50           0.52            16.44         24.54         28.53          0.72        0.74        0.75         10.82          16.46          19.39           5.63          8.07          9.14           
0.50  -0.844 0.272  -0.186 0.64           0.65           0.67            14.19         15.92         20.87          0.89        0.89        0.91         10.24          11.52          15.23           3.95          4.40          5.64           
0.53  -0.830 0.276  -0.203 0.43           0.66           0.68            19.51         51.94         52.97          0.67        0.84        0.85         12.40          38.40          39.44           7.11          13.54         13.53          
0.57  -0.824 0.285  -0.215 0.30           0.41           0.48            53.60         64.65         68.27          0.49        0.57        0.62         29.37          41.22          46.16           24.22         23.43         22.11          
0.60  -0.825 0.297  -0.234 0.38           0.56           0.68            93.83         92.59         92.15          0.44        0.60        0.71         59.42          68.20          71.67           34.41         24.39         20.47          
0.63  -0.847 0.311  -0.254 0.77           0.87           0.97            146.74        137.48        131.58         0.58        0.71        0.82         132.97         123.68         118.46          13.77         13.80         13.12          
0.67  -0.868 0.322  -0.261 0.72           0.68           0.75            154.44        161.88        149.91         0.50        0.45        0.55         142.07         151.92         136.64          12.37         9.95          13.27          
0.70  -0.894 0.328  -0.276 0.79           0.88           0.91            164.72        149.87        147.32         0.55        0.68        0.71         157.89         139.20         136.35          6.83          10.67         10.97          
0.73  -0.927 0.347  -0.285 1.15           1.04           1.19            150.80        164.06        147.88         0.94        0.81        0.98         143.34         159.18         140.11          7.45          4.88          7.77           
0.77  -0.955 0.347  -0.299 0.82           0.92           0.92            -179.82       153.03        153.03         0.57        0.71        0.71         -179.74        143.82         143.82          -0.08         9.21          9.21           
0.80  -0.982 0.346  -0.308 0.84           0.88           0.88            -176.90       162.49        162.25         0.59        0.64        0.64         -175.58        155.76         155.45          -1.32         6.73          6.80           
0.83  -1.013 0.348  -0.319 0.92           0.98           0.98            175.60        159.75        159.35         0.67        0.75        0.75         173.97         153.12         152.63          1.63          6.63          6.72           
0.87  -1.038 0.348  -0.329 0.76           0.81           0.81            179.88        159.80        159.80         0.51        0.58        0.58         179.81         151.27         151.27          0.06          8.53          8.53           
0.90  -1.057 0.355  -0.340 0.61           0.66           0.69            158.89        149.30        144.69         0.38        0.46        0.51         145.33         133.24         128.25          13.55         16.06         16.44          
0.93  -1.072 0.362  -0.342 0.50           0.46           0.50            155.22        171.79        154.19         0.29        0.21        0.30         134.06         162.11         132.72          21.16         9.69          21.46          
0.97  -1.086 0.361  -0.346 0.42           0.44           0.44            -174.32       164.68        163.75         0.18        0.21        0.21         -166.19        145.91         144.24          -8.13         18.77         19.51          
1.00  -1.093 0.352  -0.346 0.33           0.19           0.33            -126.32       177.32        126.31         0.27        0.06        0.27         -77.99         9.17           78.00           -48.33        168.15        48.31          
1.03  -1.097 0.338  -0.345 0.43           0.13           0.43            -105.97       -161.08       105.90         0.43        0.14        0.44         -72.33         -17.12         72.41           -33.64        -143.96       33.48          
1.07  -1.101 0.323  -0.339 0.47           0.22           0.50            -105.21       -124.75       104.20         0.47        0.22        0.50         -74.42         -54.57         75.45           -30.79        -70.18        28.76          
1.10  -1.103 0.303  -0.330 0.61           0.27           0.66            -96.97        -105.74       96.40          0.63        0.31        0.68         -73.62         -55.88         74.91           -23.35        -49.86        21.49          
1.13  -1.099 0.284  -0.314 0.59           0.49           0.76            -78.20        -75.66        80.81          0.69        0.60        0.84         -57.45         -52.01         63.70           -20.75        -23.65        17.11          
1.17  -1.088 0.268  -0.303 0.58           0.48           0.68            -56.21        -47.21        61.53          0.75        0.67        0.83         -40.14         -31.37         46.14           -16.07        -15.84        15.39          
1.20  -1.076 0.249  -0.286 0.66           0.62           0.82            -55.96        -53.70        63.56          0.82        0.79        0.96         -41.37         -39.00         50.11           -14.59        -14.70        13.45          
1.23  -1.064 0.234  -0.273 0.58           0.54           0.70            -51.47        -48.04        59.20          0.76        0.73        0.86         -36.54         -33.27         44.70           -14.94        -14.77        14.50          
1.27  -1.048 0.223  -0.260 0.59           0.61           0.69            -35.12        -36.83        45.77          0.81        0.82        0.89         -24.89         -26.29         34.12           -10.23        -10.54        11.65          
1.30  -1.036 0.225  -0.253 0.38           0.43           0.43            11.16         -30.76        32.09          0.62        0.66        0.66         6.70           -19.51         20.47           4.46          -11.25        11.61          
1.33  -1.023 0.236  -0.250 0.50           0.40           0.51            39.40         -14.62        40.76          0.71        0.64        0.72         26.51          -9.00          27.62           12.89         -5.62         13.13          
1.37  -1.015 0.246  -0.252 0.39           0.26           0.39            50.21         15.61         50.95          0.58        0.50        0.58         30.85          7.92           31.52           19.36         7.70          19.43          
1.40  -1.018 0.266  -0.256 0.62           0.16           0.64            99.02         126.99        98.83          0.63        0.20        0.65         76.09          40.39          76.38           22.93         86.60         22.46          
1.43  -1.025 0.281  -0.257 0.49           0.22           0.49            116.29        179.39        116.29         0.44        0.03        0.44         85.93          4.25           85.93           30.37         175.14        30.36          
1.47  -1.033 0.296  -0.262 0.49           0.27           0.51            117.72        145.83        116.33         0.43        0.16        0.46         86.84          81.20          87.02           30.88         64.62         29.31          
1.50  -1.033 0.306  -0.259 0.30           0.08           0.31            89.95         -89.83        89.96          0.39        0.26        0.40         50.22          -17.86         51.19           39.74         -71.97        38.76          
1.53  -1.034 0.314  -0.262 0.26           0.10           0.27            101.02        118.79        100.40         0.32        0.22        0.34         51.74          24.20          53.38           49.27         94.59         47.02          
1.57  -1.030 0.317  -0.261 0.16           0.14           0.16            29.59         -10.36        30.82          0.40        0.39        0.40         11.44          -3.73          12.01           18.15         -6.63         18.82          
1.60  -1.020 0.310  -0.262 0.35           0.29           0.35            -34.55        6.05          34.86          0.57        0.54        0.57         -20.17         3.24           20.39           -14.37        2.81          14.47          
1.63  -1.016 0.294  -0.261 0.49           0.14           0.49            -74.44        -14.67        74.48          0.61        0.38        0.61         -51.12         -5.16          51.19           -23.32        -9.50         23.29          
1.67  -1.002 0.277  -0.261 0.67           0.41           0.67            -51.95        -0.64         51.95          0.84        0.66        0.84         -38.45         -0.40          38.45           -13.50        -0.24         13.50          
1.70  -0.988 0.266  -0.261 0.54           0.43           0.54            -37.86        -0.01         37.86          0.75        0.68        0.75         -26.09         -0.01          26.09           -11.77        -0.00         11.77          
1.73  -0.971 0.252  -0.268 0.65           0.55           0.69            -38.42        21.76         41.61          0.86        0.79        0.89         -28.06         15.02          30.83           -10.36        6.74          10.78          
1.77  -0.954 0.244  -0.264 0.57           0.52           0.58            -26.21        -12.56        28.39          0.80        0.77        0.81         -18.26         -8.49          19.90           -7.96         -4.07         8.48           
1.80  -0.931 0.236  -0.262 0.72           0.68           0.72            -19.25        -4.22         19.64          0.96        0.93        0.96         -14.34         -3.09          14.64           -4.91         -1.13         5.00           
1.83  -0.911 0.235  -0.260 0.62           0.62           0.62            -1.45         -7.27         7.41           0.87        0.87        0.87         -1.03          -5.18          5.28            -0.42         -2.08         2.12           
1.87  -0.889 0.237  -0.258 0.67           0.67           0.67            2.99          -4.35         5.27           0.92        0.92        0.92         2.17           -3.17          3.84            0.81          -1.18         1.43           
1.90  -0.860 0.238  -0.261 0.86           0.86           0.86            3.37          7.00          7.75           1.11        1.11        1.11         2.61           5.43           6.01            0.76          1.57          1.74           
1.93  -0.837 0.251  -0.264 0.78           0.69           0.78            28.07         6.46          28.60          1.01        0.94        1.01         21.35          4.75           21.79           6.71          1.71          6.81           
1.97  -0.812 0.261  -0.266 0.81           0.75           0.81            22.84         3.57          23.06          1.05        1.00        1.05         17.51          2.68           17.69           5.33          0.90          5.37           
2.00  -0.787 0.274  -0.269 0.85           0.77           0.85            26.52         8.14          27.43          1.08        1.01        1.08         20.56          6.14           21.32           5.95          2.00          6.11           
2.03  -0.765 0.280  -0.274 0.69           0.68           0.70            15.20         11.88         18.96          0.93        0.92        0.94         11.15          8.68           14.00           4.04          3.20          4.96           
2.07  -0.737 0.285  -0.274 0.84           0.83           0.84            10.89         0.73          10.92          1.09        1.08        1.09         8.41           0.56           8.43            2.48          0.17          2.49           
2.10  -0.707 0.286  -0.274 0.91           0.91           0.91            2.35          0.49          2.40           1.16        1.16        1.16         1.84           0.39           1.88            0.51          0.11          0.52           
2.13  -0.679 0.296  -0.274 0.90           0.85           0.90            19.21         -0.96         19.23          1.14        1.10        1.14         15.08          -0.74          15.09           4.13          -0.22         4.14           
2.17  -0.654 0.297  -0.270 0.73           0.74           0.74            1.56          -9.45         9.57           0.98        0.99        0.99         1.17           -7.08          7.17            0.40          -2.37         2.40           
2.20  -0.632 0.290  -0.258 0.71           0.77           0.80            -17.42        -28.05        31.74          0.95        1.00        1.02         -12.91         -21.28         24.32           -4.51         -6.78         7.42           
2.23  -0.607 0.286  -0.242 0.74           0.87           0.88            -7.61         -32.27        32.84          0.99        1.09        1.10         -5.69          -25.25         25.73           -1.91         -7.02         7.10           
2.27  -0.584 0.279  -0.226 0.72           0.83           0.86            -17.67        -34.96        37.54          0.96        1.05        1.07         -13.12         -27.09         29.34           -4.55         -7.87         8.20           
2.30  -0.563 0.260  -0.217 0.87           0.70           0.91            -42.34        -23.02        45.15          1.07        0.94        1.11         -33.29         -17.02         35.92           -9.05         -6.00         9.23           
2.33  -0.539 0.248  -0.202 0.79           0.84           0.91            -26.61        -32.76        39.19          1.02        1.06        1.11         -20.29         -25.40         31.04           -6.32         -7.35         8.15           
2.37  -0.522 0.245  -0.177 0.53           0.91           0.91            -8.74         -54.72        54.87          0.78        1.07        1.08         -5.95          -43.74         43.91           -2.80         -10.97        10.96          
2.40  -0.505 0.254  -0.158 0.58           0.77           0.82            27.16         -48.40        51.06          0.81        0.96        0.99         19.03          -37.13         39.76           8.13          -11.27        11.31          
2.43  -0.482 0.264  -0.143 0.74           0.82           0.87            23.92         -33.89        38.84          0.98        1.03        1.08         17.96          -26.15         30.47           5.96          -7.75         8.37           
2.47  -0.465 0.275  -0.131 0.61           0.63           0.71            34.07         -36.41        45.02          0.83        0.84        0.91         24.34          -26.26         33.79           9.73          -10.16        11.23          
2.50  -0.439 0.294  -0.116 0.96           0.88           1.05            36.16         -28.87        42.47          1.17        1.11        1.25         28.92          -22.63         34.69           7.24          -6.24         7.78           
2.53  -0.415 0.307  -0.106 0.83           0.80           0.88            27.03         -22.21        33.16          1.06        1.03        1.10         20.87          -16.96         26.02           6.16          -5.24         7.13           
2.57  -0.393 0.322  -0.108 0.80           0.66           0.81            35.44         5.16          35.66          1.02        0.91        1.02         27.26          3.74           27.44           8.18          1.42          8.21           
2.60  -0.375 0.325  -0.121 0.54           0.65           0.65            8.20          35.01         35.57          0.79        0.87        0.87         5.60           25.47          25.94           2.60          9.54          9.63           
2.63  -0.358 0.327  -0.132 0.54           0.63           0.63            8.23          32.46         33.12          0.78        0.85        0.85         5.62           23.38          23.91           2.62          9.08          9.21           
2.67  -0.338 0.325  -0.141 0.58           0.64           0.65            -7.31         26.45         27.19          0.83        0.87        0.88         -5.11          19.12          19.70           -2.20         7.33          7.49           
2.70  -0.326 0.323  -0.159 0.36           0.63           0.63            -8.05         55.16         55.29          0.61        0.80        0.80         -4.76          40.21          40.34           -3.29         14.95         14.94          
2.73  -0.312 0.312  -0.173 0.56           0.61           0.70            -38.37        44.50         51.61          0.77        0.81        0.88         -26.71         31.99          38.74           -11.65        12.51         12.87          
2.77  -0.304 0.299  -0.192 0.46           0.63           0.74            -59.70        68.52         71.93          0.62        0.76        0.85         -39.40         50.66          55.79           -20.30        17.87         16.14          
2.80  -0.291 0.290  -0.210 0.48           0.67           0.72            -33.50        53.56         56.44          0.70        0.85        0.89         -22.15         39.79          42.83           -11.35        13.76         13.60          
2.83  -0.264 0.274  -0.220 0.93           0.84           0.97            -30.88        19.28         34.72          1.15        1.08        1.18         -24.46         14.90          27.79           -6.42         4.38          6.93           
2.87  -0.252 0.262  -0.230 0.50           0.48           0.59            -43.64        40.35         51.94          0.70        0.69        0.77         -29.44         26.70          37.09           -14.20        13.66         14.85          
2.90  -0.241 0.253  -0.243 0.44           0.52           0.59            -38.48        49.13         54.51          0.65        0.71        0.76         -24.64         33.69          38.98           -13.84        15.44         15.53          
2.93  -0.225 0.236  -0.260 0.70           0.71           0.87            -46.64        47.04         56.45          0.89        0.90        1.03         -34.90         35.28          44.82           -11.73        11.76         11.63          
2.97  -0.209 0.229  -0.269 0.53           0.54           0.59            -24.67        27.09         34.51          0.77        0.78        0.81         -16.86         18.65          24.40           -7.81         8.44          10.11          
3.00  -0.181 0.210  -0.270 1.02           0.84           1.02            -34.43        2.76          34.49          1.23        1.09        1.24         -27.85         2.13           27.91           -6.57         0.63          6.58           
3.03  -0.160 0.201  -0.283 0.67           0.75           0.78            -21.25        32.58         36.80          0.91        0.97        1.00         -15.54         24.56          28.15           -5.71         8.02          8.65           
3.07  -0.151 0.182  -0.278 0.63           0.32           0.65            -64.94        -32.62        65.87          0.77        0.54        0.79         -47.85         -18.29         49.07           -17.09        -14.33        16.80          
3.10  -0.130 0.174  -0.271 0.67           0.65           0.70            -21.53        -16.97        26.51          0.91        0.90        0.93         -15.74         -12.30         19.61           -5.79         -4.67         6.90           
3.13  -0.121 0.168  -0.260 0.32           0.42           0.46            -35.19        -51.87        55.52          0.54        0.61        0.64         -19.81         -33.06         36.65           -15.37        -18.81        18.87          
3.17  -0.106 0.150  -0.242 0.71           0.72           0.90            -48.54        -49.87        58.62          0.89        0.91        1.05         -36.41         -37.70         46.89           -12.14        -12.17        11.73          
3.20  -0.088 0.135  -0.228 0.71           0.67           0.82            -41.16        -36.59        48.92          0.92        0.88        1.00         -30.81         -26.86         38.04           -10.35        -9.73         10.88          
3.23  -0.077 0.123  -0.203 0.48           0.82           0.90            -47.82        -66.98        68.96          0.67        0.95        1.02         -31.87         -52.98         55.67           -15.95        -14.00        13.29          
3.27  -0.072 0.117  -0.184 0.23           0.60           0.62            -45.74        -74.33        74.91          0.44        0.71        0.72         -21.89         -54.37         55.44           -23.86        -19.96        19.47          
3.30  -0.066 0.122  -0.172 0.22           0.39           0.41            37.09         -63.39        64.89          0.45        0.55        0.57         17.33          -39.48         41.38           19.76         -23.91        23.52          
