time  x      y      z      groundspeedxy  groundspeedxz  groundspeedxyz  trackanglexy  trackanglexz  trackanglexyz  airspeedxy  airspeedxz  airspeedxyz  courseanglexy  courseanglexz  courseanglexyz  driftanglexy  driftanglexz  driftanglexyz  
0.00  -1.164 0.187  -0.149 
0.03  -1.133 0.187  -0.131 0.95           1.08           1.08            -0.24         -28.57        28.58          1.20        1.31        1.31         -0.19          -23.33         23.33           -0.05         -5.25         5.25           
0.07  -1.106 0.184  -0.119 0.81           0.88           0.88            -6.97         -24.62        25.37          1.05        1.11        1.12         -5.32          -19.24         19.86           -1.65         -5.38         5.51           
0.10  -1.075 0.173  -0.103 1.00           1.07           1.12            -19.31        -27.56        32.16          1.24        1.29        1.34         -15.49         -22.43         26.44           -3.82         -5.13         5.71           
0.13  -1.045 0.164  -0.094 0.93           0.93           0.96            -16.75        -15.75        22.41          1.17        1.17        1.20         -13.23         -12.42         17.85           -3.52         -3.33         4.56           
0.17  -1.014 0.153  -0.089 0.97           0.93           0.99            -20.03        -10.54        22.26          1.21        1.17        1.22         -15.96         -8.31          17.81           -4.06         -2.23         4.45           
0.20  -0.986 0.144  -0.088 0.90           0.85           0.90            -17.56        -1.50         17.61          1.14        1.10        1.14         -13.75         -1.16          13.80           -3.80         -0.34         3.82           
0.23  -0.962 0.143  -0.093 0.72           0.73           0.73            -2.60         11.18         11.47          0.97        0.98        0.98         -1.93          8.35           8.56            -0.67         2.84          2.91           
0.27  -0.935 0.143  -0.099 0.81           0.83           0.83            -0.10         14.19         14.19          1.06        1.08        1.08         -0.07          10.92          10.92           -0.02         3.26          3.26           
0.30  -0.915 0.148  -0.112 0.61           0.71           0.72            14.22         32.38         34.33          0.86        0.93        0.94         10.12          24.07          25.69           4.10          8.31          8.64           
0.33  -0.901 0.158  -0.125 0.53           0.58           0.66            36.77         42.76         49.93          0.74        0.78        0.84         25.15          30.17          36.77           11.61         12.60         13.17          
0.37  -0.887 0.171  -0.138 0.56           0.58           0.69            42.03         43.48         52.61          0.77        0.78        0.86         29.44          30.70          39.32           12.60         12.78         13.29          
0.40  -0.881 0.183  -0.153 0.42           0.48           0.61            63.24         66.48         71.76          0.58        0.62        0.73         40.58          44.79          52.67           22.65         21.69         19.10          
0.43  -0.875 0.202  -0.169 0.58           0.51           0.74            71.13         68.55         75.54          0.70        0.64        0.84         51.30          47.35          58.84           19.83         21.20         16.69          
0.47  -0.874 0.221  -0.183 0.58           0.45           0.73            86.90         85.98         87.54          0.64        0.53        0.78         64.07          57.76          68.94           22.83         28.22         18.61          
0.50  -0.872 0.233  -0.197 0.36           0.41           0.55            84.73         85.31         86.49          0.46        0.50        0.61         52.00          55.18          62.55           32.73         30.13         23.94          
0.53  -0.877 0.259  -0.208 0.78           0.35           0.85            99.29         111.14        98.57          0.78        0.35        0.85         80.92          69.29          81.62           18.37         41.85         16.94          
0.57  -0.886 0.278  -0.219 0.64           0.42           0.71            115.02        130.27        112.23         0.58        0.32        0.66         92.01          93.64          91.76           23.01         36.63         20.47          
0.60  -0.893 0.308  -0.231 0.93           0.45           1.00            104.12        120.46        103.02         0.90        0.38        0.98         88.46          86.42          88.59           15.66         34.04         14.44          
0.63  -0.900 0.337  -0.239 0.90           0.30           0.93            102.38        130.10        101.99         0.88        0.24        0.91         86.32          76.12          86.43           16.06         53.98         15.56          
0.67  -0.908 0.361  -0.245 0.77           0.32           0.79            109.65        143.32        109.04         0.72        0.19        0.75         90.67          92.51          90.65           18.99         50.81         18.40          
0.70  -0.907 0.386  -0.260 0.74           0.43           0.86            87.93         86.44         88.21          0.79        0.51        0.90         69.48          57.28          72.08           18.44         29.16         16.13          
0.73  -0.909 0.409  -0.265 0.70           0.17           0.72            95.07         111.00        94.94          0.72        0.25        0.74         74.98          40.74          75.35           20.09         70.26         19.59          
0.77  -0.908 0.420  -0.270 0.31           0.15           0.35            83.05         75.78         83.73          0.42        0.32        0.45         47.27          27.52          50.23           35.77         48.26         33.50          
0.80  -0.895 0.431  -0.277 0.53           0.45           0.56            40.22         25.67         44.21          0.74        0.68        0.76         27.56          16.52          30.98           12.66         9.15          13.23          
0.83  -0.892 0.440  -0.280 0.28           0.13           0.29            69.43         43.18         70.51          0.43        0.36        0.44         36.66          14.68          38.28           32.77         28.49         32.23          
0.87  -0.877 0.437  -0.287 0.45           0.49           0.50            -12.05        25.44         27.53          0.70        0.72        0.73         -7.77          16.91          18.43           -4.28         8.53          9.10           
0.90  -0.868 0.430  -0.289 0.33           0.28           0.34            -34.44        13.23         35.94          0.55        0.53        0.56         -19.67         6.98           20.70           -14.77        6.24          15.24          
0.93  -0.854 0.418  -0.288 0.55           0.41           0.55            -41.65        -3.51         41.72          0.75        0.66        0.75         -28.90         -2.18          28.96           -12.75        -1.33         12.76          
0.97  -0.844 0.404  -0.283 0.51           0.33           0.53            -54.41        -27.61        56.17          0.69        0.57        0.70         -37.16         -15.84         38.98           -17.25        -11.77        17.18          
1.00  -0.831 0.388  -0.272 0.63           0.53           0.71            -49.67        -39.28        55.11          0.81        0.74        0.88         -36.13         -26.88         41.63           -13.54        -12.40        13.48          
1.03  -0.817 0.365  -0.255 0.82           0.64           0.95            -60.00        -50.47        64.68          0.97        0.82        1.09         -47.05         -36.93         52.67           -12.95        -13.54        12.02          
1.07  -0.804 0.354  -0.233 0.50           0.78           0.84            -38.97        -60.13        62.49          0.71        0.93        0.98         -26.24         -46.69         49.47           -12.73        -13.44        13.01          
1.10  -0.798 0.331  -0.208 0.72           0.75           1.02            -74.28        -75.03        79.03          0.82        0.85        1.10         -57.26         -58.58         66.11           -17.03        -16.46        12.92          
1.13  -0.787 0.311  -0.176 0.67           1.03           1.19            -61.78        -72.01        74.47          0.82        1.14        1.28         -46.26         -59.92         63.64           -15.52        -12.09        10.83          
1.17  -0.776 0.295  -0.149 0.59           0.87           1.00            -55.91        -67.56        70.58          0.76        0.99        1.11         -40.12         -54.09         58.28           -15.79        -13.47        12.30          
1.20  -0.767 0.281  -0.125 0.48           0.75           0.86            -58.99        -70.61        73.10          0.65        0.87        0.96         -39.71         -54.82         58.69           -19.27        -15.79        14.42          
1.23  -0.749 0.275  -0.099 0.58           0.96           0.97            -18.61        -55.06        55.78          0.82        1.12        1.13         -13.02         -44.51         45.28           -5.59         -10.55        10.50          
1.27  -0.736 0.268  -0.071 0.46           0.95           0.97            -29.21        -64.70        65.44          0.69        1.08        1.10         -19.05         -52.58         53.51           -10.15        -12.12        11.93          
1.30  -0.720 0.259  -0.038 0.54           1.08           1.11            -27.30        -63.59        64.31          0.77        1.21        1.24         -18.76         -52.96         53.83           -8.54         -10.63        10.48          
1.33  -0.699 0.254  -0.011 0.65           1.04           1.05            -13.87        -52.36        52.85          0.90        1.21        1.22         -10.05         -42.94         43.45           -3.82         -9.42         9.40           
1.37  -0.686 0.266  0.003  0.53           0.57           0.68            43.84         -47.99        55.74          0.73        0.76        0.85         30.14          -33.87         41.59           13.71         -14.12        14.15          
1.40  -0.664 0.283  0.018  0.84           0.80           0.95            37.43         -33.49        45.33          1.05        1.02        1.14         29.08          -25.68         36.33           8.35          -7.81         9.01           
1.43  -0.649 0.313  0.015  1.00           0.44           1.00            64.72         11.44         64.82          1.13        0.68        1.13         53.19          7.28           53.31           11.54         4.17          11.51          
1.47  -0.641 0.346  0.012  1.02           0.28           1.03            75.29         21.13         75.36          1.11        0.52        1.12         62.75          11.14          62.87           12.54         9.98          12.49          
1.50  -0.639 0.379  0.000  0.97           0.35           1.03            87.15         82.14         87.32          1.02        0.46        1.08         72.95          49.59          73.90           14.21         32.55         13.42          
1.53  -0.645 0.413  -0.011 1.05           0.37           1.10            99.47         118.18        99.05          1.04        0.33        1.09         85.73          76.51          85.92           13.75         41.66         13.13          
1.57  -0.652 0.443  -0.025 0.91           0.48           1.00            104.29        117.58        102.90         0.88        0.43        0.98         88.29          86.50          88.46           16.00         31.08         14.43          
1.60  -0.660 0.471  -0.031 0.88           0.29           0.90            104.90        140.79        104.57         0.85        0.19        0.87         88.46          82.93          88.49           16.44         57.85         16.08          
1.63  -0.680 0.494  -0.049 0.92           0.79           1.06            130.54        138.68        124.36         0.78        0.63        0.94         116.40         123.43         111.64          14.14         15.25         12.72          
1.67  -0.688 0.515  -0.065 0.65           0.54           0.81            111.10        115.79        106.78         0.61        0.48        0.78         88.46          88.07          88.80           22.64         27.72         17.98          
1.70  -0.698 0.535  -0.081 0.68           0.58           0.84            116.32        121.68        111.11         0.61        0.49        0.78         94.87          96.06          93.80           21.45         25.62         17.30          
1.73  -0.709 0.556  -0.102 0.72           0.73           0.97            117.59        117.38        110.20         0.65        0.65        0.91         97.51          97.44          95.30           20.08         19.93         14.89          
1.77  -0.720 0.568  -0.121 0.49           0.65           0.74            132.13        120.43        116.23         0.37        0.57        0.67         102.25         98.03          96.75           29.87         22.40         19.48          
1.80  -0.730 0.580  -0.144 0.47           0.74           0.82            131.49        115.10        112.48         0.36        0.67        0.76         100.29         95.49          94.86           31.20         19.60         17.63          
1.83  -0.738 0.593  -0.166 0.46           0.72           0.82            120.22        108.87        106.43         0.40        0.68        0.79         87.32          88.43          88.64           32.89         20.45         17.78          
1.87  -0.746 0.607  -0.191 0.46           0.77           0.87            119.79        107.25        105.26         0.40        0.74        0.84         86.91          88.33          88.53           32.88         18.92         16.74          
1.90  -0.750 0.608  -0.213 0.13           0.69           0.69            160.84        100.59        100.57         0.13        0.69        0.69         19.76          79.75          79.77           141.08        20.85         20.81          
1.93  -0.752 0.612  -0.247 0.13           1.00           1.01            122.42        93.98         93.95          0.21        1.01        1.02         31.19          79.75          79.81           91.23         14.23         14.15          
1.97  -0.758 0.606  -0.273 0.25           0.81           0.83            -131.72       101.98        101.67         0.21        0.80        0.82         -66.69         84.14          84.30           -65.03        17.84         17.37          
2.00  -0.758 0.595  -0.303 0.31           0.91           0.96            -91.61        90.54         90.51          0.39        0.94        0.99         -51.64         75.08          75.83           -39.97        15.46         14.69          
2.03  -0.758 0.585  -0.331 0.30           0.84           0.90            -88.71        89.54         89.56          0.40        0.88        0.93         -49.62         73.08          74.02           -39.09        16.45         15.55          
2.07  -0.754 0.567  -0.367 0.55           1.06           1.19            -77.98        83.76         84.44          0.65        1.12        1.24         -56.02         70.90          72.88           -21.97        12.86         11.57          
2.10  -0.753 0.563  -0.396 0.13           0.90           0.91            -73.54        87.57         87.59          0.32        0.94        0.95         -24.08         72.16          72.33           -49.46        15.41         15.26          
2.13  -0.749 0.550  -0.437 0.39           1.23           1.28            -75.17        85.36         85.56          0.51        1.27        1.33         -47.07         74.07          74.74           -28.10        11.28         10.82          
2.17  -0.755 0.542  -0.464 0.29           0.82           0.85            -124.13       101.49        101.01         0.26        0.81        0.84         -70.13         83.82          84.08           -54.00        17.67         16.94          
2.20  -0.760 0.532  -0.500 0.35           1.10           1.14            -118.22       98.65         98.33          0.32        1.09        1.13         -74.58         85.53          85.70           -43.64        13.13         12.63          
2.23  -0.754 0.522  -0.531 0.36           0.94           0.99            -58.59        78.57         79.14          0.53        1.02        1.07         -35.03         64.72          65.85           -23.57        13.86         13.29          
2.27  -0.756 0.510  -0.556 0.37           0.74           0.83            -99.48        94.71         94.23          0.41        0.76        0.84         -62.56         75.63          77.06           -36.93        19.08         17.16          
2.30  -0.760 0.490  -0.572 0.59           0.50           0.77            -100.09       101.83        97.73          0.60        0.51        0.78         -75.84         73.46          79.11           -24.26        28.37         18.61          
2.33  -0.758 0.472  -0.583 0.54           0.34           0.64            -85.31        82.49         86.02          0.61        0.45        0.70         -61.35         48.70          65.11           -23.96        33.79         20.91          
2.37  -0.757 0.457  -0.586 0.47           0.09           0.48            -86.93        73.38         86.98          0.55        0.29        0.55         -59.80         17.18          60.20           -27.12        56.20         26.78          
2.40  -0.757 0.437  -0.583 0.59           0.10           0.60            -89.16        -84.85        89.18          0.64        0.28        0.65         -66.28         -20.20         66.55           -22.88        -64.65        22.62          
2.43  -0.757 0.418  -0.568 0.57           0.44           0.72            -89.09        -88.83        89.28          0.63        0.51        0.77         -65.65         -59.66         70.30           -23.44        -29.17        18.98          
2.47  -0.752 0.398  -0.554 0.60           0.45           0.74            -78.05        -73.75        80.28          0.70        0.57        0.82         -57.62         -48.85         62.83           -20.44        -24.90        17.45          
2.50  -0.760 0.376  -0.535 0.71           0.61           0.90            -109.39       -112.85       105.12         0.67        0.56        0.87         -88.76         -88.52         89.05           -20.63        -24.33        16.07          
2.53  -0.767 0.360  -0.513 0.53           0.68           0.84            -110.87       -106.01       102.91         0.50        0.66        0.82         -82.81         -84.58         85.66           -28.06        -21.43        17.25          
2.57  -0.780 0.348  -0.490 0.53           0.82           0.89            -139.93       -119.80       117.29         0.38        0.73        0.80         -114.61        -102.44        101.24          -25.32        -17.35        16.04          
2.60  -0.786 0.332  -0.462 0.51           0.83           0.96            -110.31       -102.16       100.55         0.48        0.82        0.95         -81.09         -84.78         85.49           -29.23        -17.38        15.06          
2.63  -0.797 0.317  -0.435 0.57           0.89           1.00            -127.26       -112.55       110.02         0.46        0.83        0.94         -101.63        -96.41         95.63           -25.63        -16.14        14.39          
2.67  -0.801 0.296  -0.410 0.66           0.76           1.00            -100.05       -98.76        96.63          0.66        0.76        1.00         -78.27         -79.76         82.24           -21.78        -19.00        14.39          
2.70  -0.811 0.283  -0.376 0.49           1.05           1.12            -127.47       -106.32       105.30         0.39        1.01        1.08         -96.71         -92.57         92.40           -30.77        -13.75        12.90          
2.73  -0.825 0.267  -0.348 0.64           0.96           1.07            -132.36       -116.67       113.75         0.51        0.88        1.00         -110.93        -101.90        100.45          -21.44        -14.78        13.29          
2.77  -0.831 0.256  -0.312 0.38           1.10           1.15            -118.05       -99.30        98.89          0.34        1.09        1.14         -77.94         -86.25         86.41           -40.11        -13.05        12.48          
2.80  -0.839 0.243  -0.277 0.44           1.05           1.12            -119.78       -101.98       101.25         0.38        1.03        1.10         -85.30         -88.26         88.36           -34.48        -13.72        12.89          
2.83  -0.849 0.238  -0.243 0.34           1.07           1.08            -154.78       -106.51       106.36         0.15        1.03        1.04         -110.50        -92.99         92.96           -44.27        -13.52        13.40          
2.87  -0.857 0.226  -0.204 0.44           1.20           1.26            -121.98       -101.16       100.66         0.37        1.18        1.24         -87.29         -89.14         89.18           -34.69        -12.02        11.47          
2.90  -0.859 0.220  -0.170 0.20           1.02           1.04            -111.58       -94.15        94.09          0.26        1.03        1.05         -46.73         -80.19         80.35           -64.85        -13.96        13.74          
2.93  -0.859 0.217  -0.145 0.08           0.74           0.75            -93.72        -90.42        90.41          0.26        0.78        0.78         -18.66         -71.72         71.82           -75.06        -18.70        18.59          
2.97  -0.849 0.226  -0.121 0.42           0.80           0.85            40.88         -66.56        67.91          0.63        0.93        0.97         25.91          -52.31         54.12           14.97         -14.25        13.79          
3.00  -0.840 0.234  -0.102 0.35           0.61           0.65            42.36         -65.26        66.98          0.56        0.75        0.79         24.76          -47.66         49.97           17.60         -17.60        17.01          
3.03  -0.823 0.251  -0.096 0.72           0.53           0.74            45.96         -20.32        47.68          0.91        0.77        0.93         34.60          -13.87         36.23           11.36         -6.44         11.45          
3.07  -0.804 0.263  -0.097 0.68           0.58           0.68            31.22         2.13          31.27          0.90        0.83        0.91         22.99          1.49           23.03           8.23          0.64          8.24           
3.10  -0.789 0.273  -0.098 0.55           0.45           0.55            34.64         6.83          35.03          0.77        0.70        0.77         23.95          4.40           24.26           10.69         2.43          10.77          
3.13  -0.774 0.286  -0.104 0.59           0.49           0.61            38.89         21.47         41.90          0.80        0.73        0.82         27.53          14.26          30.11           11.35         7.21          11.79          
3.17  -0.763 0.286  -0.118 0.33           0.51           0.51            1.03          50.57         50.58          0.58        0.70        0.70         0.58           34.55          34.55           0.45          16.03         16.03          
3.20  -0.755 0.286  -0.126 0.24           0.34           0.34            3.89          45.01         45.08          0.49        0.55        0.55         1.92           26.27          26.32           1.97          18.74         18.76          
3.23  -0.745 0.281  -0.137 0.33           0.43           0.46            -31.86        49.71         53.13          0.55        0.62        0.64         -18.10         31.82          35.04           -13.76        17.89         18.09          
3.27  -0.729 0.272  -0.149 0.56           0.61           0.66            -27.20        35.99         41.66          0.79        0.83        0.86         -18.85         25.74          30.57           -8.36         10.24         11.09          
3.30  -0.715 0.264  -0.161 0.50           0.56           0.62            -30.36        40.18         45.79          0.72        0.77        0.81         -20.32         28.10          33.02           -10.04        12.08         12.77          
3.33  -0.700 0.257  -0.175 0.47           0.61           0.64            -24.32        45.64         48.19          0.70        0.80        0.83         -15.90         32.80          35.17           -8.42         12.83         13.02          
3.37  -0.691 0.257  -0.190 0.28           0.52           0.52            0.01          57.81         57.81          0.53        0.69        0.69         0.00           39.94          39.94           0.00          17.87         17.87          
3.40  -0.677 0.255  -0.202 0.42           0.54           0.54            -9.86         40.43         41.00          0.66        0.75        0.75         -6.17          27.91          28.40           -3.69         12.52         12.61          
3.43  -0.660 0.248  -0.218 0.57           0.71           0.74            -22.51        42.05         44.79          0.81        0.91        0.94         -15.70         31.46          33.95           -6.81         10.59         10.84          
3.47  -0.648 0.242  -0.230 0.41           0.53           0.56            -27.71        47.16         50.18          0.64        0.72        0.75         -17.20         32.43          35.25           -10.51        14.72         14.93          
3.50  -0.636 0.233  -0.245 0.44           0.56           0.61            -34.58        49.20         53.43          0.67        0.75        0.79         -22.27         34.53          38.69           -12.31        14.67         14.75          
3.53  -0.618 0.226  -0.258 0.58           0.66           0.70            -22.84        36.42         40.35          0.81        0.87        0.90         -15.98         26.64          30.01           -6.86         9.78          10.34          
3.57  -0.599 0.228  -0.274 0.57           0.76           0.76            8.09          41.72         42.08          0.82        0.96        0.96         5.63           31.75          32.07           2.46          9.97          10.01          
3.60  -0.580 0.225  -0.284 0.58           0.63           0.64            -10.02        25.83         27.26          0.82        0.86        0.87         -6.99          18.58          19.68           -3.03         7.25          7.58           
3.63  -0.557 0.236  -0.294 0.76           0.75           0.82            25.22         24.44         33.21          0.99        0.98        1.04         19.04          18.41          25.62           6.19          6.03          7.59           
3.67  -0.535 0.245  -0.301 0.72           0.70           0.75            22.29         17.80         27.51          0.96        0.94        0.98         16.61          13.15          20.75           5.68          4.65          6.76           
3.70  -0.512 0.256  -0.300 0.79           0.71           0.79            26.13         -1.68         26.17          1.02        0.96        1.02         19.91          -1.24          19.95           6.22          -0.44         6.23           
3.73  -0.496 0.267  -0.293 0.57           0.52           0.62            35.12         -26.63        40.82          0.79        0.75        0.82         24.60          -18.08         29.35           10.52         -8.56         11.48          
3.77  -0.476 0.282  -0.280 0.74           0.70           0.83            37.51         -32.55        44.95          0.95        0.92        1.02         28.29          -24.11         34.99           9.22          -8.44         9.96           
3.80  -0.469 0.290  -0.273 0.33           0.32           0.40            47.31         -45.53        56.09          0.53        0.53        0.58         27.11          -25.69         35.08           20.20         -19.84        21.00          
3.83  -0.460 0.303  -0.255 0.46           0.60           0.71            55.89         -64.62        68.77          0.63        0.74        0.83         36.77          -46.85         52.48           19.12         -17.77        16.28          
3.87  -0.452 0.304  -0.230 0.27           0.79           0.79            8.44          -70.37        70.40          0.52        0.90        0.90         4.36           -55.24         55.27           4.08          -15.14        15.13          
3.90  -0.443 0.304  -0.213 0.27           0.58           0.59            -5.28         -62.98        63.01          0.52        0.73        0.73         -2.73          -45.29         45.32           -2.55         -17.69        17.69          
3.93  -0.430 0.307  -0.194 0.40           0.67           0.68            14.48         -55.30        55.72          0.64        0.84        0.85         8.88           -41.13         41.58           5.60          -14.16        14.14          
3.97  -0.428 0.293  -0.181 0.41           0.39           0.56            -83.12        -82.87        85.04          0.50        0.49        0.63         -53.41         -52.42         61.89           -29.71        -30.45        23.15          
4.00  -0.409 0.280  -0.163 0.70           0.79           0.89            -35.06        -43.54        49.75          0.92        0.99        1.07         -26.06         -33.51         39.46           -8.99         -10.02        10.28          
4.03  -0.397 0.265  -0.148 0.58           0.58           0.73            -50.67        -50.22        59.72          0.76        0.76        0.88         -36.02         -35.58         45.57           -14.65        -14.64        14.15          
4.07  -0.379 0.251  -0.134 0.67           0.67           0.79            -38.01        -38.64        48.19          0.88        0.88        0.97         -27.91         -28.44         37.15           -10.10        -10.19        11.04          
4.10  -0.367 0.240  -0.117 0.49           0.62           0.71            -42.30        -53.95        58.75          0.70        0.80        0.86         -28.40         -39.22         44.39           -13.90        -14.73        14.35          
4.13  -0.346 0.215  -0.119 0.99           0.63           1.00            -50.75        4.16          50.80          1.17        0.88        1.17         -41.22         2.98           41.27           -9.53         1.18          9.53           
4.17  -0.327 0.197  -0.111 0.78           0.63           0.81            -41.12        -21.07        43.66          0.98        0.87        1.01         -31.50         -15.14         33.82           -9.62         -5.94         9.84           
4.20  -0.306 0.182  -0.113 0.77           0.61           0.77            -37.19        5.32          37.39          0.98        0.86        0.98         -28.30         3.78           28.48           -8.88         1.54          8.91           
4.23  -0.283 0.173  -0.119 0.75           0.73           0.77            -19.86        12.56         22.99          0.99        0.97        1.00         -14.95         9.35           17.42           -4.91         3.21          5.58           
4.27  -0.258 0.166  -0.125 0.75           0.75           0.77            -15.89        13.74         20.57          1.00        0.99        1.01         -11.95         10.31          15.59           -3.94         3.44          4.98           
4.30  -0.246 0.171  -0.130 0.41           0.42           0.44            20.52         23.68         29.97          0.65        0.66        0.67         12.78          14.89          19.27           7.74          8.79          10.70          
4.33  -0.228 0.178  -0.138 0.57           0.59           0.62            19.76         23.97         29.75          0.81        0.82        0.84         13.77          16.88          21.31           5.99          7.09          8.44           
4.37  -0.227 0.195  -0.149 0.51           0.32           0.60            86.89         85.11         87.38          0.58        0.43        0.66         61.42          49.31          65.29           25.47         35.79         22.08          
4.40  -0.223 0.213  -0.155 0.57           0.21           0.60            79.91         62.05         80.43          0.66        0.40        0.69         58.11          28.32          59.46           21.80         33.73         20.96          
4.43  -0.230 0.236  -0.166 0.71           0.38           0.79            105.15        119.37        103.71         0.69        0.34        0.77         84.70          79.09          85.22           20.45         40.28         18.49          
4.47  -0.242 0.255  -0.178 0.66           0.50           0.75            123.33        136.14        119.07         0.57        0.37        0.66         101.64         108.05         99.87           21.69         28.09         19.20          
4.50  -0.258 0.269  -0.185 0.65           0.53           0.68            139.23        157.60        136.30         0.49        0.32        0.53         119.69         140.02         117.22          19.54         17.58         19.08          
4.53  -0.275 0.285  -0.191 0.71           0.54           0.73            135.71        158.22        133.49         0.56        0.33        0.59         117.39         141.67         115.62          18.32         16.55         17.87          
4.57  -0.286 0.289  -0.200 0.34           0.42           0.44            161.18        140.32        138.11         0.13        0.28        0.30         124.04         105.51         104.40          37.13         34.80         33.71          
4.60  -0.302 0.303  -0.207 0.63           0.51           0.66            139.18        157.68        136.28         0.47        0.30        0.51         118.76         139.10         116.36          20.43         18.58         19.92          
4.63  -0.321 0.310  -0.213 0.60           0.60           0.63            160.24        161.51        153.86         0.38        0.37        0.42         147.32         149.15         138.77          12.92         12.36         15.10          
4.67  -0.338 0.321  -0.224 0.61           0.60           0.69            146.77        147.11        137.37         0.42        0.42        0.53         127.74         128.10         118.85          19.03         19.01         18.52          
4.70  -0.353 0.336  -0.231 0.66           0.51           0.69            135.03        154.92        132.19         0.51        0.31        0.56         114.86         134.68         112.76          20.17         20.23         19.43          
4.73  -0.376 0.350  -0.239 0.82           0.74           0.85            148.90        160.89        145.18         0.62        0.51        0.66         136.86         151.71         132.78          12.05         9.19          12.40          
4.77  -0.383 0.358  -0.243 0.30           0.22           0.32            130.75        150.31        127.72         0.23        0.12        0.26         76.06          63.20          77.44           54.69         87.11         50.28          
4.80  -0.394 0.366  -0.247 0.42           0.36           0.43            145.18        162.12        142.53         0.25        0.14        0.28         111.14         129.82         109.33          34.04         32.30         33.19          
4.83  -0.400 0.382  -0.243 0.52           0.21           0.53            108.95        -145.22       108.47         0.50        0.14        0.51         80.56          -55.12         80.82           28.39         -90.11        27.65          
4.87  -0.403 0.394  -0.246 0.37           0.15           0.39            106.26        136.09        105.69         0.39        0.18        0.40         67.91          34.68          68.66           38.35         101.41        37.03          
4.90  -0.406 0.396  -0.245 0.11           0.09           0.12            139.36        -156.91       136.22         0.18        0.17        0.18         24.60          -12.81         27.08           114.76        -144.10       109.14         
4.93  -0.412 0.399  -0.236 0.19           0.33           0.34            154.22        -120.65       119.67         0.11        0.30        0.31         45.26          -74.17         74.75           108.96        -46.48        44.92          
4.97  -0.411 0.399  -0.234 0.03           0.05           0.05            14.41         -49.46        50.13          0.28        0.29        0.29         1.74           -7.87          8.05            12.67         -41.59        42.07          
5.00  -0.408 0.388  -0.225 0.37           0.29           0.46            -75.77        -71.82        78.65          0.49        0.44        0.56         -46.23         -38.88         52.83           -29.54        -32.95        25.82          
5.03  -0.409 0.377  -0.217 0.33           0.23           0.40            -96.58        -99.42        95.41          0.39        0.31        0.45         -57.03         -47.02         61.97           -39.55        -52.39        33.44          
5.07  -0.403 0.358  -0.208 0.59           0.34           0.66            -72.21        -58.43        74.12          0.71        0.52        0.76         -52.49         -34.23         55.77           -19.72        -24.20        18.35          
5.10  -0.398 0.335  -0.203 0.71           0.21           0.72            -78.56        -47.32        78.82          0.80        0.42        0.81         -60.65         -21.31         61.22           -17.92        -26.01        17.60          
5.13  -0.392 0.312  -0.182 0.73           0.65           0.96            -74.43        -72.53        78.22          0.83        0.76        1.04         -57.58         -54.34         64.57           -16.85        -18.19        13.65          
5.17  -0.382 0.288  -0.183 0.77           0.29           0.77            -67.82        6.38          67.84          0.89        0.54        0.89         -52.77         3.44           52.80           -15.04        2.95          15.04          
5.20  -0.373 0.266  -0.160 0.72           0.74           1.00            -66.73        -67.45        73.37          0.85        0.87        1.09         -51.08         -52.07         60.72           -15.65        -15.39        12.65          
5.23  -0.361 0.244  -0.144 0.75           0.60           0.90            -62.22        -54.60        67.06          0.90        0.78        1.02         -47.91         -39.38         54.04           -14.31        -15.22        13.03          
5.27  -0.351 0.217  -0.136 0.85           0.39           0.89            -68.72        -37.20        69.52          0.97        0.61        1.00         -54.87         -22.79         55.99           -13.85        -14.41        13.53          
5.30  -0.342 0.197  -0.116 0.66           0.64           0.88            -65.59        -64.92        71.95          0.80        0.78        0.99         -49.01         -48.14         58.04           -16.58        -16.78        13.91          
5.33  -0.329 0.165  -0.104 1.03           0.53           1.10            -69.27        -45.84        70.57          1.15        0.72        1.21         -57.50         -31.45         59.31           -11.77        -14.38        11.27          
5.37  -0.317 0.142  -0.103 0.79           0.39           0.79            -60.48        -3.50         60.49          0.94        0.64        0.94         -47.07         -2.14          47.08           -13.41        -1.37         13.41          
5.40  -0.296 0.112  -0.090 1.08           0.73           1.15            -55.65        -33.14        58.03          1.24        0.95        1.30         -46.09         -24.86         48.68           -9.57         -8.28         9.36           
5.43  -0.283 0.088  -0.072 0.83           0.68           0.99            -60.79        -53.27        65.90          0.98        0.85        1.12         -47.88         -39.65         54.11           -12.91        -13.62        11.78          
5.47  -0.274 0.062  -0.065 0.81           0.33           0.84            -70.86        -36.14        71.40          0.93        0.55        0.95         -56.08         -20.65         56.90           -14.78        -15.48        14.50          
5.50  -0.256 0.035  -0.054 0.99           0.62           1.04            -57.42        -31.64        59.27          1.14        0.85        1.19         -46.78         -22.73         48.83           -10.65        -8.91         10.44          
5.53  -0.244 0.018  -0.050 0.61           0.39           0.63            -54.02        -21.14        55.05          0.79        0.63        0.80         -39.12         -12.86         40.19           -14.90        -8.28         14.86          
5.57  -0.240 0.003  -0.047 0.48           0.13           0.48            -75.64        -28.75        75.77          0.59        0.37        0.59         -51.44         -9.99          51.71           -24.20        -18.76        24.06          
5.60  -0.224 -0.011 -0.048 0.63           0.48           0.63            -41.45        2.45          41.48          0.84        0.72        0.84         -30.05         1.60           30.08           -11.40        0.84          11.41          
5.63  -0.215 -0.011 -0.059 0.28           0.44           0.44            0.80          50.04         50.05          0.53        0.63        0.63         0.42           32.27          32.27           0.38          17.78         17.78          
5.67  -0.216 -0.013 -0.074 0.08           0.43           0.43            -119.27       95.23         95.16          0.22        0.47        0.48         -18.20         63.60          63.89           -101.07       31.63         31.27          
5.70  -0.216 -0.019 -0.095 0.15           0.65           0.67            -91.35        90.32         90.31          0.29        0.70        0.72         -31.88         69.37          69.87           -59.47        20.95         20.44          
5.73  -0.208 -0.021 -0.123 0.27           0.87           0.88            -17.48        72.70         72.78          0.52        0.98        0.98         -9.12          58.57          58.70           -8.36         14.13         14.08          
5.77  -0.211 -0.024 -0.149 0.11           0.77           0.77            -138.76       96.41         96.38          0.18        0.78        0.79         -24.70         77.91          77.97           -114.06       18.50         18.41          
5.80  -0.207 -0.016 -0.172 0.26           0.69           0.73            69.73         82.40         82.85          0.42        0.77        0.81         35.97          63.53          64.90           33.77         18.87         17.94          
5.83  -0.208 -0.009 -0.196 0.21           0.74           0.77            92.00         90.57         90.54          0.32        0.78        0.81         40.83          71.87          72.51           51.16         18.70         18.03          
5.87  -0.214 -0.000 -0.221 0.30           0.76           0.79            125.98        103.60        102.93         0.26        0.74        0.78         73.59          84.39          84.68           52.40         19.21         18.25          
5.90  -0.209 0.015  -0.238 0.50           0.54           0.72            72.24         73.55         77.75          0.62        0.65        0.81         49.70          51.99          60.11           22.54         21.56         17.64          
5.93  -0.208 0.030  -0.254 0.43           0.50           0.66            87.84         88.16         88.60          0.50        0.56        0.71         57.96          61.91          67.90           29.88         26.25         20.70          
5.97  -0.209 0.049  -0.271 0.59           0.51           0.78            94.15         94.84         93.16          0.62        0.55        0.80         70.62          67.70          75.05           23.53         27.14         18.11          
6.00  -0.206 0.070  -0.291 0.64           0.60           0.87            80.78         80.06         83.21          0.73        0.68        0.93         60.89          58.99          67.78           19.90         21.08         15.43          
6.03  -0.205 0.090  -0.289 0.58           0.06           0.58            86.55         -57.07        86.57          0.65        0.29        0.65         63.81          -10.71         63.91           22.74         -46.37        22.66          
6.07  -0.213 0.118  -0.289 0.89           0.24           0.89            105.54        179.41        105.54         0.86        0.01        0.86         89.24          12.14          89.24           16.30         167.27        16.30          
6.10  -0.220 0.144  -0.287 0.81           0.24           0.81            106.06        -162.32       105.99         0.78        0.08        0.78         88.11          -70.21         88.12           17.95         -92.11        17.88          
6.13  -0.247 0.159  -0.282 0.92           0.81           0.93            151.27        -170.60       150.20         0.71        0.57        0.72         141.50         -166.49        140.27          9.77          -4.11         9.93           
6.17  -0.274 0.188  -0.275 1.17           0.83           1.19            132.75        -164.17       131.80         1.02        0.59        1.04         122.35         -157.53        121.50          10.40         -6.65         10.30          
6.20  -0.286 0.171  -0.265 0.63           0.48           0.70            -126.69       -141.90       122.75         0.52        0.32        0.60         -104.05        -113.18        102.19          -22.64        -28.72        20.56          
6.23  -0.310 0.180  -0.256 0.76           0.76           0.80            159.59        -159.72       152.32         0.53        0.53        0.59         150.13         -150.30        141.01          9.46          -9.41         11.31          
6.27  -0.333 0.179  -0.247 0.68           0.74           0.74            -178.90       -158.41       158.39         0.43        0.51        0.51         -178.27        -148.05        148.02          -0.63         -10.36        10.36          
6.30  -0.351 0.185  -0.228 0.58           0.80           0.82            162.70        -133.66       132.45         0.35        0.65        0.68         150.36         -117.57        116.59          12.35         -16.09        15.86          
6.33  -0.375 0.194  -0.210 0.77           0.90           0.94            159.86        -143.34       140.32         0.54        0.71        0.76         150.68         -131.26        128.20          9.18          -12.08        12.11          
6.37  -0.392 0.211  -0.196 0.72           0.65           0.83            134.03        -139.79       126.82         0.57        0.49        0.71         115.70         -120.49        110.44          18.33         -19.30        16.38          
6.40  -0.410 0.228  -0.174 0.75           0.85           0.99            137.29        -130.28       123.72         0.59        0.72        0.88         120.59         -114.81        110.01          16.71         -15.47        13.71          
6.43  -0.439 0.246  -0.156 1.05           1.03           1.18            147.48        -148.55       138.54         0.85        0.83        1.00         138.35         -139.53        129.05          9.14          -9.03         9.49           
6.47  -0.458 0.258  -0.137 0.67           0.80           0.88            148.00        -134.81       130.17         0.47        0.65        0.74         131.79         -119.03        115.24          16.21         -15.78        14.92          
6.50  -0.485 0.278  -0.116 0.99           1.01           1.17            142.98        -141.36       132.30         0.80        0.83        1.02         132.14         -130.49        121.84          10.83         -10.87        10.46          
6.53  -0.506 0.292  -0.094 0.78           0.94           1.03            147.27        -134.12       129.45         0.59        0.79        0.89         133.92         -120.97        116.99          13.35         -13.14        12.46          
6.57  -0.529 0.308  -0.070 0.83           0.99           1.10            144.01        -133.11       127.75         0.65        0.84        0.97         130.90         -120.50        115.97          13.11         -12.61        11.77          
6.60  -0.551 0.323  -0.050 0.78           0.89           0.98            147.08        -137.31       131.58         0.58        0.73        0.84         133.64         -123.80        118.72          13.44         -13.51        12.87          
6.63  -0.563 0.325  -0.029 0.38           0.73           0.73            169.09        -120.55       120.39         0.14        0.64        0.64         149.34         -100.86        100.80          19.75         -19.69        19.60          
6.67  -0.579 0.339  -0.003 0.65           0.92           1.02            138.88        -122.10       118.82         0.49        0.82        0.92         119.35         -107.12        105.12          19.53         -14.99        13.71          
6.70  -0.590 0.347  0.023  0.40           0.85           0.88            143.96        -112.34       111.49         0.25        0.79        0.82         107.10         -95.26         95.04           36.86         -17.08        16.45          
6.73  -0.611 0.358  0.053  0.71           1.08           1.13            153.07        -125.97       124.25         0.50        0.96        1.01         140.06         -113.76        112.44          13.01         -12.21        11.81          
6.77  -0.615 0.371  0.069  0.42           0.51           0.65            104.35        -101.70       99.14          0.43        0.52        0.66         70.26          -73.81         77.28           34.09         -27.88        21.86          
6.80  -0.624 0.389  0.095  0.60           0.82           0.98            118.32        -110.39       107.01         0.53        0.77        0.94         93.92          -92.71         92.23           24.39         -17.68        14.78          
6.83  -0.649 0.416  0.115  1.10           0.94           1.25            132.11        -141.60       126.31         0.95        0.76        1.12         120.88         -129.85        115.92          11.23         -11.75        10.38          
6.87  -0.661 0.441  0.133  0.82           0.65           0.98            115.92        -123.49       111.39         0.75        0.55        0.92         98.36          -101.32        96.76           17.56         -22.18        14.63          
6.90  -0.665 0.470  0.138  0.89           0.22           0.91            98.21         -125.86       98.05          0.89        0.21        0.91         82.05          -55.04         82.21           16.16         -70.81        15.85          
6.93  -0.670 0.505  0.145  1.05           0.25           1.07            98.26         -127.74       98.12          1.04        0.22        1.06         84.54          -63.02         84.64           13.72         -64.73        13.49          
6.97  -0.674 0.536  0.149  0.93           0.19           0.94            97.94         -133.98       97.86          0.93        0.18        0.94         82.54          -47.85         82.62           15.40         -86.13        15.24          
7.00  -0.677 0.564  0.141  0.84           0.26           0.88            96.01         109.78        95.77          0.85        0.29        0.89         79.05          56.55          79.48           16.96         53.23         16.29          
7.03  -0.701 0.596  0.133  1.19           0.74           1.21            125.78        160.76        124.95         1.06        0.51        1.09         114.76         151.38         114.09          11.03         9.37          10.86          
7.07  -0.711 0.618  0.121  0.73           0.47           0.81            114.80        130.95        112.19         0.67        0.36        0.75         94.87          99.09          94.30           19.93         31.86         17.89          
7.10  -0.721 0.643  0.104  0.81           0.60           0.96            111.63        119.66        108.03         0.75        0.53        0.92         93.69          95.30          93.03           17.94         24.37         15.00          
7.13  -0.741 0.666  0.087  0.91           0.79           1.05            131.17        139.07        124.87         0.77        0.63        0.93         117.01         123.92         112.11          14.16         15.16         12.76          
7.17  -0.753 0.680  0.069  0.57           0.66           0.79            130.69        124.57        118.27         0.45        0.56        0.71         105.89         102.85         100.09          24.80         21.72         18.17          
7.20  -0.769 0.690  0.047  0.56           0.80           0.86            146.85        125.94        123.23         0.38        0.69        0.75         125.68         108.77         107.08          21.18         17.16         16.15          
7.23  -0.779 0.708  0.028  0.60           0.63           0.82            120.52        118.89        111.94         0.52        0.56        0.76         96.06          95.68          94.15           24.46         23.21         17.79          
7.27  -0.799 0.716  -0.003 0.66           1.12           1.15            156.66        122.99        122.01         0.45        1.01        1.04         143.81         110.95         110.24          12.84         12.04         11.77          
7.30  -0.812 0.723  -0.030 0.43           0.88           0.91            150.66        115.00        114.28         0.24        0.81        0.84         120.41         98.75          98.46           30.25         16.26         15.82          
7.33  -0.824 0.733  -0.053 0.48           0.81           0.86            141.90        117.55        115.77         0.32        0.73        0.79         113.01         99.86          99.13           28.88         17.69         16.64          
7.37  -0.836 0.728  -0.081 0.37           0.89           0.91            -156.26       112.43        112.11         0.18        0.83        0.84         -121.25        96.29          96.19           -35.01        16.14         15.92          
7.40  -0.844 0.728  -0.110 0.24           0.92           0.92            -179.47       105.27        105.27         0.01        0.88        0.88         -14.63         89.44          89.44           -164.84       15.83         15.83          
7.43  -0.846 0.721  -0.146 0.21           1.07           1.09            -107.68       93.48         93.41          0.28        1.08        1.10         -47.71         80.16          80.33           -59.97        13.31         13.08          
7.47  -0.846 0.712  -0.176 0.30           0.91           0.95            -93.85        91.26         91.20          0.38        0.94        0.98         -52.23         75.76          76.44           -41.62        15.50         14.76          
7.50  -0.845 0.698  -0.214 0.39           1.13           1.20            -85.01        88.27         88.37          0.48        1.17        1.23         -54.02         75.90          76.65           -30.99        12.37         11.72          
7.53  -0.846 0.692  -0.240 0.19           0.78           0.80            -99.57        92.28         92.22          0.29        0.81        0.83         -39.90         74.22          74.63           -59.67        18.06         17.59          
7.57  -0.837 0.676  -0.272 0.57           1.00           1.12            -60.18        73.36         75.15          0.73        1.10        1.20         -42.94         60.73          63.58           -17.24        12.62         11.58          
7.60  -0.831 0.647  -0.312 0.86           1.22           1.49            -79.20        82.40         83.76          0.94        1.28        1.54         -64.10         71.24          74.44           -15.10        11.16         9.31           
7.63  -0.826 0.630  -0.341 0.54           0.88           1.02            -73.16        79.78         81.19          0.66        0.96        1.09         -51.76         64.85          68.03           -21.40        14.93         13.16          
7.67  -0.814 0.602  -0.364 0.93           0.79           1.16            -66.00        61.38         70.96          1.06        0.94        1.27         -53.53         47.83          60.20           -12.46        13.55         10.76          
7.70  -0.801 0.573  -0.389 0.94           0.84           1.20            -66.42        63.24         71.73          1.07        0.97        1.30         -54.00         49.99          61.21           -12.42        13.25         10.52          
7.73  -0.793 0.538  -0.405 1.08           0.54           1.18            -76.43        62.06         77.61          1.16        0.69        1.25         -64.34         43.44          66.38           -12.09        18.62         11.23          
7.77  -0.784 0.507  -0.414 0.97           0.37           1.00            -74.29        45.02         74.85          1.06        0.58        1.10         -61.22         27.13          62.13           -13.07        17.89         12.72          
7.80  -0.767 0.483  -0.413 0.87           0.50           0.87            -55.19        -2.82         55.20          1.04        0.75        1.04         -43.78         -1.88          43.79           -11.41        -0.94         11.41          
7.83  -0.752 0.454  -0.405 1.00           0.51           1.03            -63.27        -28.65        64.10          1.14        0.74        1.16         -51.95         -19.37         52.96           -11.33        -9.29         11.15          
7.87  -0.745 0.434  -0.395 0.64           0.37           0.70            -69.52        -52.81        71.47          0.76        0.56        0.82         -51.58         -31.83         54.57           -17.93        -20.98        16.90          
7.90  -0.737 0.408  -0.370 0.80           0.77           1.09            -73.54        -72.94        77.98          0.90        0.88        1.17         -58.13         -57.16         65.88           -15.40        -15.78        12.10          
7.93  -0.723 0.385  -0.351 0.80           0.72           0.99            -57.58        -53.31        64.21          0.96        0.89        1.12         -44.91         -40.36         52.64           -12.67        -12.96        11.56          
7.97  -0.721 0.356  -0.329 0.88           0.65           1.10            -86.64        -85.48        87.30          0.93        0.72        1.14         -71.08         -65.20         74.61           -15.56        -20.27        12.69          
8.00  -0.719 0.333  -0.302 0.70           0.83           1.09            -84.74        -85.54        86.59          0.77        0.89        1.13         -65.82         -69.19         73.82           -18.91        -16.35        12.77          
8.03  -0.717 0.315  -0.274 0.53           0.84           0.99            -83.33        -85.79        86.44          0.61        0.89        1.03         -59.34         -69.54         72.48           -23.99        -16.25        13.96          
8.07  -0.715 0.294  -0.250 0.65           0.71           0.96            -84.52        -85.03        86.31          0.72        0.77        1.01         -64.16         -66.28         71.98           -20.36        -18.75        14.34          
8.10  -0.713 0.268  -0.215 0.76           1.05           1.29            -85.17        -86.48        87.15          0.82        1.09        1.33         -67.56         -73.24         76.32           -17.61        -13.24        10.83          
8.13  -0.713 0.243  -0.190 0.75           0.76           1.07            -90.36        -90.36        90.25          0.79        0.80        1.09         -71.91         -72.04         77.04           -18.45        -18.31        13.21          
8.17  -0.712 0.224  -0.163 0.57           0.82           1.00            -85.96        -87.17        87.68          0.64        0.87        1.04         -63.12         -70.48         73.80           -22.84        -16.69        13.88          
8.20  -0.711 0.211  -0.132 0.40           0.92           1.00            -85.62        -88.11        88.26          0.49        0.96        1.04         -54.71         -73.01         74.33           -30.92        -15.10        13.93          
8.23  -0.704 0.187  -0.090 0.76           1.29           1.48            -74.26        -80.78        81.99          0.86        1.35        1.54         -58.07         -70.26         72.73           -16.19        -10.52        9.27           
8.27  -0.702 0.175  -0.060 0.35           0.90           0.96            -83.51        -87.46        87.63          0.45        0.94        1.01         -50.42         -72.10         73.25           -33.09        -15.36        14.38          
8.30  -0.700 0.174  -0.028 0.08           0.95           0.95            -29.16        -85.85        85.85          0.32        1.00        1.00         -6.86          -71.39         71.40           -22.30        -14.46        14.44          
8.33  -0.694 0.165  0.001  0.34           0.90           0.94            -54.17        -77.40        77.95          0.52        0.99        1.02         -31.36         -63.08         64.12           -22.81        -14.33        13.83          
8.37  -0.688 0.162  0.028  0.19           0.82           0.82            -22.11        -77.82        77.86          0.43        0.91        0.91         -9.43          -62.16         62.25           -12.68        -15.66        15.61          
8.40  -0.678 0.157  0.044  0.33           0.57           0.59            -29.11        -59.45        60.72          0.56        0.73        0.75         -16.66         -42.32         43.79           -12.45        -17.13        16.93          
8.43  -0.666 0.156  0.062  0.37           0.65           0.65            -5.22         -55.62        55.67          0.62        0.82        0.82         -3.11          -40.96         41.02           -2.11         -14.65        14.65          
8.47  -0.651 0.166  0.065  0.54           0.45           0.55            36.16         -11.65        37.21          0.76        0.69        0.76         24.95          -7.48          25.80           11.21         -4.17         11.41          
8.50  -0.639 0.158  0.060  0.43           0.39           0.46            -34.27        23.25         38.85          0.65        0.63        0.67         -21.85         14.19          25.36           -12.42        9.06          13.49          
8.53  -0.618 0.147  0.050  0.71           0.69           0.76            -27.40        24.66         34.70          0.94        0.92        0.98         -20.34         18.18          26.34           -7.06         6.48          8.35           
8.57  -0.607 0.149  0.036  0.36           0.57           0.57            5.31          50.86         50.94          0.61        0.75        0.75         3.13           35.86          35.94           2.18          15.00         15.00          
8.60  -0.600 0.145  0.024  0.24           0.40           0.42            -29.47        58.77         60.16          0.47        0.57        0.59         -14.42         36.89          38.43           -15.05        21.88         21.73          
8.63  -0.588 0.134  0.001  0.48           0.78           0.85            -43.65        63.89         66.06          0.68        0.92        0.98         -28.92         49.76          52.52           -14.73        14.13         13.54          
8.67  -0.581 0.142  -0.030 0.32           0.94           0.97            51.31         77.51         77.95          0.52        1.02        1.05         29.21          63.69          64.52           22.10         13.82         13.43          
8.70  -0.576 0.136  -0.052 0.25           0.68           0.70            -47.10        75.63         76.12          0.46        0.78        0.80         -23.42         57.53          58.47           -23.67        18.10         17.65          
8.73  -0.582 0.156  -0.068 0.63           0.52           0.79            108.68        112.80        104.76         0.60        0.48        0.76         85.26          84.11          86.30           23.42         28.68         18.46          
8.77  -0.586 0.173  -0.091 0.53           0.72           0.88            101.03        98.09         96.55          0.54        0.72        0.89         73.87          78.09          80.33           27.17         20.00         16.22          
8.80  -0.597 0.192  -0.110 0.65           0.67           0.87            121.72        120.71        113.18         0.56        0.58        0.80         99.39          99.03          96.54           22.33         21.68         16.65          
8.83  -0.613 0.203  -0.126 0.59           0.68           0.76            145.26        135.99        130.06         0.41        0.53        0.63         125.17         116.83         112.34          20.09         19.16         17.72          
8.87  -0.628 0.221  -0.130 0.70           0.45           0.71            127.71        163.53        127.01         0.58        0.22        0.60         107.89         144.70         107.47          19.82         18.83         19.54          
8.90  -0.641 0.236  -0.148 0.58           0.66           0.78            132.76        127.08        120.34         0.45        0.54        0.69         108.86         105.60         102.20          23.90         21.49         18.14          
8.93  -0.648 0.241  -0.155 0.27           0.30           0.34            145.75        137.37        131.13         0.15        0.21        0.26         80.14          82.67          84.10           65.61         54.70         47.04          
8.97  -0.661 0.251  -0.168 0.48           0.56           0.63            141.75        132.46        126.58         0.32        0.43        0.52         112.89         106.94         103.87          28.86         25.52         22.71          
9.00  -0.672 0.263  -0.182 0.49           0.54           0.65            132.96        128.79        121.32         0.37        0.43        0.56         103.54         101.74         98.94           29.42         27.04         22.37          
9.03  -0.676 0.267  -0.197 0.18           0.45           0.47            134.23        106.78        106.07         0.18        0.44        0.46         47.55          74.18          74.85           86.68         32.61         31.22          
9.07  -0.686 0.272  -0.213 0.34           0.58           0.60            151.14        120.53        119.28         0.17        0.50        0.53         105.07         95.00          94.76           46.07         25.53         24.53          
9.10  -0.687 0.268  -0.229 0.13           0.48           0.50            -95.05        91.39         91.34          0.27        0.53        0.55         -28.78         63.49          64.31           -66.27        27.90         27.03          
9.13  -0.685 0.266  -0.239 0.08           0.29           0.30            -63.71        82.93         83.14          0.29        0.41        0.41         -14.20         45.22          46.10           -49.52        37.71         37.05          
9.17  -0.683 0.255  -0.246 0.33           0.23           0.40            -75.57        68.43         77.83          0.46        0.39        0.51         -44.18         32.32          49.23           -31.39        36.11         28.60          
9.20  -0.671 0.249  -0.260 0.40           0.55           0.58            -27.57        49.93         52.40          0.63        0.74        0.76         -17.02         34.88          37.29           -10.55        15.05         15.11          
9.23  -0.659 0.238  -0.277 0.48           0.64           0.71            -40.50        55.41         59.28          0.69        0.81        0.86         -26.82         40.64          44.89           -13.68        14.77         14.39          
9.27  -0.648 0.234  -0.285 0.35           0.40           0.42            -20.09        35.85         39.00          0.59        0.62        0.63         -11.69         22.23          24.61           -8.40         13.62         14.39          
9.30  -0.629 0.231  -0.286 0.57           0.57           0.58            -9.89         3.57          10.49          0.82        0.82        0.82         -6.89          2.48           7.32            -3.00         1.09          3.17           
9.33  -0.609 0.232  -0.284 0.61           0.61           0.61            1.98          -5.61         5.94           0.86        0.86        0.86         1.40           -3.99          4.22            0.57          -1.62         1.72           
9.37  -0.584 0.230  -0.287 0.76           0.76           0.76            -4.64         6.41          7.89           1.01        1.01        1.01         -3.49          4.82           5.94            -1.15         1.59          1.95           
9.40  -0.565 0.225  -0.278 0.58           0.63           0.64            -15.41        -25.86        29.15          0.83        0.86        0.87         -10.81         -18.55         21.11           -4.61         -7.31         8.04           
9.43  -0.540 0.229  -0.266 0.75           0.82           0.83            10.74         -26.79        28.34          0.99        1.05        1.06         8.05           -20.63         21.91           2.69          -6.16         6.43           
9.47  -0.522 0.237  -0.260 0.61           0.59           0.63            22.71         -16.18        26.99          0.85        0.83        0.86         16.16          -11.36         19.42           6.55          -4.82         7.56           
9.50  -0.497 0.233  -0.245 0.76           0.87           0.88            -8.32         -30.63        31.38          1.01        1.10        1.10         -6.26          -23.97         24.60           -2.06         -6.67         6.78           
9.53  -0.486 0.236  -0.234 0.34           0.47           0.48            15.14         -45.53        46.51          0.59        0.67        0.68         8.77           -30.13         30.99           6.38          -15.40        15.52          
9.57  -0.465 0.249  -0.219 0.71           0.75           0.84            32.00         -36.91        44.34          0.93        0.96        1.03         23.82          -27.96         34.62           8.18          -8.96         9.72           
9.60  -0.449 0.264  -0.210 0.69           0.57           0.74            42.65         -28.45        46.90          0.89        0.80        0.93         31.63          -19.91         35.55           11.02         -8.53         11.35          
9.63  -0.436 0.276  -0.198 0.51           0.51           0.62            43.63         -43.45        53.35          0.71        0.71        0.80         29.66          -29.50         38.76           13.97         -13.95        14.59          
9.67  -0.425 0.293  -0.198 0.60           0.33           0.60            56.44         -2.73         56.46          0.77        0.58        0.77         40.76          -1.56          40.77           15.68         -1.17         15.68          
9.70  -0.418 0.319  -0.193 0.81           0.26           0.82            74.47         -32.20        74.70          0.91        0.49        0.92         59.13          -16.31         59.51           15.34         -15.89        15.18          
9.73  -0.403 0.342  -0.195 0.83           0.44           0.83            57.85         6.19          57.91          0.99        0.69        0.99         45.45          3.96           45.51           12.41         2.23          12.40          
9.77  -0.392 0.371  -0.193 0.92           0.33           0.92            69.24         -10.79        69.29          1.03        0.58        1.03         56.14          -6.14          56.21           13.10         -4.64         13.08          
9.80  -0.374 0.385  -0.196 0.71           0.57           0.72            37.79         10.91         38.63          0.92        0.82        0.92         28.19          7.59           28.91           9.60          3.32          9.71           
9.83  -0.363 0.403  -0.195 0.61           0.31           0.61            59.87         -5.83         59.92          0.77        0.56        0.77         43.54          -3.22          43.59           16.33         -2.61         16.33          
9.87  -0.356 0.414  -0.197 0.39           0.23           0.40            55.76         15.46         56.22          0.57        0.48        0.58         34.66          7.42           35.13           21.10         8.04          21.09          
9.90  -0.339 0.413  -0.203 0.52           0.54           0.54            -3.73         19.08         19.39          0.76        0.78        0.79         -2.51          13.10          13.32           -1.22         5.98          6.07           
9.93  -0.326 0.402  -0.206 0.51           0.40           0.51            -38.98        10.74         39.73          0.72        0.65        0.72         -26.35         6.62           26.96           -12.63        4.12          12.77          
9.97  -0.316 0.394  -0.216 0.39           0.43           0.49            -38.26        45.07         51.90          0.61        0.63        0.68         -23.44         28.86          35.04           -14.82        16.21         16.86          
10.00 -0.309 0.384  -0.225 0.36           0.32           0.45            -58.31        53.45         64.62          0.54        0.51        0.60         -35.06         30.30          42.40           -23.26        23.15         22.22          
10.03 -0.297 0.369  -0.235 0.58           0.48           0.66            -52.10        41.58         57.36          0.76        0.69        0.83         -37.12         27.59          42.61           -14.99        13.99         14.76          
10.07 -0.288 0.358  -0.247 0.42           0.43           0.54            -50.03        52.04         60.27          0.61        0.62        0.70         -31.64         33.51          42.13           -18.38        18.53         18.14          
10.10 -0.276 0.344  -0.262 0.55           0.59           0.71            -47.39        50.78         58.59          0.74        0.77        0.87         -33.02         36.21          44.39           -14.37        14.56         14.20          
10.13 -0.255 0.328  -0.270 0.80           0.66           0.83            -39.20        21.08         42.05          1.00        0.90        1.03         -30.14         15.35          32.71           -9.06         5.74          9.35           
10.17 -0.234 0.318  -0.279 0.70           0.70           0.76            -24.67        24.12         32.67          0.93        0.93        0.98         -18.25         17.81          24.72           -6.42         6.30          7.95           
10.20 -0.224 0.312  -0.285 0.35           0.35           0.40            -31.36        29.82         39.92          0.58        0.58        0.61         -18.47         17.43          24.63           -12.90        12.38         15.29          
10.23 -0.203 0.309  -0.291 0.64           0.66           0.67            -6.41         16.61         17.68          0.89        0.91        0.91         -4.61          12.08          12.89           -1.80         4.53          4.79           
10.27 -0.189 0.300  -0.297 0.49           0.45           0.52            -33.74        23.37         38.50          0.71        0.68        0.74         -22.53         15.03          26.30           -11.21        8.34          12.21          
10.30 -0.172 0.296  -0.300 0.52           0.51           0.53            -14.78        8.72          16.97          0.77        0.76        0.77         -10.00         5.85           11.53           -4.78         2.87          5.44           
10.33 -0.154 0.288  -0.307 0.60           0.60           0.64            -21.55        20.75         28.69          0.84        0.84        0.87         -15.28         14.69          20.73           -6.27         6.07          7.96           
10.37 -0.143 0.282  -0.313 0.37           0.36           0.41            -31.46        29.78         39.95          0.60        0.59        0.62         -18.85         17.71          25.06           -12.61        12.07         14.90          
10.40 -0.135 0.281  -0.320 0.24           0.31           0.31            -6.93         40.80         41.08          0.49        0.53        0.53         -3.38          22.79          22.99           -3.54         18.01         18.09          
10.43 -0.127 0.272  -0.320 0.35           0.24           0.35            -47.15        0.90          47.15          0.55        0.49        0.55         -27.79         0.44           27.79           -19.36        0.46          19.36          
10.47 -0.121 0.261  -0.321 0.39           0.20           0.39            -59.19        9.74          59.32          0.56        0.45        0.56         -36.58         4.35           36.72           -22.61        5.40          22.60          
10.50 -0.117 0.248  -0.316 0.41           0.17           0.43            -75.09        -52.19        75.86          0.53        0.38        0.55         -47.89         -20.79         49.47           -27.20        -31.40        26.39          
10.53 -0.117 0.230  -0.302 0.54           0.44           0.69            -88.17        -87.76        88.58          0.60        0.51        0.74         -63.53         -58.62         68.91           -24.64        -29.14        19.67          
10.57 -0.124 0.216  -0.285 0.47           0.54           0.68            -117.06       -113.60       108.37         0.42        0.49        0.65         -85.26         -85.94         86.91           -31.80        -27.66        21.46          
10.60 -0.123 0.201  -0.266 0.46           0.58           0.74            -85.73        -86.63        87.36          0.54        0.64        0.79         -58.05         -63.83         68.90           -27.68        -22.80        18.46          
10.63 -0.126 0.190  -0.244 0.37           0.68           0.77            -107.47       -99.27        98.25          0.38        0.69        0.77         -68.21         -78.29         79.57           -39.26        -20.99        18.68          
10.67 -0.131 0.191  -0.221 0.13           0.70           0.70            167.39        -100.78       100.77         0.12        0.70        0.70         13.99          -80.30         80.31           153.41        -20.48        20.46          
10.70 -0.133 0.189  -0.204 0.07           0.50           0.51            -140.94       -96.38        96.35          0.20        0.54        0.54         -13.15         -68.79         68.87           -127.78       -27.59        27.48          
10.73 -0.136 0.185  -0.195 0.15           0.29           0.31            -133.14       -111.40       109.88         0.18        0.30        0.32         -37.44         -61.35         63.25           -95.70        -50.04        46.62          
10.77 -0.145 0.184  -0.169 0.26           0.82           0.82            -172.05       -108.09       108.08         0.04        0.78        0.78         -99.33         -90.43         90.43           -72.72        -17.66        17.65          
10.80 -0.139 0.171  -0.152 0.44           0.54           0.67            -66.28        -71.14        74.91          0.58        0.67        0.78         -43.19         -50.37         56.82           -23.09        -20.77        18.09          
10.83 -0.148 0.160  -0.127 0.42           0.78           0.85            -128.83       -109.77       108.17         0.33        0.74        0.81         -92.50         -91.12         91.02           -36.32        -18.65        17.15          
10.87 -0.141 0.144  -0.114 0.51           0.44           0.65            -67.74        -63.84        72.54          0.65        0.59        0.76         -46.83         -41.62         54.22           -20.91        -22.22        18.32          
10.90 -0.136 0.131  -0.105 0.42           0.31           0.50            -66.85        -58.10        70.59          0.57        0.49        0.63         -42.94         -32.59         48.47           -23.91        -25.51        22.12          
10.93 -0.131 0.125  -0.091 0.22           0.44           0.47            -54.61        -72.76        74.12          0.42        0.56        0.59         -25.65         -47.71         50.19           -28.95        -25.05        23.94          
10.97 -0.119 0.135  -0.081 0.49           0.50           0.59            38.91         -40.59        49.65          0.70        0.71        0.78         26.03          -27.40         35.46           12.88         -13.19        14.19          
11.00 -0.114 0.147  -0.081 0.38           0.13           0.38            70.04         2.72          70.04          0.52        0.38        0.52         43.33          0.93           43.34           26.71         1.78          26.70          
11.03 -0.106 0.164  -0.085 0.56           0.28           0.57            64.20         29.11         64.98          0.70        0.51        0.72         45.54          15.34          46.54           18.65         13.77         18.43          
11.07 -0.107 0.184  -0.092 0.61           0.20           0.64            91.66         94.94         91.57          0.65        0.31        0.68         69.00          41.12          70.00           22.66         53.82         21.58          
11.10 -0.111 0.215  -0.108 0.94           0.51           1.06            97.12         103.22        96.29          0.94        0.51        1.06         81.79          74.81          82.74           15.33         28.41         13.55          
11.13 -0.110 0.238  -0.117 0.69           0.26           0.73            88.40         85.70         88.50          0.74        0.37        0.78         68.60          43.42          69.82           19.81         42.28         18.68          
11.17 -0.114 0.261  -0.129 0.70           0.37           0.79            100.02        109.20        98.95          0.70        0.37        0.79         79.56          70.03          80.67           20.46         39.17         18.29          
11.20 -0.120 0.288  -0.144 0.81           0.49           0.93            102.45        110.65        100.79         0.79        0.47        0.92         84.53          80.72          85.28           17.92         29.94         15.51          
11.23 -0.125 0.306  -0.156 0.57           0.39           0.67            106.41        114.43        103.88         0.55        0.37        0.66         80.76          75.91          82.22           25.65         38.52         21.65          
11.27 -0.129 0.321  -0.171 0.47           0.47           0.66            104.37        104.61        100.35         0.48        0.47        0.66         73.94          73.68          78.40           30.43         30.93         21.95          
11.30 -0.128 0.336  -0.190 0.45           0.58           0.73            85.91         86.79         87.47          0.53        0.64        0.78         57.90          63.82          68.85           28.01         22.97         18.62          
11.33 -0.134 0.357  -0.208 0.65           0.56           0.84            105.99        108.37        102.24         0.62        0.54        0.82         83.35          82.30          84.95           22.64         26.07         17.29          
