time  x      y      z      groundspeedxy  groundspeedxz  groundspeedxyz  trackanglexy  trackanglexz  trackanglexyz  airspeedxy  airspeedxz  airspeedxyz  courseanglexy  courseanglexz  courseanglexyz  driftanglexy  driftanglexz  driftanglexyz  
0.00  -1.098 0.214  -0.343 
0.03  -1.082 0.220  -0.338 0.52           0.52           0.55            19.12         -18.76        25.89          0.76        0.76        0.78         12.94          -12.70         17.84           6.17          -6.07         8.05           
0.07  -1.057 0.225  -0.334 0.77           0.76           0.78            12.61         -7.13         14.38          1.02        1.01        1.02         9.54           -5.37          10.90           3.07          -1.76         3.48           
0.10  -1.034 0.240  -0.332 0.82           0.70           0.82            31.94         -5.88         32.29          1.04        0.95        1.04         24.63          -4.33          24.93           7.31          -1.55         7.36           
0.13  -1.017 0.255  -0.325 0.66           0.52           0.69            42.68         -21.92        45.17          0.86        0.76        0.88         31.32          -14.87         33.58           11.36         -7.05         11.59          
0.17  -0.995 0.261  -0.321 0.68           0.68           0.70            14.76         -12.13        18.78          0.93        0.92        0.94         10.82          -8.86          13.86           3.94          -3.27         4.92           
0.20  -0.975 0.260  -0.319 0.63           0.63           0.63            -1.56         -5.92         6.12           0.88        0.88        0.88         -1.11          -4.24          4.38            -0.44         -1.68         1.74           
0.23  -0.949 0.257  -0.317 0.78           0.78           0.78            -6.90         -2.51         7.33           1.03        1.03        1.03         -5.23          -1.90          5.56            -1.67         -0.61         1.78           
0.27  -0.931 0.234  -0.319 0.86           0.54           0.86            -51.23        3.73          51.27          1.04        0.79        1.04         -40.39         2.55           40.43           -10.84        1.18          10.84          
0.30  -0.914 0.221  -0.317 0.64           0.49           0.64            -40.01        -5.93         40.22          0.84        0.74        0.84         -29.01         -3.92          29.19           -11.00        -2.01         11.03          
0.33  -0.894 0.211  -0.318 0.67           0.61           0.67            -24.96        4.09          25.22          0.90        0.86        0.90         -18.23         2.90           18.43           -6.73         1.19          6.78           
0.37  -0.878 0.203  -0.320 0.57           0.50           0.57            -27.85        4.74          28.14          0.80        0.75        0.80         -19.41         3.17           19.63           -8.44         1.57          8.51           
0.40  -0.850 0.208  -0.322 0.84           0.82           0.84            10.37         4.01          11.09          1.08        1.07        1.08         7.99           3.07           8.55            2.38          0.93          2.54           
0.43  -0.833 0.224  -0.311 0.73           0.62           0.79            43.53         -31.02        48.35          0.92        0.84        0.98         32.80          -22.20         37.34           10.73         -8.83         11.01          
0.47  -0.817 0.244  -0.302 0.75           0.55           0.80            50.91         -31.11        53.89          0.92        0.77        0.97         38.78          -21.50         41.83           12.13         -9.61         12.07          
0.50  -0.801 0.262  -0.287 0.72           0.66           0.85            47.96         -42.72        55.28          0.91        0.86        1.01         36.17          -31.33         43.57           11.79         -11.39        11.71          
0.53  -0.786 0.292  -0.266 1.00           0.76           1.18            64.13         -55.06        68.28          1.13        0.93        1.29         52.67          -42.29         57.93           11.47         -12.76        10.35          
0.57  -0.776 0.315  -0.246 0.77           0.68           0.98            66.46         -63.18        71.73          0.90        0.82        1.08         51.65          -47.46         59.07           14.80         -15.73        12.67          
0.60  -0.768 0.324  -0.229 0.35           0.54           0.60            48.45         -64.48        67.20          0.55        0.69        0.74         28.59          -45.34         48.98           19.85         -19.14        18.23          
0.63  -0.748 0.325  -0.215 0.61           0.75           0.75            3.78          -36.26        36.37          0.86        0.97        0.97         2.68           -27.46         27.55           1.10          -8.80         8.82           
0.67  -0.737 0.320  -0.209 0.37           0.37           0.40            -24.62        -25.48        33.47          0.61        0.61        0.63         -14.71         -15.27         20.75           -9.91         -10.21        12.72          
0.70  -0.721 0.316  -0.200 0.49           0.55           0.57            -13.47        -31.61        33.44          0.73        0.78        0.79         -8.90          -21.92         23.35           -4.57         -9.69         10.08          
0.73  -0.703 0.308  -0.200 0.59           0.53           0.59            -25.63        0.80          25.63          0.82        0.78        0.82         -18.05         0.54           18.06           -7.58         0.25          7.58           
0.77  -0.687 0.291  -0.207 0.69           0.54           0.73            -45.08        25.04         47.89          0.89        0.77        0.92         -33.59         17.19          36.23           -11.49        7.85          11.66          
0.80  -0.665 0.282  -0.219 0.72           0.75           0.80            -23.78        28.63         35.05          0.95        0.97        1.02         -17.69         21.56          26.92           -6.09         7.07          8.13           
0.83  -0.641 0.274  -0.237 0.77           0.90           0.94            -18.23        36.43         38.94          1.01        1.12        1.14         -13.78         28.78          31.03           -4.45         7.64          7.91           
0.87  -0.614 0.269  -0.259 0.83           1.04           1.05            -9.51         38.27         38.89          1.07        1.24        1.25         -7.31          31.12          31.68           -2.21         7.15          7.21           
0.90  -0.587 0.269  -0.278 0.80           0.99           0.99            -0.53         36.56         36.56          1.05        1.20        1.20         -0.40          29.44          29.44           -0.13         7.11          7.11           
0.93  -0.565 0.276  -0.304 0.70           1.01           1.03            17.03         48.63         49.63          0.94        1.19        1.21         12.56          39.55          40.55           4.47          9.08          9.08           
0.97  -0.542 0.283  -0.311 0.71           0.72           0.75            17.58         18.93         25.02          0.95        0.96        0.98         13.03          14.07          18.83           4.54          4.86          6.19           
1.00  -0.520 0.288  -0.318 0.69           0.70           0.72            13.36         16.85         21.05          0.94        0.94        0.96         9.82           12.45          15.68           3.54          4.40          5.38           
1.03  -0.497 0.289  -0.324 0.70           0.72           0.72            2.54          12.79         13.02          0.95        0.97        0.97         1.87           9.51           9.69            0.66          3.28          3.34           
1.07  -0.475 0.282  -0.328 0.68           0.65           0.69            -19.05        12.77         22.44          0.92        0.90        0.93         -13.93         9.25           16.53           -5.11         3.52          5.91           
1.10  -0.463 0.282  -0.340 0.36           0.49           0.49            1.82          43.39         43.40          0.61        0.69        0.69         1.07           29.06          29.08           0.75          14.32         14.33          
1.13  -0.452 0.261  -0.330 0.72           0.43           0.77            -62.89        -40.65        64.89          0.86        0.64        0.90         -47.88         -25.93         50.39           -15.00        -14.72        14.50          
1.17  -0.444 0.245  -0.306 0.55           0.77           0.91            -62.04        -70.36        73.50          0.71        0.89        1.01         -43.82         -55.00         59.84           -18.21        -15.37        13.67          
1.20  -0.434 0.224  -0.276 0.70           0.94           1.13            -65.03        -71.69        74.91          0.83        1.04        1.22         -49.26         -58.53         63.49           -15.77        -13.16        11.42          
1.23  -0.425 0.212  -0.244 0.46           1.02           1.08            -51.73        -73.79        74.74          0.65        1.12        1.17         -34.01         -61.37         62.87           -17.71        -12.42        11.87          
1.27  -0.416 0.209  -0.207 0.26           1.12           1.13            -19.96        -77.60        77.64          0.50        1.20        1.21         -10.12         -65.89         65.96           -9.84         -11.71        11.68          
1.30  -0.406 0.221  -0.183 0.49           0.79           0.88            49.52         -66.26        68.64          0.68        0.92        1.00         33.32          -51.90         55.12           16.20         -14.36        13.52          
1.33  -0.395 0.222  -0.161 0.33           0.73           0.73            4.65          -62.82        62.84          0.58        0.87        0.87         2.66           -48.03         48.06           1.99          -14.79        14.79          
1.37  -0.379 0.234  -0.147 0.60           0.66           0.75            36.62         -42.35        49.63          0.82        0.86        0.93         26.14          -31.03         37.82           10.49         -11.31        11.80          
1.40  -0.362 0.246  -0.132 0.61           0.65           0.75            35.62         -40.33        48.01          0.83        0.86        0.93         25.51          -29.49         36.50           10.11         -10.84        11.51          
1.43  -0.355 0.247  -0.111 0.20           0.67           0.67            9.43          -72.73        72.75          0.45        0.78        0.79         4.22           -55.02         55.05           5.21          -17.71        17.69          
1.47  -0.344 0.253  -0.101 0.37           0.44           0.47            26.93         -42.39        46.25          0.60        0.65        0.67         16.07          -27.36         30.64           10.87         -15.03        15.62          
1.50  -0.343 0.271  -0.102 0.55           0.03           0.55            87.12         33.90         87.12          0.62        0.28        0.62         63.35          3.86           63.37           23.76         30.04         23.75          
1.53  -0.342 0.290  -0.111 0.56           0.28           0.62            86.09         82.22         86.50          0.63        0.40        0.68         62.60          43.96          65.13           23.49         38.26         21.38          
1.57  -0.348 0.309  -0.127 0.59           0.51           0.76            106.27        108.89        102.52         0.57        0.49        0.75         81.49          80.04          83.50           24.78         28.85         19.02          
1.60  -0.357 0.321  -0.141 0.47           0.51           0.63            126.94        124.08        116.70         0.38        0.42        0.56         95.05          94.55          93.39           31.89         29.53         23.32          
1.63  -0.361 0.324  -0.158 0.15           0.51           0.52            149.79        104.13        103.98         0.14        0.51        0.52         30.38          75.97          76.11           119.42        28.16         27.87          
1.67  -0.368 0.326  -0.179 0.22           0.69           0.69            157.06        107.35        107.20         0.10        0.66        0.66         62.75          86.11          86.14           94.31         21.24         21.07          
1.70  -0.380 0.325  -0.202 0.37           0.78           0.78            -171.83       117.75        117.68         0.12        0.70        0.70         -155.20        99.29          99.26           -16.63        18.46         18.42          
1.73  -0.385 0.334  -0.225 0.30           0.70           0.75            116.51        101.13        100.37         0.29        0.70        0.75         67.12          80.55          81.20           49.40         20.58         19.18          
1.77  -0.392 0.332  -0.250 0.23           0.76           0.76            -164.75       106.83        106.77         0.07        0.73        0.73         -63.74         87.67          87.68           -101.01       19.16         19.10          
1.80  -0.397 0.341  -0.281 0.31           0.96           1.00            117.66        98.57         98.24          0.29        0.96        1.00         68.77          83.62          83.87           48.88         14.95         14.38          
1.83  -0.396 0.336  -0.305 0.16           0.71           0.73            -79.46        87.65         87.70          0.32        0.77        0.78         -29.41         68.59          69.05           -50.06        19.05         18.65          
1.87  -0.388 0.332  -0.332 0.26           0.83           0.84            -25.43        73.64         73.79          0.50        0.93        0.94         -12.93         58.70          58.95           -12.50        14.93         14.84          
1.90  -0.388 0.316  -0.345 0.49           0.41           0.64            -89.80        89.75         89.84          0.55        0.48        0.68         -62.86         58.15          68.43           -26.94        31.61         21.42          
1.93  -0.386 0.317  -0.370 0.09           0.75           0.75            33.05         84.50         84.51          0.33        0.81        0.81         8.28           66.69          66.73           24.78         17.81         17.78          
1.97  -0.386 0.321  -0.388 0.13           0.53           0.55            91.59         90.37         90.36          0.28        0.59        0.60         26.95          65.14          65.72           64.64         25.23         24.64          
2.00  -0.400 0.348  -0.406 0.90           0.68           1.04            118.17        128.22        113.89         0.81        0.56        0.97         102.34         107.84         100.26          15.83         20.39         13.63          
2.03  -0.418 0.358  -0.419 0.63           0.67           0.75            149.84        144.28        137.25         0.44        0.49        0.59         133.07         127.06         120.43          16.77         17.22         16.81          
2.07  -0.432 0.371  -0.422 0.56           0.43           0.57            137.51        165.20        136.37         0.41        0.20        0.43         113.31         146.20         112.49          24.20         19.00         23.88          
2.10  -0.464 0.403  -0.420 1.37           0.97           1.37            135.34        -175.63       135.26         1.20        0.73        1.20         126.93         -174.13        126.85          8.41          -1.50         8.41           
2.13  -0.492 0.431  -0.414 1.19           0.84           1.20            133.62        -167.40       132.98         1.03        0.60        1.05         123.51         -162.16        122.93          10.11         -5.23         10.05          
2.17  -0.519 0.453  -0.400 1.05           0.93           1.13            141.39        -152.66       136.43         0.87        0.71        0.97         131.08         -143.39        126.19          10.32         -9.27         10.24          
2.20  -0.550 0.464  -0.387 0.99           1.00           1.06            160.83        -158.58       152.34         0.76        0.78        0.84         154.62         -151.83        144.42          6.21          -6.74         7.91           
2.23  -0.583 0.475  -0.370 1.02           1.10           1.15            161.76        -151.43       147.53         0.79        0.89        0.95         156.07         -143.74        139.40          5.70          -7.69         8.13           
2.27  -0.610 0.485  -0.355 0.87           0.93           0.98            159.63        -151.13       146.38         0.64        0.73        0.79         151.86         -141.55        136.25          7.76          -9.58         10.13          
2.30  -0.634 0.482  -0.334 0.72           0.96           0.96            -174.00       -138.42       138.22         0.47        0.79        0.79         -170.83        -126.27        126.08          -3.17         -12.15        12.14          
2.33  -0.660 0.488  -0.310 0.81           1.06           1.07            167.26        -138.26       137.37         0.57        0.89        0.90         161.68         -127.43        126.57          5.58          -10.83        10.80          
2.37  -0.680 0.459  -0.288 1.06           0.89           1.24            -124.96       -132.77       119.15         0.94        0.75        1.14         -112.34        -118.53        108.15          -12.62        -14.24        11.00          
2.40  -0.697 0.435  -0.259 0.89           1.02           1.25            -124.42       -119.54       113.59         0.77        0.92        1.17         -108.93        -105.83        102.33          -15.49        -13.70        11.26          
2.43  -0.719 0.420  -0.233 0.81           1.02           1.12            -144.64       -130.16       125.90         0.62        0.88        1.00         -131.13        -117.61        114.17          -13.50        -12.55        11.73          
2.47  -0.738 0.400  -0.212 0.82           0.85           1.03            -133.82       -131.65       123.12         0.67        0.71        0.92         -118.16        -116.39        110.00          -15.66        -15.26        13.12          
2.50  -0.759 0.358  -0.182 1.42           1.11           1.68            -117.51       -126.09       112.97         1.32        0.98        1.60         -107.84        -114.25        104.68          -9.67         -11.84        8.29           
2.53  -0.781 0.342  -0.157 0.79           0.97           1.08            -143.03       -130.82       125.91         0.61        0.83        0.95         -128.78        -117.58        113.65          -14.26        -13.24        12.26          
2.57  -0.794 0.318  -0.129 0.84           0.95           1.20            -119.03       -115.52       109.89         0.75        0.87        1.14         -102.13        -100.48        97.98           -16.90        -15.04        11.92          
2.60  -0.797 0.306  -0.104 0.37           0.75           0.84            -101.46       -95.64        95.07          0.40        0.77        0.85         -64.23         -76.77         78.07           -37.23        -18.86        17.00          
2.63  -0.798 0.302  -0.087 0.11           0.50           0.51            -111.41       -94.67        94.57          0.23        0.54        0.55         -26.51         -67.33         67.76           -84.89        -27.34        26.81          
2.67  -0.794 0.289  -0.077 0.42           0.32           0.52            -73.71        -68.83        76.87          0.54        0.48        0.62         -47.49         -39.46         53.81           -26.22        -29.36        23.06          
2.70  -0.793 0.268  -0.080 0.62           0.09           0.63            -88.16        77.76         88.18          0.68        0.29        0.69         -66.60         18.91          66.83           -21.56        58.85         21.35          
2.73  -0.780 0.252  -0.090 0.64           0.51           0.70            -49.10        35.09         53.50          0.82        0.73        0.87         -35.79         23.69          40.16           -13.31        11.40         13.34          
2.77  -0.768 0.234  -0.101 0.63           0.48           0.71            -56.41        43.39         60.64          0.80        0.69        0.87         -41.31         28.88          46.05           -15.10        14.50         14.59          
2.80  -0.758 0.227  -0.128 0.37           0.86           0.89            -37.55        69.82         70.52          0.59        0.97        1.00         -22.60         55.84          56.85           -14.95        13.99         13.67          
2.83  -0.742 0.200  -0.145 0.92           0.70           1.06            -59.49        47.94         63.74          1.07        0.89        1.19         -47.88         35.84          52.87           -11.62        12.11         10.87          
2.87  -0.722 0.192  -0.170 0.65           0.96           0.99            -21.82        51.02         52.41          0.89        1.13        1.16         -15.80         41.13          42.55           -6.02         9.89          9.86           
2.90  -0.710 0.195  -0.191 0.38           0.73           0.74            12.82         59.55         59.77          0.63        0.89        0.89         7.75           45.49          45.75           5.07          14.05         14.02          
2.93  -0.693 0.201  -0.217 0.55           0.93           0.95            19.31         56.26         56.96          0.79        1.09        1.10         13.28          45.24          46.00           6.03          11.02         10.96          
2.97  -0.677 0.210  -0.237 0.54           0.79           0.83            28.10         52.34         54.49          0.77        0.96        0.99         19.36          40.44          42.67           8.75          11.90         11.82          
3.00  -0.663 0.223  -0.262 0.57           0.83           0.92            42.64         59.81         62.85          0.77        0.98        1.06         29.98          47.12          50.70           12.66         12.69         12.16          
3.03  -0.652 0.240  -0.282 0.63           0.71           0.88            57.84         61.84         67.83          0.79        0.85        1.00         42.25          46.86          54.49           15.59         14.99         13.34          
3.07  -0.639 0.252  -0.294 0.52           0.53           0.64            42.83         43.66         53.07          0.72        0.73        0.81         29.25          29.97          38.79           13.58         13.69         14.28          
3.10  -0.629 0.264  -0.307 0.47           0.47           0.60            52.20         51.86         61.11          0.66        0.65        0.75         34.70          34.37          44.23           17.50         17.49         16.88          
3.13  -0.623 0.276  -0.315 0.39           0.31           0.46            58.99         50.19         64.01          0.56        0.51        0.61         36.49          28.08          42.36           22.50         22.11         21.65          
3.17  -0.606 0.286  -0.309 0.58           0.52           0.60            31.63         -18.28        34.95          0.80        0.76        0.82         22.19          -12.34         24.84           9.44          -5.94         10.11          
3.20  -0.596 0.278  -0.304 0.39           0.35           0.42            -36.20        -28.20        42.22          0.61        0.59        0.63         -22.11         -16.57         26.73           -14.09        -11.63        15.49          
3.23  -0.572 0.294  -0.292 0.86           0.80           0.93            32.99         -25.79        38.98          1.08        1.03        1.14         25.76          -19.76         31.03           7.23          -6.04         7.96           
3.27  -0.559 0.286  -0.273 0.44           0.69           0.73            -31.89        -57.28        59.18          0.67        0.85        0.89         -20.46         -43.03         45.15           -11.43        -14.25        14.03          
3.30  -0.544 0.271  -0.262 0.63           0.57           0.72            -43.84        -36.01        50.29          0.83        0.78        0.90         -31.83         -25.17         37.90           -12.01        -10.84        12.39          
3.33  -0.532 0.248  -0.247 0.78           0.57           0.89            -61.74        -49.05        65.44          0.93        0.75        1.02         -48.03         -34.56         52.60           -13.71        -14.50        12.85          
3.37  -0.524 0.254  -0.227 0.28           0.64           0.66            38.56         -70.25        70.96          0.50        0.76        0.78         20.28          -52.24         53.33           18.28         -18.01        17.63          
3.40  -0.516 0.236  -0.217 0.60           0.39           0.67            -65.08        -50.37        67.94          0.74        0.59        0.80         -47.17         -31.18         51.05           -17.91        -19.19        16.89          
3.43  -0.498 0.225  -0.204 0.63           0.65           0.73            -31.77        -35.58        43.42          0.85        0.87        0.93         -22.84         -25.94         32.76           -8.93         -9.64         10.66          
3.47  -0.483 0.216  -0.179 0.53           0.89           0.92            -29.89        -58.57        60.04          0.76        1.04        1.07         -20.45         -46.72         48.38           -9.44         -11.86        11.66          
3.50  -0.465 0.209  -0.169 0.59           0.63           0.66            -21.48        -28.46        33.81          0.83        0.86        0.88         -15.15         -20.45         24.74           -6.33         -8.00         9.07           
3.53  -0.452 0.194  -0.169 0.58           0.37           0.58            -50.74        -1.29         50.75          0.76        0.62        0.76         -35.99         -0.77          36.00           -14.75        -0.52         14.75          
3.57  -0.431 0.189  -0.175 0.66           0.66           0.68            -14.28        15.59         20.69          0.90        0.90        0.92         -10.35         11.32          15.16           -3.93         4.27          5.53           
3.60  -0.413 0.178  -0.162 0.63           0.66           0.73            -29.87        -34.53        41.87          0.86        0.88        0.94         -21.51         -25.27         31.59           -8.36         -9.25         10.27          
3.63  -0.404 0.203  -0.170 0.80           0.35           0.83            69.35         37.12         70.08          0.92        0.57        0.94         54.60          21.87          55.66           14.75         15.25         14.42          
3.67  -0.391 0.210  -0.177 0.44           0.45           0.49            26.43         30.00         37.30          0.67        0.68        0.71         16.85          19.39          24.91           9.58          10.61         12.39          
3.70  -0.383 0.215  -0.191 0.29           0.49           0.51            33.97         60.85         62.43          0.51        0.65        0.66         18.13          41.07          42.95           15.84         19.78         19.48          
3.73  -0.381 0.235  -0.199 0.60           0.26           0.65            83.97         75.85         84.44          0.68        0.40        0.72         62.37          38.66          64.23           21.61         37.19         20.21          
3.77  -0.386 0.261  -0.205 0.79           0.23           0.81            101.16        132.59        100.92         0.78        0.19        0.80         82.89          59.84          83.05           18.27         72.74         17.87          
3.80  -0.385 0.279  -0.211 0.55           0.17           0.57            86.44         78.49         86.59          0.62        0.33        0.64         62.60          30.52          63.63           23.84         47.97         22.96          
3.83  -0.388 0.307  -0.214 0.85           0.14           0.85            96.92         136.20        96.87          0.85        0.18        0.86         79.99          33.40          80.06           16.93         102.80        16.82          
3.87  -0.391 0.328  -0.205 0.64           0.28           0.69            96.92         -106.00       96.37          0.66        0.32        0.71         74.67          -57.04         75.83           22.25         -48.96        20.54          
3.90  -0.391 0.326  -0.210 0.06           0.15           0.16            -112.95       98.30         97.85          0.23        0.27        0.28         -12.52         32.79          34.27           -100.43       65.51         63.59          
3.93  -0.390 0.335  -0.196 0.26           0.43           0.50            82.97         -85.68        86.31          0.38        0.51        0.57         42.69          -56.40         60.47           40.28         -29.28        25.84          
3.97  -0.388 0.330  -0.184 0.16           0.36           0.39            -61.23        -77.79        78.61          0.36        0.48        0.50         -23.19         -47.38         49.44           -38.03        -30.40        29.18          
4.00  -0.379 0.323  -0.185 0.35           0.26           0.35            -41.39        8.24          41.77          0.56        0.51        0.56         -24.21         4.22           24.49           -17.19        4.01          17.28          
4.03  -0.375 0.304  -0.188 0.57           0.13           0.57            -79.01        33.61         79.10          0.66        0.37        0.67         -57.29         11.36          57.50           -21.73        22.25         21.60          
4.07  -0.376 0.286  -0.185 0.56           0.07           0.56            -92.15        -108.24       92.14          0.60        0.24        0.60         -67.61         -15.48         67.74           -24.54        -92.76        24.40          
4.10  -0.375 0.262  -0.185 0.71           0.04           0.71            -87.33        -28.26        87.33          0.76        0.28        0.77         -68.27         -3.60          68.28           -19.05        -24.66        19.05          
4.13  -0.372 0.238  -0.196 0.71           0.36           0.79            -82.77        75.56         83.51          0.78        0.49        0.85         -64.25         45.61          66.61           -18.51        29.94         16.90          
4.17  -0.363 0.228  -0.208 0.41           0.42           0.53            -51.44        52.43         61.03          0.60        0.61        0.69         -32.53         33.46          42.56           -18.91        18.97         18.47          
4.20  -0.359 0.220  -0.228 0.27           0.63           0.68            -64.02        79.24         79.96          0.44        0.72        0.76         -33.36         59.36          61.11           -30.66        19.88         18.85          
4.23  -0.336 0.202  -0.248 0.89           0.93           1.07            -37.24        40.00         48.55          1.10        1.13        1.25         -29.34         31.82          39.94           -7.90         8.18          8.61           
4.27  -0.326 0.209  -0.266 0.37           0.62           0.66            36.41         61.02         62.86          0.59        0.77        0.81         21.96          44.63          46.84           14.45         16.39         16.02          
4.30  -0.302 0.212  -0.276 0.71           0.76           0.77            7.65          21.93         23.00          0.96        1.00        1.00         5.67           16.57          17.41           1.98          5.36          5.59           
4.33  -0.284 0.226  -0.285 0.69           0.62           0.74            36.66         27.79         42.36          0.90        0.85        0.94         27.09          19.91          32.08           9.56          7.87          10.28          
4.37  -0.259 0.222  -0.293 0.76           0.78           0.79            -8.74         16.19         18.19          1.01        1.02        1.03         -6.58          12.28          13.84           -2.17         3.91          4.35           
4.40  -0.247 0.225  -0.294 0.37           0.36           0.38            14.32         7.02          15.82          0.62        0.61        0.62         8.58           4.17           9.51            5.74          2.86          6.31           
4.43  -0.238 0.231  -0.285 0.31           0.37           0.41            36.37         -46.32        52.00          0.54        0.57        0.60         20.31          -27.75         32.75           16.06         -18.56        19.25          
4.47  -0.235 0.243  -0.273 0.37           0.38           0.52            72.89         -73.30        77.87          0.51        0.51        0.63         44.77          -45.51         54.87           28.11         -27.79        23.00          
4.50  -0.246 0.250  -0.259 0.39           0.54           0.58            148.48        -127.58       124.83         0.22        0.43        0.48         111.33         -100.44        99.46           37.16         -27.14        25.38          
4.53  -0.252 0.258  -0.246 0.31           0.43           0.50            125.31        -114.28       110.83         0.26        0.40        0.47         73.96          -79.62         81.22           51.35         -34.66        29.61          
4.57  -0.269 0.251  -0.233 0.57           0.65           0.68            -158.47       -143.80       140.26         0.35        0.47        0.52         -143.06        -125.64        122.26          -15.41        -18.16        18.00          
4.60  -0.285 0.261  -0.220 0.56           0.62           0.68            149.27        -140.48       134.52         0.37        0.46        0.54         128.86         -120.14        115.22          20.41         -20.34        19.30          
4.63  -0.306 0.268  -0.216 0.66           0.63           0.67            159.46        -169.20       157.19         0.43        0.38        0.45         147.73         -162.18        144.68          11.73         -7.02         12.51          
4.67  -0.314 0.270  -0.211 0.25           0.29           0.29            171.73        -151.56       150.72         0.04        0.14        0.14         91.35          -90.36         90.35           80.38         -61.20        60.37          
4.70  -0.319 0.280  -0.223 0.33           0.38           0.48            115.15        112.06        107.06         0.32        0.37        0.47         70.21          72.75          76.77           44.95         39.32         30.29          
4.73  -0.328 0.290  -0.226 0.41           0.29           0.42            131.64        160.37        130.28         0.31        0.10        0.32         94.37          103.54         94.16           37.28         56.84         36.12          
4.77  -0.332 0.286  -0.228 0.17           0.13           0.18            -131.17       148.79        127.69         0.19        0.15        0.20         -43.31         26.53          46.85           -87.86        122.26        80.84          
4.80  -0.329 0.278  -0.237 0.24           0.25           0.34            -72.22        73.49         77.72          0.39        0.40        0.46         -34.99         37.13          45.88           -37.24        36.36         31.84          
4.83  -0.325 0.284  -0.241 0.23           0.18           0.26            55.32         45.05         60.38          0.42        0.40        0.44         26.37          18.96          31.10           28.95         26.09         29.28          
4.87  -0.321 0.270  -0.248 0.46           0.24           0.51            -74.09        57.82         75.45          0.58        0.43        0.62         -49.76         28.16          52.37           -24.33        29.66         23.07          
4.90  -0.322 0.270  -0.251 0.05           0.10           0.10            179.31        119.16        119.16         0.20        0.22        0.22         0.17           24.09          24.09           179.14        95.07         95.07          
4.93  -0.319 0.260  -0.262 0.31           0.34           0.45            -73.58        74.90         78.75          0.45        0.47        0.56         -41.46         43.97          52.60           -32.13        30.93         26.14          
4.97  -0.306 0.246  -0.264 0.57           0.41           0.58            -45.64        10.64         46.11          0.77        0.65        0.77         -32.17         6.59           32.60           -13.47        4.05          13.51          
5.00  -0.287 0.222  -0.266 0.92           0.57           0.92            -51.81        6.21          51.91          1.09        0.82        1.10         -41.47         4.33           41.57           -10.34        1.89          10.34          
5.03  -0.267 0.214  -0.260 0.63           0.62           0.66            -21.14        -17.57        26.56          0.87        0.86        0.89         -15.19         -12.53         19.34           -5.95         -5.03         7.22           
5.07  -0.254 0.220  -0.250 0.44           0.50           0.53            21.53         -35.98        39.56          0.68        0.72        0.74         13.75          -24.24         27.13           7.78          -11.74        12.43          
5.10  -0.235 0.222  -0.235 0.58           0.73           0.73            7.03          -37.83        38.18          0.83        0.94        0.94         4.91           -28.40         28.70           2.12          -9.43         9.47           
5.13  -0.223 0.235  -0.230 0.53           0.39           0.55            47.57         -23.24        49.60          0.72        0.63        0.74         32.74          -14.16         34.63           14.83         -9.08         14.97          
5.17  -0.223 0.252  -0.222 0.52           0.25           0.58            91.19         -92.48        91.07          0.57        0.35        0.63         65.35          -46.20         67.51           25.84         -46.28        23.56          
5.20  -0.218 0.269  -0.222 0.52           0.17           0.52            71.35         2.07          71.35          0.65        0.42        0.65         49.86          0.83           49.87           21.48         1.24          21.48          
5.23  -0.211 0.283  -0.222 0.46           0.18           0.46            66.45         1.44          66.46          0.60        0.43        0.60         44.19          0.61           44.19           22.27         0.83          22.27          
5.27  -0.213 0.305  -0.225 0.67           0.09           0.68            93.28         114.76        93.25          0.70        0.23        0.71         72.46          21.46          72.59           20.82         93.30         20.67          
5.30  -0.210 0.315  -0.231 0.30           0.20           0.35            74.83         67.68         77.25          0.43        0.38        0.47         41.10          29.95          46.27           33.73         37.74         30.98          
5.33  -0.211 0.320  -0.236 0.15           0.15           0.21            101.82        102.05        98.50          0.26        0.26        0.30         34.06          33.55          43.44           67.76         68.50         55.06          
5.37  -0.213 0.327  -0.243 0.23           0.22           0.31            101.84        102.10        98.52          0.30        0.30        0.37         47.52          46.88          56.78           54.32         55.22         41.74          
5.40  -0.211 0.342  -0.254 0.44           0.33           0.55            84.44         82.72         85.57          0.52        0.44        0.62         56.12          48.60          61.89           28.32         34.12         23.68          
5.43  -0.212 0.344  -0.263 0.07           0.27           0.28            101.66        93.22         93.11          0.25        0.36        0.36         17.36          48.89          49.90           84.30         44.33         43.20          
5.47  -0.214 0.356  -0.279 0.38           0.48           0.60            101.47        99.03         97.13          0.41        0.50        0.62         64.55          69.57          73.65           36.92         29.46         23.48          
5.50  -0.212 0.358  -0.282 0.10           0.12           0.13            37.48         47.05         52.85          0.34        0.34        0.35         10.58          14.67          17.83           26.90         32.38         35.02          
5.53  -0.218 0.366  -0.286 0.30           0.22           0.32            128.06        147.81        125.08         0.24        0.13        0.27         73.96          59.74          75.54           54.10         88.07         49.54          
5.57  -0.212 0.326  -0.294 1.22           0.30           1.25            -82.44        57.20         82.60          1.28        0.48        1.30         -71.26         31.25          71.62           -11.19        25.96         10.98          
5.60  -0.210 0.308  -0.316 0.54           0.68           0.87            -81.63        83.32         84.76          0.63        0.75        0.92         -58.49         63.98          69.10           -23.14        19.33         15.66          
5.63  -0.212 0.291  -0.315 0.52           0.08           0.52            -96.50        -135.79       96.46          0.55        0.20        0.55         -69.56         -16.56         69.68           -26.93        -119.23       26.78          
5.67  -0.213 0.266  -0.322 0.74           0.23           0.78            -93.44        100.94        93.28          0.77        0.31        0.80         -74.51         48.25          75.18           -18.93        52.69         18.11          
5.70  -0.210 0.231  -0.313 1.04           0.28           1.08            -84.89        -70.70        85.05          1.09        0.43        1.13         -71.75         -37.73         72.28           -13.15        -32.97        12.77          
5.73  -0.201 0.223  -0.301 0.38           0.47           0.53            -41.99        -52.69        57.85          0.59        0.65        0.70         -25.55         -34.87         40.20           -16.44        -17.82        17.65          
5.77  -0.191 0.205  -0.286 0.62           0.53           0.77            -62.61        -57.51        68.11          0.77        0.70        0.89         -45.86         -39.97         53.02           -16.76        -17.54        15.08          
5.80  -0.172 0.190  -0.270 0.72           0.75           0.87            -38.34        -40.54        49.35          0.93        0.95        1.05         -28.75         -30.68         38.94           -9.59         -9.86         10.41          
5.83  -0.161 0.181  -0.257 0.43           0.52           0.58            -37.52        -48.95        54.10          0.65        0.71        0.76         -23.89         -33.53         38.56           -13.63        -15.42        15.54          
5.87  -0.152 0.185  -0.240 0.29           0.58           0.59            23.00         -62.22        62.79          0.53        0.73        0.74         12.40          -44.51         45.21           10.60         -17.70        17.58          
5.90  -0.145 0.194  -0.213 0.34           0.84           0.89            54.89         -76.44        77.15          0.53        0.93        0.97         32.10          -61.33         62.65           22.79         -15.11        14.50          
5.93  -0.138 0.193  -0.202 0.21           0.39           0.39            -5.42         -57.67        57.72          0.46        0.57        0.57         -2.48          -35.82         35.86           -2.94         -21.86        21.86          
5.97  -0.133 0.213  -0.202 0.60           0.16           0.60            75.07         9.65          75.09          0.70        0.40        0.71         55.03          3.71           55.06           20.04         5.94          20.03          
6.00  -0.125 0.222  -0.208 0.36           0.28           0.39            49.46         34.72         53.65          0.55        0.51        0.58         29.42          18.48          33.25           20.04         16.24         20.40          
6.03  -0.118 0.231  -0.217 0.35           0.34           0.44            53.29         51.14         61.31          0.54        0.53        0.60         31.60          29.65          39.97           21.69         21.49         21.34          
6.07  -0.113 0.243  -0.224 0.38           0.26           0.44            67.14         55.07         70.15          0.53        0.45        0.57         41.52          28.12          45.96           25.62         26.95         24.19          
6.10  -0.117 0.266  -0.233 0.70           0.32           0.76            99.65         111.89        98.90          0.71        0.32        0.77         79.24          65.82          80.08           20.40         46.07         18.82          
6.13  -0.105 0.272  -0.237 0.40           0.38           0.42            26.31         18.22         30.71          0.64        0.62        0.65         16.27          10.99          19.32           10.04         7.22          11.39          
