time  x      y      z      groundspeedxy  groundspeedxz  groundspeedxyz  trackanglexy  trackanglexz  trackanglexyz  airspeedxy  airspeedxz  airspeedxyz  courseanglexy  courseanglexz  courseanglexyz  driftanglexy  driftanglexz  driftanglexyz  
0.00  -1.090 0.219  -0.244 
0.03  -1.065 0.223  -0.242 0.75           0.75           0.76            8.79          -5.44         10.29          1.00        1.00        1.00         6.60           -4.08          7.74            2.18          -1.36         2.55           
0.07  -1.036 0.228  -0.244 0.89           0.88           0.89            9.45          4.18          10.30          1.14        1.13        1.14         7.38           3.25           8.05            2.07          0.92          2.25           
0.10  -1.013 0.236  -0.247 0.74           0.70           0.74            18.82         5.76          19.57          0.98        0.95        0.98         14.10          4.25           14.68           4.72          1.51          4.88           
0.13  -0.989 0.239  -0.259 0.70           0.79           0.80            8.00          28.70         29.48          0.95        1.02        1.03         5.91           21.95          22.59           2.10          6.76          6.89           
0.17  -0.974 0.239  -0.270 0.46           0.56           0.56            0.08          34.95         34.95          0.71        0.78        0.78         0.05           24.41          24.41           0.03          10.54         10.54          
0.20  -0.951 0.231  -0.281 0.72           0.75           0.79            -19.98        25.84         31.20          0.95        0.98        1.01         -14.85         19.45          23.82           -5.13         6.39          7.38           
0.23  -0.928 0.224  -0.300 0.72           0.90           0.92            -16.45        39.37         41.09          0.97        1.10        1.12         -12.25         31.09          32.66           -4.21         8.27          8.43           
0.27  -0.905 0.212  -0.314 0.80           0.83           0.91            -27.08        31.01         38.28          1.03        1.05        1.11         -20.73         23.98          30.29           -6.35         7.03          7.99           
0.30  -0.887 0.196  -0.327 0.71           0.66           0.82            -43.14        37.43         50.43          0.91        0.87        1.00         -32.33         27.34          39.26           -10.80        10.09         11.16          
0.33  -0.871 0.188  -0.343 0.55           0.68           0.72            -24.11        43.16         46.10          0.78        0.88        0.91         -16.59         31.99          34.68           -7.51         11.17         11.41          
0.37  -0.844 0.180  -0.360 0.83           0.95           0.98            -16.61        32.99         35.54          1.07        1.17        1.19         -12.79         26.30          28.54           -3.82         6.70          7.01           
0.40  -0.821 0.180  -0.373 0.70           0.79           0.79            0.20          27.94         27.94          0.95        1.02        1.02         0.15           21.33          21.33           0.05          6.61          6.61           
0.43  -0.797 0.190  -0.388 0.77           0.86           0.90            21.22         33.24         37.30          1.01        1.08        1.11         16.06          25.93          29.47           5.15          7.32          7.83           
0.47  -0.774 0.200  -0.397 0.76           0.75           0.80            23.17         20.00         29.33          1.00        0.98        1.03         17.51          15.01          22.49           5.66          4.98          6.83           
0.50  -0.754 0.211  -0.407 0.66           0.65           0.73            30.65         28.39         38.73          0.89        0.88        0.94         22.41          20.61          29.16           8.25          7.78          9.57           
0.53  -0.740 0.229  -0.411 0.69           0.44           0.70            51.87         15.64         52.52          0.87        0.69        0.88         38.80          10.02          39.46           13.07         5.62          13.07          
0.57  -0.725 0.240  -0.413 0.56           0.45           0.56            35.85         6.66          36.20          0.77        0.70        0.77         24.92          4.29           25.21           10.92         2.36          10.99          
0.60  -0.705 0.256  -0.415 0.77           0.60           0.77            39.13         5.33          39.32          0.98        0.85        0.98         29.84          3.77           30.00           9.29          1.57          9.31           
0.63  -0.694 0.264  -0.410 0.42           0.38           0.45            35.01         -22.49        39.13          0.64        0.61        0.66         22.15          -13.53         25.30           12.86         -8.96         13.83          
0.67  -0.681 0.268  -0.407 0.41           0.41           0.42            16.10         -14.25        21.03          0.65        0.65        0.66         10.00          -8.82          13.22           6.10          -5.43         7.81           
0.70  -0.673 0.269  -0.398 0.23           0.34           0.34            9.00          -48.73        49.00          0.47        0.54        0.54         4.27           -28.23         28.45           4.73          -20.50        20.55          
0.73  -0.667 0.271  -0.381 0.18           0.53           0.54            14.51         -71.17        71.23          0.42        0.66        0.66         6.03           -50.11         50.22           8.48          -21.05        21.01          
0.77  -0.654 0.267  -0.368 0.42           0.57           0.58            -15.73        -44.58        45.71          0.67        0.77        0.78         -9.90          -31.42         32.43           -5.83         -13.17        13.28          
0.80  -0.646 0.270  -0.346 0.26           0.68           0.69            22.63         -69.64        69.86          0.50        0.81        0.81         11.49          -52.73         53.05           11.14         -16.91        16.81          
0.83  -0.635 0.265  -0.324 0.36           0.75           0.76            -26.00        -64.54        65.12          0.59        0.88        0.90         -15.33         -49.74         50.48           -10.66        -14.80        14.64          
0.87  -0.630 0.265  -0.305 0.17           0.61           0.61            -4.68         -73.68        73.69          0.42        0.72        0.72         -1.90          -54.18         54.19           -2.78         -19.50        19.49          
0.90  -0.622 0.264  -0.285 0.23           0.63           0.63            -5.50         -68.03        68.04          0.48        0.76        0.76         -2.66          -50.14         50.17           -2.83         -17.88        17.88          
0.93  -0.612 0.275  -0.254 0.45           0.97           1.03            49.71         -72.71        73.71          0.64        1.07        1.12         32.29          -59.85         61.39           17.41         -12.86        12.32          
0.97  -0.605 0.279  -0.239 0.25           0.50           0.51            24.20         -63.07        63.65          0.49        0.66        0.66         12.11          -43.22         43.95           12.09         -19.85        19.71          
1.00  -0.592 0.285  -0.220 0.42           0.70           0.73            29.45         -58.09        59.57          0.65        0.86        0.88         18.60          -43.74         45.41           10.85         -14.35        14.16          
1.03  -0.580 0.292  -0.204 0.43           0.59           0.63            29.40         -50.96        53.59          0.66        0.77        0.80         18.64          -36.43         39.06           10.76         -14.52        14.52          
1.07  -0.570 0.287  -0.191 0.33           0.50           0.53            -29.27        -55.43        57.27          0.56        0.68        0.69         -16.61         -37.69         39.63           -12.66        -17.74        17.64          
1.10  -0.549 0.285  -0.182 0.65           0.69           0.69            -6.88         -20.61        21.56          0.90        0.92        0.93         -4.96          -15.15         15.87           -1.92         -5.46         5.68           
1.13  -0.534 0.284  -0.177 0.46           0.48           0.48            -0.85         -19.86        19.87          0.71        0.72        0.72         -0.55          -13.12         13.13           -0.30         -6.74         6.74           
1.17  -0.515 0.278  -0.174 0.59           0.56           0.59            -20.57        -9.70         22.41          0.82        0.80        0.83         -14.46         -6.70          15.82           -6.11         -3.00         6.59           
1.20  -0.495 0.266  -0.187 0.69           0.72           0.80            -30.07        33.03         41.04          0.92        0.94        1.00         -22.23         24.66          31.58           -7.84         8.38          9.47           
1.23  -0.477 0.254  -0.197 0.66           0.63           0.72            -32.81        29.09         40.41          0.88        0.86        0.93         -23.93         20.95          30.37           -8.88         8.14          10.04          
1.27  -0.461 0.245  -0.208 0.55           0.57           0.63            -30.82        33.80         41.88          0.77        0.79        0.83         -21.28         23.60          30.34           -9.54         10.19         11.54          
1.30  -0.433 0.238  -0.225 0.87           1.00           1.02            -13.62        32.33         34.13          1.11        1.22        1.24         -10.59         26.04          27.62           -3.03         6.29          6.51           
1.33  -0.419 0.224  -0.242 0.58           0.64           0.75            -44.58        49.58         56.88          0.78        0.82        0.92         -31.53         36.17          43.67           -13.05        13.41         13.22          
1.37  -0.407 0.222  -0.265 0.38           0.80           0.80            -10.88        61.89         62.02          0.63        0.94        0.94         -6.58          48.31          48.46           -4.30         13.58         13.55          
1.40  -0.392 0.219  -0.278 0.46           0.61           0.62            -10.37        41.58         42.18          0.71        0.82        0.82         -6.75          29.84          30.36           -3.62         11.74         11.82          
1.43  -0.371 0.213  -0.289 0.65           0.69           0.72            -15.70        25.66         29.10          0.89        0.93        0.94         -11.35         18.95          21.69           -4.34         6.71          7.41           
1.47  -0.350 0.214  -0.301 0.63           0.73           0.73            3.12          30.73         30.84          0.88        0.95        0.95         2.23           23.01          23.10           0.89          7.72          7.74           
1.50  -0.338 0.205  -0.323 0.46           0.74           0.79            -37.01        60.62         62.60          0.67        0.89        0.93         -24.11         46.50          48.87           -12.91        14.11         13.73          
1.53  -0.320 0.209  -0.335 0.55           0.66           0.67            12.22         34.63         35.90          0.80        0.87        0.88         8.42           25.26          26.31           3.80          9.37          9.59           
1.57  -0.301 0.213  -0.335 0.58           0.56           0.58            12.06         1.47          12.15          0.82        0.81        0.82         8.42           1.02           8.48            3.64          0.45          3.67           
1.60  -0.282 0.220  -0.341 0.59           0.58           0.61            19.31         15.45         24.05          0.83        0.82        0.84         13.60          10.80          17.13           5.71          4.65          6.93           
1.63  -0.276 0.238  -0.347 0.57           0.26           0.60            71.41         45.54         72.35          0.69        0.47        0.72         51.45          23.27          52.99           19.96         22.27         19.36          
1.67  -0.268 0.258  -0.355 0.66           0.35           0.70            68.27         46.73         69.85          0.78        0.56        0.82         51.03          27.62          53.32           17.24         19.10         16.53          
1.70  -0.261 0.274  -0.367 0.52           0.42           0.63            65.58         59.10         70.12          0.66        0.59        0.75         45.44          37.61          51.89           20.14         21.49         18.23          
1.73  -0.255 0.273  -0.363 0.19           0.24           0.24            -5.69         -36.42        36.67          0.44        0.46        0.46         -2.47          -17.70         17.85           -3.22         -18.72        18.82          
1.77  -0.249 0.282  -0.366 0.32           0.20           0.34            55.79         26.70         57.25          0.51        0.44        0.52         31.83          11.98          33.27           23.96         14.71         23.98          
1.80  -0.246 0.286  -0.385 0.15           0.57           0.59            53.01         81.07         81.26          0.36        0.66        0.67         19.22          59.11          59.65           33.79         21.96         21.61          
1.83  -0.246 0.303  -0.377 0.52           0.23           0.56            90.28         -90.64        90.26          0.57        0.34        0.62         64.43          -42.51         66.33           25.85         -48.13        23.92          
1.87  -0.251 0.319  -0.374 0.48           0.18           0.49            109.15        -149.26       108.78         0.47        0.13        0.48         78.74          -46.05         78.97           30.41         -103.21       29.81          
1.90  -0.244 0.338  -0.360 0.61           0.46           0.74            70.70         -64.05        74.13          0.73        0.61        0.84         51.86          -42.50         57.48           18.84         -21.55        16.65          
1.93  -0.247 0.341  -0.350 0.12           0.31           0.32            130.33        -104.09       103.53         0.20        0.35        0.36         26.74          -59.61         60.64           103.59        -44.48        42.89          
1.97  -0.249 0.346  -0.332 0.17           0.53           0.56            108.73        -95.95        95.69          0.25        0.56        0.59         39.86          -69.79         70.62           68.87         -26.16        25.07          
2.00  -0.248 0.339  -0.315 0.21           0.53           0.57            -85.91        -88.39        88.50          0.34        0.59        0.63         -38.34         -63.53         65.14           -47.57        -24.86        23.36          
2.03  -0.253 0.345  -0.320 0.21           0.20           0.26            127.32        129.19        119.11         0.21        0.20        0.26         54.06          52.22          62.10           73.26         76.97         57.01          
2.07  -0.250 0.321  -0.302 0.73           0.54           0.91            -83.10        -80.73        84.45          0.80        0.63        0.96         -65.02         -57.85         69.48           -18.08        -22.88        14.97          
2.10  -0.245 0.291  -0.275 0.89           0.83           1.21            -81.30        -80.74        83.64          0.96        0.91        1.26         -66.33         -64.96         72.28           -14.97        -15.78        11.36          
2.13  -0.238 0.274  -0.248 0.57           0.83           0.99            -68.95        -75.86        78.10          0.70        0.93        1.07         -49.37         -60.69         64.83           -19.58        -15.18        13.26          
2.17  -0.235 0.259  -0.225 0.45           0.69           0.82            -78.16        -82.29        83.51          0.56        0.77        0.89         -52.26         -63.45         67.23           -25.90        -18.84        16.28          
2.20  -0.224 0.241  -0.198 0.65           0.88           1.04            -57.84        -66.83        70.52          0.81        1.01        1.15         -42.75         -53.64         58.68           -15.09        -13.19        11.84          
2.23  -0.212 0.220  -0.190 0.71           0.42           0.74            -60.30        -33.70        61.93          0.86        0.64        0.89         -45.64         -21.26         47.57           -14.66        -12.44        14.36          
2.27  -0.191 0.200  -0.173 0.86           0.81           1.01            -44.21        -40.15        52.16          1.05        1.01        1.18         -34.69         -30.97         42.49           -9.52         -9.18         9.67           
2.30  -0.175 0.195  -0.154 0.52           0.76           0.77            -16.63        -48.47        49.43          0.77        0.94        0.95         -11.28         -37.02         37.96           -5.35         -11.45        11.48          
2.33  -0.165 0.198  -0.149 0.31           0.32           0.34            19.00         -24.83        29.97          0.55        0.56        0.57         10.51          -14.00         17.27           8.49          -10.82        12.70          
2.37  -0.151 0.197  -0.148 0.41           0.41           0.42            -7.90         -6.44         10.14          0.66        0.66        0.66         -4.93          -4.01          6.34            -2.97         -2.43         3.80           
2.40  -0.136 0.194  -0.161 0.48           0.61           0.61            -10.29        39.43         40.10          0.72        0.82        0.82         -6.75          28.21          28.78           -3.54         11.22         11.32          
2.43  -0.118 0.193  -0.176 0.53           0.71           0.71            -1.49         42.16         42.18          0.78        0.91        0.91         -1.01          31.54          31.55           -0.48         10.63         10.63          
2.47  -0.111 0.192  -0.191 0.22           0.49           0.49            -11.69        63.99         64.10          0.47        0.64        0.64         -5.48          43.53          43.68           -6.21         20.46         20.42          
2.50  -0.106 0.188  -0.207 0.19           0.51           0.52            -35.37        72.22         72.64          0.42        0.64        0.64         -15.29         50.21          50.92           -20.08        22.01         21.71          
2.53  -0.101 0.179  -0.229 0.30           0.65           0.71            -62.03        77.49         78.43          0.47        0.75        0.79         -34.25         58.46          60.48           -27.78        19.03         17.95          
2.57  -0.091 0.165  -0.245 0.54           0.57           0.72            -54.13        56.73         64.08          0.71        0.74        0.86         -37.64         40.36          48.93           -16.49        16.37         15.15          
2.60  -0.086 0.158  -0.263 0.23           0.57           0.60            -57.41        77.68         78.33          0.42        0.67        0.70         -27.12         56.31          57.75           -30.29        21.38         20.58          
2.63  -0.079 0.154  -0.279 0.27           0.52           0.54            -27.86        63.19         63.98          0.50        0.67        0.68         -14.36         43.80          44.78           -13.50        19.40         19.20          
2.67  -0.060 0.151  -0.293 0.58           0.70           0.71            -10.32        35.89         36.73          0.83        0.92        0.92         -7.22          26.70          27.41           -3.11         9.19          9.32           
2.70  -0.053 0.155  -0.300 0.24           0.29           0.32            31.25         46.36         50.46          0.47        0.50        0.51         15.14          25.05          28.37           16.11         21.30         22.09          
2.73  -0.045 0.164  -0.300 0.36           0.23           0.36            50.58         0.67          50.58          0.55        0.48        0.55         30.13          0.32           30.13           20.45         0.35          20.45          
2.77  -0.039 0.171  -0.295 0.27           0.22           0.30            49.43         -36.55        54.14          0.48        0.45        0.49         25.92          -17.14         29.93           23.51         -19.41        24.21          
2.80  -0.050 0.183  -0.286 0.48           0.41           0.55            130.23        -138.74       124.19         0.37        0.28        0.46         99.35          -102.51        97.53           30.87         -36.23        26.65          
2.83  -0.054 0.194  -0.278 0.36           0.27           0.43            110.83        -118.14       107.22         0.36        0.27        0.43         70.02          -62.93         73.50           40.80         -55.21        33.72          
2.87  -0.063 0.193  -0.270 0.26           0.37           0.37            -172.75       -135.10       134.87         0.03        0.26        0.26         -105.22        -91.99         91.97           -67.53        -43.11        42.90          
2.90  -0.076 0.198  -0.260 0.42           0.50           0.52            160.17        -143.04       140.16         0.21        0.33        0.36         135.86         -116.28        114.01          24.31         -26.76        26.15          
2.93  -0.081 0.194  -0.248 0.19           0.37           0.39            -137.99       -112.28       111.02         0.17        0.36        0.38         -49.66         -72.59         73.61           -88.33        -39.68        37.41          
2.97  -0.085 0.190  -0.237 0.19           0.37           0.39            -138.39       -112.46       111.21         0.17        0.36        0.38         -49.80         -72.76         73.76           -88.59        -39.71        37.46          
3.00  -0.098 0.200  -0.232 0.49           0.41           0.51            141.93        -159.12       138.94         0.33        0.20        0.36         114.31         -132.85        112.10          27.62         -26.27        26.83          
3.03  -0.098 0.192  -0.219 0.24           0.39           0.45            -88.66        -89.18        89.30          0.35        0.46        0.52         -42.77         -56.47         60.53           -45.90        -32.71        28.77          
3.07  -0.104 0.208  -0.213 0.53           0.25           0.56            110.68        -137.72       109.65         0.50        0.18        0.53         82.80          -69.78         83.18           27.89         -67.94        26.47          
3.10  -0.105 0.209  -0.203 0.03           0.30           0.30            157.80        -95.97        95.96          0.22        0.37        0.37         3.33           -53.72         53.75           154.47        -42.24        42.21          
3.13  -0.106 0.209  -0.192 0.01           0.32           0.32            176.04        -91.38        91.38          0.24        0.40        0.40         0.13           -53.27         53.27           175.91        -38.11        38.11          
3.17  -0.107 0.214  -0.199 0.17           0.22           0.27            107.59        103.77        100.97         0.26        0.29        0.33         39.30          46.63          53.23           68.29         57.14         47.74          
3.20  -0.109 0.220  -0.200 0.17           0.05           0.17            108.38        175.77        108.38         0.25        0.20        0.25         39.36          1.15           39.37           69.02         174.62        69.00          
3.23  -0.110 0.225  -0.207 0.15           0.23           0.27            101.33        97.64         96.36          0.27        0.32        0.35         34.64          45.91          51.16           66.68         51.73         45.19          
3.27  -0.108 0.237  -0.215 0.38           0.23           0.44            81.77         76.74         82.97          0.48        0.38        0.53         50.73          36.91          55.13           31.04         39.83         27.84          
3.30  -0.111 0.240  -0.225 0.11           0.31           0.32            134.63        104.71        104.23         0.19        0.34        0.35         24.90          60.20          61.03           109.73        44.51         43.20          
3.33  -0.112 0.245  -0.237 0.15           0.37           0.40            96.09         92.41         92.24          0.28        0.44        0.46         32.07          57.84          59.67           64.02         34.56         32.56          
3.37  -0.110 0.242  -0.247 0.10           0.31           0.32            -62.30        81.55         81.87          0.31        0.43        0.44         -16.42         46.19          47.29           -45.87        35.37         34.58          
3.40  -0.109 0.226  -0.253 0.47           0.18           0.50            -87.27        82.67         87.44          0.54        0.32        0.57         -59.93         32.59          61.50           -27.34        50.08         25.95          
3.43  -0.111 0.239  -0.260 0.39           0.22           0.45            97.46         103.75        96.58          0.44        0.29        0.49         63.04          46.44          65.84           34.42         57.31         30.74          
3.47  -0.109 0.246  -0.261 0.24           0.07           0.24            72.71         12.20         72.75          0.39        0.32        0.39         35.08          2.71           35.14           37.63         9.49          37.61          
3.50  -0.095 0.252  -0.251 0.45           0.51           0.54            23.57         -35.54        39.93          0.69        0.72        0.75         15.18          -23.95         27.50           8.39          -11.59        12.43          
3.53  -0.096 0.266  -0.238 0.40           0.40           0.57            93.51         -93.56        92.50          0.46        0.46        0.61         60.75          -60.39         68.25           32.76         -33.17        24.25          
3.57  -0.093 0.263  -0.233 0.13           0.18           0.20            -42.08        -57.93        61.39          0.35        0.38        0.39         -13.88         -23.60         26.65           -28.20        -34.33        34.74          
3.60  -0.088 0.250  -0.215 0.43           0.56           0.69            -71.89        -76.21        78.89          0.56        0.66        0.78         -46.62         -54.66         60.44           -25.26        -21.55        18.45          
3.63  -0.086 0.239  -0.205 0.32           0.30           0.43            -76.99        -76.21        80.45          0.45        0.43        0.53         -43.87         -42.13         52.85           -33.13        -34.08        27.60          
3.67  -0.077 0.223  -0.210 0.56           0.30           0.58            -62.86        30.43         63.86          0.71        0.53        0.73         -44.65         16.57          45.89           -18.21        13.87         17.96          
3.70  -0.075 0.215  -0.204 0.24           0.20           0.31            -75.63        -72.11        78.65          0.39        0.36        0.43         -37.10         -30.97         43.99           -38.54        -41.14        34.66          
3.73  -0.067 0.214  -0.200 0.25           0.28           0.28            -7.63         -26.94        27.72          0.50        0.51        0.51         -3.80          -14.15         14.61           -3.83         -12.79        13.11          
3.77  -0.066 0.216  -0.189 0.08           0.32           0.33            64.78         -83.43        83.62          0.30        0.43        0.43         15.04          -47.70         48.53           49.75         -35.73        35.09          
3.80  -0.059 0.228  -0.188 0.41           0.20           0.41            62.37         -12.47        62.53          0.57        0.44        0.57         39.59          -5.47          39.78           22.78         -7.00         22.75          
3.83  -0.055 0.236  -0.185 0.26           0.16           0.28            60.01         -34.47        61.78          0.45        0.39        0.45         30.93          -13.35         32.80           29.08         -21.12        28.99          
3.87  -0.058 0.257  -0.177 0.65           0.24           0.68            97.46         -110.45       97.04          0.66        0.28        0.70         75.45          -53.53         76.24           22.00         -56.92        20.80          
3.90  -0.057 0.270  -0.179 0.39           0.05           0.40            88.28         77.38         88.30          0.47        0.27        0.48         56.36          11.37          56.60           31.92         66.01         31.70          
3.93  -0.056 0.281  -0.179 0.31           0.04           0.31            82.31         7.35          82.31          0.43        0.29        0.43         46.75          1.06           46.75           35.57         6.29          35.56          
3.97  -0.063 0.300  -0.181 0.60           0.21           0.61            109.56        167.00        109.50         0.57        0.07        0.57         85.21          44.39          85.23           24.34         122.60        24.27          
4.00  -0.058 0.307  -0.182 0.27           0.16           0.27            53.94         10.77         54.19          0.46        0.41        0.46         27.99          4.21           28.21           25.95         6.56          25.98          
4.03  -0.065 0.326  -0.183 0.62           0.23           0.62            111.19        171.74        111.16         0.58        0.04        0.58         87.47          51.84          87.47           23.72         119.90        23.69          
4.07  -0.065 0.326  -0.188 0.02           0.15           0.15            -20.78        84.56         84.56          0.26        0.30        0.30         -1.16          29.22          29.24           -19.62        55.34         55.32          
4.10  -0.064 0.318  -0.197 0.24           0.28           0.37            -85.24        85.91         86.90          0.36        0.39        0.45         -41.44         45.79          53.57           -43.80        40.12         33.32          
4.13  -0.058 0.304  -0.207 0.46           0.34           0.54            -66.78        57.75         70.46          0.60        0.52        0.67         -44.34         33.60          49.76           -22.44        24.14         20.70          
4.17  -0.055 0.291  -0.204 0.42           0.11           0.42            -78.10        -38.42        78.26          0.53        0.34        0.53         -50.60         -11.50         50.99           -27.50        -26.92        27.27          
4.20  -0.057 0.283  -0.212 0.24           0.24           0.34            -104.54       104.28        100.30         0.30        0.30        0.38         -50.67         51.20          60.15           -53.87        53.08         40.15          
4.23  -0.053 0.279  -0.218 0.17           0.22           0.24            -36.73        52.38         56.26          0.40        0.42        0.44         -14.69         24.51          27.74           -22.04        27.87         28.51          
