time  x      y      z      groundspeedxy  groundspeedxz  groundspeedxyz  trackanglexy  trackanglexz  trackanglexyz  airspeedxy  airspeedxz  airspeedxyz  courseanglexy  courseanglexz  courseanglexyz  driftanglexy  driftanglexz  driftanglexyz  
0.00  -0.967 0.108  -0.335 
0.03  -0.955 0.143  -0.336 1.10           0.38           1.10            70.13         6.63          70.15          1.21        0.63        1.21         58.93          3.99           58.95           11.20         2.64          11.20          
0.07  -0.943 0.164  -0.341 0.72           0.36           0.73            61.87         20.74         62.34          0.87        0.60        0.88         47.17          12.32          47.75           14.70         8.42          14.60          
0.10  -0.940 0.194  -0.344 0.91           0.15           0.92            83.72         48.79         83.77          0.97        0.37        0.98         68.88          18.01          69.03           14.85         30.78         14.75          
0.13  -0.932 0.217  -0.348 0.72           0.26           0.72            69.96         21.23         70.14          0.84        0.50        0.84         53.64          10.90          53.91           16.32         10.33         16.23          
0.17  -0.933 0.234  -0.347 0.52           0.04           0.52            94.14         -167.25       94.14          0.56        0.21        0.56         67.53          -2.27          67.54           26.61         -164.98       26.61          
0.20  -0.923 0.244  -0.358 0.41           0.42           0.52            45.58         46.86         55.89          0.62        0.62        0.69         28.73          29.83          38.42           16.85         17.04         17.47          
0.23  -0.919 0.246  -0.362 0.16           0.19           0.20            21.34         40.34         43.07          0.40        0.42        0.42         8.28           17.55          19.19           13.07         22.79         23.88          
0.27  -0.915 0.253  -0.367 0.25           0.19           0.30            64.06         54.50         68.11          0.43        0.39        0.45         32.19          23.24          37.31           31.87         31.27         30.80          
0.30  -0.915 0.269  -0.374 0.47           0.21           0.51            90.32         90.71         90.29          0.53        0.32        0.57         62.19          40.20          64.27           28.13         50.51         26.01          
0.33  -0.915 0.289  -0.374 0.59           0.02           0.59            91.53         166.97        91.53          0.63        0.23        0.63         68.28          0.89           68.28           23.25         166.09        23.25          
0.37  -0.911 0.306  -0.377 0.53           0.15           0.54            76.34         31.40         76.49          0.64        0.38        0.64         53.96          11.52          54.25           22.39         19.88         22.23          
0.40  -0.903 0.321  -0.374 0.52           0.26           0.53            61.69         -19.40        62.11          0.68        0.51        0.68         42.74          -9.94          43.25           18.95         -9.46         18.87          
0.43  -0.890 0.345  -0.370 0.81           0.41           0.82            61.00         -14.82        61.26          0.96        0.65        0.96         47.81          -9.19          48.11           13.20         -5.63         13.15          
0.47  -0.887 0.356  -0.370 0.34           0.09           0.34            74.58         -8.12         74.59          0.47        0.34        0.47         43.61          -2.15          43.63           30.97         -5.98         30.96          
0.50  -0.877 0.360  -0.364 0.32           0.34           0.37            27.43         -31.56        38.81          0.56        0.56        0.58         15.48          -18.15         23.23           11.95         -13.41        15.58          
0.53  -0.866 0.363  -0.357 0.34           0.39           0.40            14.27         -32.37        34.34          0.59        0.62        0.62         8.23           -19.82         21.22           6.04          -12.55        13.11          
0.57  -0.860 0.356  -0.348 0.29           0.34           0.40            -46.68        -54.60        60.42          0.49        0.53        0.57         -25.10         -31.87         37.90           -21.58        -22.73        22.53          
0.60  -0.855 0.348  -0.343 0.28           0.21           0.31            -57.61        -44.39        61.68          0.46        0.42        0.48         -30.41         -20.03         34.64           -27.20        -24.36        27.04          
0.63  -0.844 0.339  -0.328 0.45           0.55           0.63            -41.15        -51.98        57.16          0.66        0.73        0.79         -26.70         -36.37         41.72           -14.45        -15.62        15.43          
0.67  -0.838 0.333  -0.315 0.24           0.42           0.46            -48.23        -68.02        69.81          0.44        0.56        0.59         -23.41         -43.76         46.42           -24.83        -24.26        23.38          
0.70  -0.832 0.330  -0.304 0.22           0.39           0.40            -24.12        -59.28        60.13          0.46        0.56        0.57         -11.19         -36.63         37.58           -12.93        -22.65        22.56          
0.73  -0.813 0.315  -0.298 0.72           0.59           0.74            -39.25        -19.19        41.61          0.92        0.83        0.94         -29.38         -13.49         31.46           -9.88         -5.71         10.15          
0.77  -0.803 0.298  -0.283 0.60           0.54           0.74            -58.91        -55.15        65.49          0.76        0.71        0.88         -42.50         -38.43         50.48           -16.41        -16.72        15.02          
0.80  -0.790 0.285  -0.279 0.53           0.40           0.54            -43.95        -18.90        45.65          0.73        0.64        0.74         -30.14         -11.65         31.64           -13.81        -7.25         14.02          
0.83  -0.782 0.274  -0.268 0.43           0.41           0.54            -54.33        -52.60        62.37          0.61        0.60        0.69         -34.92         -33.25         43.76           -19.40        -19.35        18.61          
0.87  -0.773 0.264  -0.266 0.40           0.29           0.41            -46.01        -13.90        46.80          0.60        0.53        0.60         -28.58         -7.42          29.26           -17.43        -6.48         17.55          
0.90  -0.764 0.267  -0.265 0.29           0.27           0.29            19.91         -3.39         20.15          0.53        0.52        0.53         10.63          -1.76          10.77           9.28          -1.63         9.38           
0.93  -0.752 0.269  -0.264 0.36           0.36           0.37            7.12          -6.24         9.43           0.61        0.61        0.61         4.22           -3.69          5.60            2.90          -2.54         3.83           
0.97  -0.753 0.294  -0.265 0.75           0.06           0.76            92.49         124.10        92.49          0.78        0.22        0.79         73.92          12.58          73.95           18.57         111.51        18.54          
1.00  -0.745 0.318  -0.265 0.76           0.24           0.76            71.66         -3.45         71.66          0.87        0.49        0.87         55.91          -1.69          55.91           15.75         -1.76         15.75          
1.03  -0.742 0.332  -0.263 0.42           0.11           0.42            76.85         -29.08        76.96          0.53        0.35        0.53         49.59          -8.67          49.82           27.27         -20.41        27.14          
1.07  -0.737 0.345  -0.265 0.43           0.16           0.43            68.79         17.22         68.93          0.57        0.41        0.57         44.58          6.76           44.79           24.20         10.46         24.14          
1.10  -0.722 0.359  -0.267 0.61           0.44           0.61            44.68         10.66         45.19          0.81        0.69        0.81         32.08          6.81           32.54           12.60         3.86          12.64          
1.13  -0.717 0.361  -0.261 0.16           0.23           0.24            21.09         -50.68        52.01          0.40        0.44        0.44         8.12           -24.30         25.34           12.97         -26.38        26.67          
1.17  -0.709 0.380  -0.264 0.63           0.27           0.63            65.49         17.94         65.72          0.77        0.52        0.77         48.23          9.39           48.54           17.25         8.55          17.18          
1.20  -0.707 0.372  -0.277 0.25           0.39           0.46            -77.47        81.98         83.21          0.39        0.49        0.55         -38.93         51.85          56.45           -38.54        30.12         26.76          
1.23  -0.701 0.361  -0.283 0.37           0.24           0.40            -60.91        42.98         63.71          0.54        0.46        0.56         -36.85         21.24          40.18           -24.05        21.74         23.54          
1.27  -0.694 0.364  -0.293 0.22           0.37           0.38            20.85         57.32         58.07          0.46        0.55        0.56         9.66           34.87          35.65           11.19         22.45         22.42          
1.30  -0.694 0.354  -0.297 0.31           0.11           0.33            -87.79        83.92         87.92          0.41        0.29        0.42         -49.88         23.28          51.61           -37.91        60.65         36.31          
1.33  -0.701 0.348  -0.311 0.28           0.47           0.50            -142.87       118.78        116.89         0.17        0.41        0.45         -82.03         86.67          86.92           -60.84        32.11         29.97          
1.37  -0.701 0.326  -0.317 0.67           0.18           0.69            -88.43        84.26         88.48          0.72        0.32        0.74         -68.14         34.29          68.84           -20.29        49.97         19.64          
1.40  -0.711 0.313  -0.318 0.50           0.33           0.50            -130.68       171.80        130.47         0.39        0.09        0.39         -101.27        148.14         101.19          -29.41        23.66         29.28          
1.43  -0.728 0.299  -0.327 0.65           0.57           0.70            -141.57       152.13        136.36         0.48        0.37        0.55         -122.63        133.85         118.05          -18.94        18.28         18.32          
1.47  -0.739 0.282  -0.327 0.62           0.33           0.62            -121.45       -179.67       121.44         0.54        0.08        0.54         -98.05         -178.56        98.05           -23.39        -1.11         23.39          
1.50  -0.747 0.270  -0.319 0.44           0.36           0.51            -124.19       -133.12       118.80         0.36        0.26        0.44         -89.12         -88.79         89.29           -35.07        -44.33        29.52          
1.53  -0.758 0.251  -0.322 0.65           0.32           0.65            -118.20       162.84        117.88         0.57        0.11        0.58         -95.59         120.56         95.51           -22.62        42.28         22.37          
1.57  -0.769 0.223  -0.322 0.91           0.34           0.91            -112.05       177.93        112.05         0.85        0.09        0.85         -96.22         172.35         96.22           -15.83        5.58          15.83          
1.60  -0.769 0.208  -0.319 0.44           0.09           0.45            -89.68        -88.53        89.69          0.50        0.27        0.51         -59.89         -20.28         60.45           -29.79        -68.25        29.24          
1.63  -0.766 0.195  -0.323 0.41           0.16           0.43            -77.19        55.15         77.81          0.53        0.37        0.54         -49.68         21.04          51.10           -27.52        34.11         26.70          
1.67  -0.764 0.187  -0.317 0.24           0.20           0.30            -75.25        -72.42        78.55          0.39        0.36        0.43         -36.41         -31.51         43.80           -38.84        -40.92        34.75          
1.70  -0.761 0.178  -0.312 0.30           0.18           0.33            -71.36        -58.69        73.57          0.44        0.38        0.47         -39.10         -24.26         42.90           -32.26        -34.44        30.67          
1.73  -0.747 0.167  -0.304 0.53           0.48           0.58            -37.14        -29.98        43.60          0.74        0.71        0.78         -25.38         -19.87         30.81           -11.76        -10.12        12.79          
1.77  -0.733 0.156  -0.297 0.53           0.47           0.57            -37.47        -27.01        42.63          0.74        0.70        0.77         -25.61         -17.68         29.93           -11.86        -9.33         12.70          
1.80  -0.719 0.151  -0.291 0.44           0.44           0.47            -22.75        -24.83        31.98          0.67        0.68        0.70         -14.51         -15.93         21.07           -8.24         -8.90         10.91          
1.83  -0.702 0.147  -0.285 0.53           0.55           0.56            -13.29        -19.24        22.85          0.78        0.79        0.80         -9.04          -13.24         15.86           -4.24         -6.00         7.00           
1.87  -0.680 0.145  -0.281 0.67           0.67           0.68            -5.05         -10.31        11.43          0.92        0.92        0.92         -3.67          -7.52          8.36            -1.38         -2.78         3.08           
1.90  -0.670 0.154  -0.273 0.41           0.39           0.47            40.86         -36.91        48.88          0.62        0.61        0.66         25.59          -22.58         32.39           15.27         -14.33        16.50          
1.93  -0.649 0.163  -0.277 0.67           0.63           0.69            23.73         12.56         26.24          0.91        0.88        0.92         17.37          9.01           19.33           6.36          3.55          6.91           
1.97  -0.642 0.177  -0.275 0.48           0.23           0.49            63.31         -21.05        63.73          0.63        0.47        0.64         42.63          -10.10         43.16           20.68         -10.95        20.57          
2.00  -0.627 0.199  -0.276 0.79           0.45           0.79            55.19         4.13          55.22          0.95        0.70        0.95         42.73          2.65           42.76           12.46         1.47          12.46          
2.03  -0.615 0.223  -0.271 0.82           0.39           0.84            63.94         -22.90        64.41          0.96        0.63        0.97         50.40          -14.02         50.99           13.54         -8.88         13.42          
2.07  -0.603 0.246  -0.278 0.77           0.41           0.80            63.22         32.88         64.36          0.91        0.64        0.94         49.07          20.62          50.49           14.15         12.26         13.87          
2.10  -0.598 0.256  -0.267 0.34           0.37           0.48            63.93         -66.32        71.92          0.50        0.52        0.61         37.33          -40.39         48.81           26.60         -25.93        23.11          
2.13  -0.588 0.280  -0.267 0.78           0.31           0.78            66.57         2.76          66.57          0.91        0.56        0.91         51.94          1.53           51.95           14.63         1.23          14.62          
2.17  -0.577 0.296  -0.272 0.57           0.37           0.59            53.78         24.59         55.22          0.75        0.61        0.77         38.17          14.76          39.66           15.61         9.83          15.56          
2.20  -0.579 0.326  -0.278 0.92           0.19           0.93            95.10         115.71        95.02          0.93        0.24        0.94         79.56          45.20          79.73           15.54         70.51         15.29          
2.23  -0.577 0.347  -0.288 0.62           0.31           0.69            82.36         74.65         83.13          0.70        0.45        0.77         61.73          42.26          64.21           20.63         32.39         18.92          
2.27  -0.579 0.364  -0.292 0.52           0.12           0.53            97.55         123.78        97.40          0.54        0.21        0.55         70.36          29.02          70.71           27.19         94.76         26.70          
2.30  -0.580 0.374  -0.297 0.32           0.18           0.36            97.17         102.79        96.28          0.38        0.27        0.42         56.20          39.61          59.65           40.97         63.18         36.63          
2.33  -0.579 0.369  -0.321 0.16           0.71           0.73            -81.30        88.09         88.13          0.31        0.76        0.78         -29.55         68.97          69.41           -51.74        19.12         18.72          
2.37  -0.585 0.351  -0.313 0.57           0.28           0.62            -105.60       -123.22       104.40         0.56        0.25        0.61         -80.03         -67.59         80.81           -25.57        -55.63        23.59          
2.40  -0.585 0.344  -0.326 0.21           0.37           0.43            -91.66        90.92         90.81          0.32        0.45        0.49         -40.41         56.94          60.35           -51.25        33.98         30.46          
2.43  -0.592 0.336  -0.326 0.32           0.23           0.32            -134.22       175.17        134.13         0.23        0.03        0.23         -84.01         38.05          84.03           -50.21        137.13        50.10          
2.47  -0.593 0.332  -0.328 0.13           0.06           0.14            -97.88        108.25        97.27          0.27        0.24        0.27         -28.88         13.03          30.88           -69.00        95.22         66.39          
2.50  -0.595 0.315  -0.341 0.51           0.38           0.63            -98.86        101.79        97.12          0.53        0.41        0.65         -71.05         65.29          74.61           -27.81        36.50         22.50          
2.53  -0.595 0.303  -0.337 0.37           0.12           0.39            -88.99        -86.77        89.04          0.45        0.28        0.47         -55.56         -24.52         56.80           -33.43        -62.25        32.24          
2.57  -0.597 0.297  -0.341 0.18           0.13           0.22            -103.23       108.49        100.89         0.27        0.24        0.30         -40.73         31.19          46.46           -62.50        77.31         54.42          
2.60  -0.598 0.287  -0.344 0.30           0.10           0.32            -98.49        115.18        98.10          0.36        0.23        0.37         -55.36         24.69          56.64           -43.13        90.49         41.46          
2.63  -0.595 0.253  -0.344 1.02           0.10           1.02            -84.59        5.58          84.59          1.07        0.35        1.07         -71.14         1.55           71.14           -13.45        4.03          13.45          
2.67  -0.595 0.239  -0.348 0.43           0.11           0.45            -88.95        85.98         88.99          0.50        0.28        0.52         -59.25         23.58          60.07           -29.70        62.39         28.92          
2.70  -0.593 0.217  -0.348 0.64           0.06           0.64            -84.40        2.93          84.40          0.71        0.31        0.71         -63.79         0.58           63.79           -20.61        2.34          20.61          
2.73  -0.583 0.201  -0.349 0.57           0.29           0.57            -59.53        2.45          59.54          0.73        0.54        0.73         -42.33         1.31           42.33           -17.20        1.13          17.20          
2.77  -0.576 0.187  -0.349 0.46           0.21           0.46            -63.66        2.30          63.66          0.62        0.46        0.62         -42.37         1.04           42.37           -21.29        1.26          21.28          
2.80  -0.571 0.174  -0.343 0.44           0.23           0.47            -69.36        -48.08        70.85          0.58        0.44        0.60         -45.40         -23.04         47.71           -23.97        -25.04        23.13          
2.83  -0.550 0.146  -0.340 1.06           0.65           1.06            -52.47        -8.16         52.64          1.22        0.90        1.23         -43.15         -5.90          43.32           -9.32         -2.27         9.32           
2.87  -0.545 0.140  -0.345 0.21           0.19           0.25            -50.70        45.64         57.88          0.42        0.41        0.44         -23.07         19.61          29.04           -27.64        26.02         28.84          
2.90  -0.536 0.138  -0.333 0.29           0.45           0.45            -11.82        -50.65        51.06          0.54        0.64        0.64         -6.35          -32.97         33.36           -5.47         -17.68        17.71          
2.93  -0.520 0.133  -0.323 0.49           0.56           0.58            -19.37        -33.80        37.09          0.73        0.78        0.80         -12.88         -23.52         26.18           -6.49         -10.27        10.91          
2.97  -0.512 0.138  -0.321 0.28           0.25           0.28            31.48         -16.01        34.07          0.51        0.49        0.51         16.54          -7.93          18.16           14.94         -8.09         15.91          
3.00  -0.499 0.143  -0.315 0.44           0.45           0.48            23.18         -23.45        31.36          0.68        0.68        0.70         14.88          -15.06         20.72           8.30          -8.39         10.65          
3.03  -0.492 0.155  -0.311 0.40           0.21           0.42            62.48         -29.04        63.41          0.56        0.45        0.57         39.29          -13.32         40.43           23.19         -15.72        22.99          
3.07  -0.481 0.182  -0.312 0.86           0.34           0.86            67.05         2.26          67.05          0.99        0.59        0.99         53.53          1.29           53.54           13.51         0.96          13.51          
3.10  -0.478 0.201  -0.309 0.59           0.12           0.60            81.60         -43.58        81.68          0.68        0.35        0.68         60.12          -13.75         60.36           21.47         -29.83        21.31          
3.13  -0.475 0.227  -0.298 0.79           0.33           0.85            83.39         -73.95        83.87          0.85        0.46        0.91         66.47          -42.76         68.00           16.92         -31.19        15.86          
3.17  -0.480 0.263  -0.292 1.09           0.24           1.11            96.72         -121.68       96.61          1.09        0.24        1.11         83.55          -59.38         83.66           13.17         -62.31        12.94          
3.20  -0.472 0.278  -0.289 0.50           0.25           0.51            61.43         -15.28        61.69          0.66        0.49        0.66         42.00          -7.63          42.31           19.43         -7.65         19.38          
3.23  -0.472 0.292  -0.293 0.42           0.12           0.43            90.05         90.19         90.05          0.49        0.28        0.50         59.10          24.98          60.03           30.96         65.21         30.02          
3.27  -0.472 0.315  -0.290 0.68           0.11           0.69            91.68         -100.23       91.66          0.72        0.26        0.73         71.34          -25.67         71.56           20.34         -74.55        20.09          
3.30  -0.470 0.322  -0.285 0.22           0.15           0.26            75.26         -68.53        77.67          0.37        0.34        0.40         34.75          -24.89         39.85           40.51         -43.64        37.82          
3.33  -0.461 0.332  -0.282 0.42           0.28           0.42            49.07         -15.11        49.83          0.61        0.53        0.62         31.08          -8.03          31.76           17.99         -7.08         18.07          
3.37  -0.456 0.339  -0.288 0.25           0.22           0.30            53.02         48.49         60.17          0.44        0.43        0.47         26.26          22.77          32.94           26.76         25.72         27.23          
3.40  -0.448 0.338  -0.283 0.24           0.28           0.28            -7.29         -30.69        31.26          0.49        0.51        0.51         -3.60          -16.26         16.61           -3.70         -14.43        14.66          
3.43  -0.441 0.326  -0.287 0.41           0.23           0.42            -60.12        29.23         61.32          0.58        0.47        0.59         -38.00         14.10          39.37           -22.12        15.13         21.95          
3.47  -0.419 0.308  -0.289 0.87           0.68           0.87            -38.64        5.08          38.81          1.08        0.93        1.08         -30.30         3.72           30.45           -8.34         1.36          8.36           
3.50  -0.412 0.295  -0.277 0.44           0.41           0.57            -61.20        -58.98        67.92          0.60        0.58        0.70         -39.89         -37.38         48.55           -21.32        -21.60        19.37          
3.53  -0.402 0.280  -0.274 0.54           0.30           0.55            -58.23        -18.17        58.75          0.71        0.54        0.71         -40.73         -9.93          41.30           -17.50        -8.25         17.44          
3.57  -0.393 0.266  -0.277 0.49           0.29           0.50            -54.73        16.43         55.30          0.66        0.54        0.67         -36.85         8.88           37.44           -17.88        7.54          17.86          
3.60  -0.359 0.238  -0.267 1.33           1.06           1.37            -40.07        -15.62        41.55          1.53        1.30        1.56         -34.05         -12.66         35.46           -6.02         -2.96         6.10           
3.63  -0.346 0.235  -0.265 0.39           0.38           0.39            -10.95        -10.11        14.74          0.63        0.63        0.64         -6.65          -6.13          9.01            -4.30         -3.98         5.74           
3.67  -0.337 0.224  -0.259 0.44           0.34           0.48            -50.16        -33.10        53.76          0.63        0.56        0.65         -32.37         -19.03         35.82           -17.78        -14.07        17.94          
3.70  -0.333 0.218  -0.261 0.20           0.12           0.21            -59.43        33.61         61.20          0.39        0.36        0.39         -25.85         10.77          27.50           -33.58        22.84         33.70          
3.73  -0.326 0.217  -0.252 0.22           0.34           0.35            -10.63        -51.92        52.22          0.46        0.54        0.54         -4.93          -30.39         30.66           -5.70         -21.53        21.56          
3.77  -0.305 0.218  -0.249 0.64           0.65           0.65            3.57          -9.07         9.73           0.89        0.90        0.90         2.57           -6.56          7.04            1.00          -2.52         2.69           
3.80  -0.302 0.230  -0.260 0.35           0.35           0.49            75.69         75.41         79.68          0.48        0.48        0.59         45.41          44.83          54.85           30.28         30.59         24.83          
3.83  -0.302 0.239  -0.254 0.29           0.17           0.33            87.13         -85.19        87.53          0.39        0.31        0.42         47.15          -32.72         51.45           39.98         -52.48        36.08          
3.87  -0.294 0.243  -0.256 0.25           0.23           0.25            27.08         16.04         30.39          0.48        0.47        0.49         13.40          7.63           15.29           13.68         8.41          15.10          
3.90  -0.291 0.240  -0.261 0.14           0.19           0.21            -39.49        54.88         58.68          0.37        0.39        0.40         -13.90         23.11          26.26           -25.60        31.77         32.42          
3.93  -0.294 0.250  -0.262 0.32           0.10           0.32            107.80        169.04        107.77         0.34        0.15        0.34         62.94          6.94           62.98           44.86         162.10        44.79          
3.97  -0.292 0.259  -0.261 0.29           0.08           0.29            75.40         -22.33        75.48          0.43        0.32        0.43         40.71          -5.26          40.87           34.69         -17.07        34.60          
4.00  -0.284 0.256  -0.259 0.24           0.23           0.25            -24.67        -17.91        29.32          0.48        0.47        0.48         -12.02         -8.52          14.59           -12.65        -9.39         14.73          
4.03  -0.279 0.253  -0.265 0.18           0.24           0.26            -30.45        50.18         53.18          0.41        0.44        0.45         -12.58         24.49          26.89           -17.86        25.69         26.28          
4.07  -0.281 0.251  -0.267 0.07           0.08           0.09            -134.60       130.53        122.86         0.21        0.21        0.21         -14.43         16.52          21.44           -120.17       114.01        101.42         
4.10  -0.278 0.261  -0.267 0.31           0.10           0.31            72.11         8.50          72.13          0.45        0.34        0.45         40.35          2.35           40.39           31.75         6.16          31.74          
4.13  -0.272 0.261  -0.264 0.18           0.21           0.21            -1.93         -30.69        30.73          0.43        0.45        0.45         -0.82          -14.04         14.06           -1.12         -16.65        16.67          
4.17  -0.264 0.271  -0.267 0.37           0.25           0.38            51.36         23.71         52.98          0.56        0.49        0.57         31.02          11.92          32.51           20.34         11.79         20.46          
4.20  -0.265 0.276  -0.271 0.17           0.12           0.21            97.76         101.40        96.44          0.28        0.25        0.31         37.07          27.05          42.36           60.69         74.35         54.08          
4.23  -0.263 0.264  -0.273 0.36           0.09           0.37            -79.62        41.65         79.76          0.47        0.32        0.48         -48.43         10.40          48.80           -31.19        31.24         30.95          
4.27  -0.256 0.257  -0.272 0.30           0.19           0.30            -50.14        -5.62         50.23          0.50        0.44        0.50         -27.46         -2.44          27.54           -22.68        -3.17         22.70          
4.30  -0.240 0.237  -0.270 0.75           0.49           0.76            -50.19        -9.42         50.45          0.93        0.74        0.94         -38.33         -6.24          38.60           -11.85        -3.18         11.86          
4.33  -0.227 0.233  -0.273 0.41           0.40           0.42            -20.44        14.56         24.43          0.65        0.64        0.66         -12.71         8.93           15.37           -7.73         5.63          9.06           
4.37  -0.213 0.215  -0.272 0.68           0.44           0.68            -50.43        -3.88         50.47          0.86        0.69        0.87         -37.55         -2.47          37.59           -12.88        -1.41         12.88          
4.40  -0.195 0.212  -0.266 0.54           0.56           0.57            -9.74         -17.47        19.72          0.79        0.80        0.81         -6.66          -12.09         13.71           -3.08         -5.38         6.01           
4.43  -0.188 0.203  -0.260 0.35           0.28           0.39            -52.82        -42.29        58.02          0.53        0.50        0.57         -30.95         -22.47         36.07           -21.87        -19.82        21.95          
4.47  -0.179 0.198  -0.254 0.30           0.31           0.35            -28.05        -32.14        39.48          0.54        0.54        0.56         -15.37         -17.96         23.03           -12.67        -14.17        16.45          
4.50  -0.178 0.207  -0.249 0.28           0.16           0.32            82.06         -76.11        83.07          0.40        0.33        0.43         43.84          -28.42         47.78           38.23         -47.68        35.29          
4.53  -0.175 0.209  -0.240 0.11           0.29           0.30            24.71         -69.74        70.00          0.35        0.45        0.45         7.57           -38.02         38.42           17.15         -31.72        31.58          
4.57  -0.175 0.216  -0.246 0.22           0.19           0.29            94.93         95.62         93.71          0.32        0.30        0.37         43.01          39.23          51.11           51.92         56.40         42.60          
4.60  -0.177 0.224  -0.248 0.24           0.08           0.25            103.82        131.91        103.34         0.30        0.20        0.31         50.04          18.11          51.06           53.78         113.80        52.28          
4.63  -0.174 0.223  -0.235 0.11           0.41           0.41            -10.69        -74.90        74.91          0.36        0.53        0.53         -3.21          -47.78         47.82           -7.48         -27.12        27.10          
4.67  -0.169 0.228  -0.236 0.19           0.13           0.19            44.56         8.77          44.91          0.40        0.38        0.40         18.79          3.05           19.00           25.77         5.72          25.90          
4.70  -0.168 0.232  -0.232 0.15           0.13           0.20            76.93         -75.06        80.07          0.32        0.31        0.34         27.20          -24.09         34.26           49.73         -50.97        45.80          
4.73  -0.168 0.247  -0.233 0.45           0.05           0.45            88.70         76.94         88.71          0.52        0.26        0.52         60.06          9.62           60.18           28.64         67.32         28.53          
4.77  -0.176 0.271  -0.236 0.76           0.26           0.76            109.18        164.47        109.10         0.71        0.07        0.72         89.86          88.55          89.86           19.32         75.93         19.24          
4.80  -0.179 0.279  -0.236 0.25           0.09           0.25            109.74        171.33        109.72         0.29        0.17        0.29         55.31          4.52           55.35           54.43         166.81        54.36          
4.83  -0.184 0.295  -0.241 0.50           0.22           0.52            109.26        139.57        108.52         0.48        0.16        0.50         79.89          59.10          80.31           29.37         80.47         28.21          
4.87  -0.186 0.295  -0.245 0.05           0.14           0.14            161.18        109.00        108.88         0.20        0.24        0.24         4.37           33.07          33.25           156.81        75.93         75.63          
4.90  -0.183 0.303  -0.248 0.23           0.12           0.25            70.42         48.18         71.71          0.39        0.34        0.40         33.66          14.82          35.62           36.76         33.35         36.09          
4.93  -0.178 0.285  -0.255 0.56           0.27           0.60            -74.19        55.47         75.33          0.67        0.46        0.71         -53.17         28.79          55.29           -21.02        26.68         20.03          
4.97  -0.160 0.275  -0.255 0.63           0.56           0.63            -27.78        0.40          27.78          0.86        0.81        0.86         -19.98         0.28           19.99           -7.80         0.13          7.80           
5.00  -0.151 0.262  -0.258 0.48           0.27           0.49            -56.91        14.29         57.26          0.65        0.52        0.66         -38.17         7.43           38.55           -18.73        6.85          18.71          
5.03  -0.142 0.238  -0.260 0.76           0.28           0.76            -68.83        15.57         68.95          0.88        0.53        0.88         -53.44         8.28           53.60           -15.39        7.29          15.35          
5.07  -0.135 0.232  -0.262 0.28           0.22           0.28            -40.14        11.73         40.97          0.50        0.47        0.50         -21.23         5.46           21.80           -18.91        6.27          19.17          
5.10  -0.121 0.215  -0.265 0.65           0.41           0.66            -51.89        12.25         52.29          0.83        0.66        0.83         -38.17         7.62           38.57           -13.72        4.62          13.72          
5.13  -0.111 0.210  -0.261 0.35           0.34           0.36            -23.13        -18.62        28.54          0.58        0.58        0.59         -13.45         -10.68         16.94           -9.68         -7.93         11.60          
5.17  -0.108 0.210  -0.263 0.08           0.09           0.09            -7.08         29.35         29.94          0.33        0.33        0.33         -1.71          7.70           7.89            -5.37         21.65         22.05          
5.20  -0.108 0.210  -0.263 0.00           0.00           0.00            0.00          0.00          0.00           0.25        0.25        0.25         0.00           -0.00          0.00            0.00          0.00          0.00           
5.23  -0.117 0.224  -0.264 0.49           0.27           0.49            123.17        169.49        122.98         0.41        0.05        0.41         92.64          110.83         92.62           30.53         58.66         30.36          
5.27  -0.116 0.223  -0.261 0.04           0.12           0.12            -23.64        -71.93        72.10          0.29        0.31        0.31         -3.16          -21.15         21.35           -20.48        -50.78        50.75          
5.30  -0.115 0.223  -0.252 0.02           0.26           0.26            -23.67        -85.66        85.67          0.27        0.37        0.37         -1.83          -43.94         43.95           -21.84        -41.73        41.71          
5.33  -0.111 0.225  -0.255 0.15           0.16           0.17            24.74         33.87         39.15          0.39        0.39        0.40         9.04           13.05          15.70           15.70         20.82         23.45          
5.37  -0.113 0.233  -0.254 0.25           0.07           0.25            106.69        -170.89       106.67         0.30        0.18        0.30         53.08          -3.66          53.11           53.61         -167.23       53.56          
5.40  -0.118 0.246  -0.252 0.42           0.16           0.43            108.50        -147.62       108.12         0.42        0.14        0.43         73.95          -36.42         74.28           34.55         -111.20       33.84          
5.43  -0.124 0.263  -0.246 0.53           0.26           0.56            111.17        -137.17       110.03         0.50        0.19        0.53         83.10          -71.37         83.50           28.07         -65.81        26.52          
