time  x      y      z      groundspeedxy  groundspeedxz  groundspeedxyz  trackanglexy  trackanglexz  trackanglexyz  airspeedxy  airspeedxz  airspeedxyz  courseanglexy  courseanglexz  courseanglexyz  driftanglexy  driftanglexz  driftanglexyz  
0.00  -0.702 0.520  -0.147 
0.03  -0.694 0.534  -0.153 0.48           0.29           0.51            60.85         36.70         62.75          0.64        0.51        0.66         40.80          19.74          43.07           20.06         16.97         19.69          
0.07  -0.691 0.548  -0.155 0.43           0.12           0.43            76.74         36.70         76.94          0.54        0.36        0.55         50.13          11.87          50.56           26.61         24.82         26.38          
0.10  -0.686 0.568  -0.156 0.62           0.13           0.62            77.90         11.95         77.91          0.72        0.38        0.72         57.92          4.14           57.94           19.98         7.81          19.97          
0.13  -0.684 0.590  -0.159 0.67           0.11           0.68            84.67         55.58         84.72          0.74        0.33        0.74         64.93          16.22          65.13           19.74         39.36         19.59          
0.17  -0.689 0.608  -0.158 0.56           0.13           0.57            103.23        -167.15       103.22         0.56        0.12        0.56         77.61          -13.73         77.63           25.62         -153.42       25.59          
0.20  -0.695 0.608  -0.151 0.20           0.30           0.30            -178.85       -132.48       132.47         0.05        0.22        0.22         -4.56          -76.99         76.99           -174.28       -55.49        55.48          
0.23  -0.696 0.608  -0.140 0.02           0.31           0.31            -173.24       -93.33        93.33          0.23        0.39        0.39         -0.53          -53.51         53.51           -172.70       -39.81        39.81          
0.27  -0.698 0.602  -0.141 0.18           0.06           0.18            -109.00       168.24        108.95         0.26        0.19        0.26         -41.49         3.63           41.56           -67.51        164.61        67.39          
0.30  -0.703 0.584  -0.131 0.57           0.32           0.63            -105.03       -117.66       103.44         0.56        0.30        0.63         -79.44         -70.01         80.58           -25.59        -47.65        22.86          
0.33  -0.708 0.567  -0.128 0.55           0.19           0.56            -107.29       -150.02       107.04         0.53        0.13        0.54         -80.64         -47.46         80.79           -26.65        -102.57       26.25          
0.37  -0.706 0.533  -0.119 1.01           0.29           1.05            -86.52        -77.80        86.65          1.05        0.42        1.09         -72.81         -42.25         73.41           -13.71        -35.55        13.24          
0.40  -0.703 0.509  -0.099 0.74           0.60           0.95            -81.82        -79.80        83.59          0.82        0.69        1.01         -64.21         -58.84         69.32           -17.61        -20.97        14.28          
0.43  -0.695 0.484  -0.081 0.77           0.59           0.94            -72.56        -67.32        75.90          0.87        0.73        1.03         -56.71         -48.86         62.31           -15.85        -18.46        13.60          
0.47  -0.692 0.463  -0.065 0.65           0.47           0.80            -82.69        -79.83        84.04          0.73        0.57        0.86         -62.75         -54.26         67.27           -19.94        -25.58        16.77          
0.50  -0.689 0.449  -0.037 0.44           0.86           0.96            -75.29        -82.55        83.32          0.56        0.93        1.02         -49.66         -67.06         69.25           -25.63        -15.49        14.07          
0.53  -0.673 0.435  -0.016 0.62           0.78           0.88            -41.88        -53.63        58.42          0.82        0.95        1.04         -30.20         -41.38         46.56           -11.68        -12.24        11.86          
0.57  -0.665 0.422  0.016  0.45           1.01           1.07            -54.97        -75.20        76.11          0.63        1.10        1.16         -35.89         -62.48         64.01           -19.08        -12.71        12.10          
0.60  -0.654 0.423  0.030  0.31           0.52           0.52            1.21          -53.64        53.65          0.56        0.70        0.70         0.67           -36.91         36.92           0.54          -16.73        16.73          
0.63  -0.641 0.421  0.046  0.39           0.61           0.61            -9.00         -50.40        50.64          0.64        0.79        0.79         -5.49          -36.30         36.53           -3.50         -14.10        14.11          
0.67  -0.633 0.416  0.068  0.29           0.70           0.72            -31.19        -69.05        69.55          0.52        0.83        0.84         -16.90         -52.66         53.38           -14.29        -16.39        16.16          
0.70  -0.628 0.402  0.088  0.42           0.62           0.74            -69.62        -76.48        78.59          0.56        0.72        0.82         -44.77         -56.88         61.29           -24.85        -19.60        17.30          
0.73  -0.625 0.394  0.095  0.27           0.21           0.33            -70.29        -64.68        74.06          0.42        0.39        0.46         -36.41         -29.18         42.77           -33.88        -35.50        31.28          
0.77  -0.620 0.373  0.101  0.65           0.24           0.68            -77.25        -53.75        77.80          0.74        0.44        0.77         -58.09         -26.37         59.25           -19.16        -27.38        18.55          
0.80  -0.617 0.352  0.102  0.63           0.09           0.63            -82.32        -16.36        82.33          0.71        0.34        0.71         -61.96         -4.25          61.98           -20.36        -12.11        20.35          
0.83  -0.606 0.327  0.101  0.81           0.33           0.82            -66.05        5.49          66.07          0.94        0.58        0.94         -52.05         3.13           52.07           -14.00        2.36          14.00          
0.87  -0.591 0.306  0.097  0.80           0.49           0.80            -53.25        11.83         53.58          0.97        0.73        0.97         -41.31         7.83           41.65           -11.95        4.01          11.93          
0.90  -0.583 0.281  0.078  0.78           0.63           0.98            -72.27        67.89         75.90          0.89        0.76        1.07         -56.81         50.27          62.79           -15.46        17.63         13.10          
0.93  -0.576 0.255  0.047  0.81           0.94           1.22            -76.22        78.17         80.95          0.90        1.02        1.29         -60.59         64.28          69.89           -15.63        13.89         11.06          
0.97  -0.572 0.244  0.026  0.33           0.64           0.71            -70.52        79.97         81.01          0.48        0.73        0.79         -41.06         60.13          62.81           -29.47        19.84         18.20          
1.00  -0.566 0.227  -0.022 0.56           1.45           1.54            -70.28        82.55         82.99          0.68        1.50        1.59         -50.17         73.06          74.04           -20.12        9.48          8.96           
1.03  -0.556 0.211  -0.052 0.56           0.96           1.06            -56.04        70.75         72.77          0.73        1.06        1.16         -39.62         57.94          60.92           -16.42        12.81         11.85          
1.07  -0.557 0.190  -0.090 0.64           1.14           1.31            -94.32        92.42         92.11          0.67        1.16        1.32         -72.44         79.98          81.23           -21.89        12.43         10.88          
1.10  -0.561 0.181  -0.119 0.28           0.87           0.91            -110.36       96.51         96.22          0.31        0.88        0.92         -60.39         80.09          80.52           -49.98        16.41         15.70          
1.13  -0.552 0.175  -0.158 0.32           1.19           1.21            -34.05        77.18         77.32          0.55        1.27        1.29         -19.18         66.15          66.39           -14.87        11.03         10.93          
1.17  -0.536 0.172  -0.192 0.49           1.14           1.14            -11.48        65.24         65.34          0.73        1.26        1.27         -7.59          54.88          55.00           -3.90         10.36         10.34          
1.20  -0.524 0.178  -0.215 0.39           0.77           0.79            28.11         63.65         64.41          0.62        0.91        0.93         17.16          49.41          50.37           10.95         14.24         14.04          
1.23  -0.522 0.171  -0.233 0.24           0.55           0.59            -69.03        81.21         81.84          0.40        0.64        0.68         -33.35         58.49          60.38           -35.68        22.72         21.46          
1.27  -0.505 0.154  -0.247 0.71           0.65           0.82            -44.32        39.21         51.84          0.90        0.86        0.99         -33.18         28.65          40.44           -11.14        10.56         11.40          
1.30  -0.493 0.147  -0.266 0.42           0.68           0.71            -29.38        57.43         58.99          0.65        0.84        0.87         -18.50         42.92          44.66           -10.88        14.50         14.32          
1.33  -0.488 0.155  -0.276 0.27           0.32           0.39            59.05         64.07         69.31          0.45        0.48        0.53         30.74          36.27          43.37           28.30         27.80         25.94          
1.37  -0.469 0.156  -0.278 0.58           0.59           0.59            1.28          6.97          7.08           0.83        0.84        0.84         0.90           4.89           4.97            0.38          2.08          2.11           
1.40  -0.474 0.183  -0.276 0.85           0.18           0.85            101.26        -160.07       101.23         0.83        0.10        0.84         84.18          -35.32         84.20           17.08         -124.75       17.04          
1.43  -0.479 0.213  -0.271 0.90           0.21           0.91            100.14        -138.97       100.02         0.89        0.17        0.90         84.16          -56.68         84.23           15.98         -82.29        15.80          
1.47  -0.487 0.238  -0.262 0.80           0.36           0.85            106.59        -129.77       105.67         0.77        0.28        0.82         88.41          -85.55         88.50           18.18         -44.21        17.17          
1.50  -0.497 0.264  -0.253 0.83           0.41           0.87            111.39        -138.03       110.28         0.78        0.28        0.82         93.92          -101.02        93.70           17.47         -37.02        16.58          
1.53  -0.513 0.282  -0.248 0.72           0.51           0.74            132.45        -161.39       131.16         0.58        0.29        0.61         114.02         -145.35        113.07          18.44         -16.05        18.10          
1.57  -0.526 0.306  -0.239 0.81           0.46           0.85            118.48        -147.59       117.16         0.73        0.28        0.77         100.91         -119.25        100.33          17.57         -28.35        16.82          
1.60  -0.534 0.311  -0.236 0.29           0.26           0.31            146.76        -155.55       141.43         0.16        0.11        0.19         86.79          -85.38         87.36           59.97         -70.17        54.07          
1.63  -0.535 0.316  -0.236 0.13           0.02           0.13            98.92         174.95        98.92          0.26        0.23        0.26         29.90          0.46           29.90           69.02         174.49        69.02          
1.67  -0.531 0.334  -0.235 0.58           0.13           0.58            76.98         -11.31        76.99          0.68        0.38        0.68         56.05          -3.93          56.08           20.92         -7.38         20.91          
1.70  -0.519 0.340  -0.239 0.37           0.35           0.39            25.55         19.18         30.60          0.60        0.59        0.62         15.27          11.24          18.66           10.28         7.95          11.94          
1.73  -0.509 0.332  -0.247 0.39           0.41           0.47            -35.61        39.24         47.37          0.61        0.62        0.66         -21.78         24.50          31.22           -13.82        14.74         16.14          
1.77  -0.503 0.325  -0.243 0.29           0.24           0.33            -49.10        -37.58        54.22          0.50        0.47        0.52         -26.67         -18.51         31.11           -22.44        -19.07        23.11          
1.80  -0.491 0.319  -0.229 0.39           0.53           0.56            -27.80        -49.76        52.30          0.62        0.72        0.74         -16.98         -34.38         36.84           -10.82        -15.38        15.46          
1.83  -0.482 0.298  -0.230 0.68           0.26           0.68            -67.52        6.48          67.54          0.81        0.51        0.81         -50.89         3.31           50.92           -16.64        3.17          16.63          
1.87  -0.468 0.278  -0.231 0.73           0.43           0.73            -54.32        2.23          54.33          0.90        0.68        0.90         -41.27         1.41           41.28           -13.05        0.83          13.05          
1.90  -0.457 0.270  -0.239 0.41           0.43           0.49            -35.76        38.10         46.79          0.63        0.64        0.68         -22.41         24.18          31.37           -13.35        13.92         15.43          
1.93  -0.434 0.244  -0.239 1.03           0.68           1.03            -48.52        -0.30         48.53          1.21        0.93        1.21         -39.61         -0.22          39.61           -8.91         -0.08         8.91           
1.97  -0.422 0.226  -0.242 0.65           0.38           0.66            -55.84        13.62         56.19          0.82        0.62        0.82         -41.17         8.19           41.55           -14.67        5.44          14.64          
2.00  -0.398 0.211  -0.244 0.87           0.74           0.87            -32.27        5.00          32.52          1.09        0.99        1.09         -25.22         3.74           25.43           -7.05         1.27          7.09           
2.03  -0.393 0.254  -0.257 1.29           0.39           1.34            84.07         70.31         84.31          1.34        0.53        1.39         73.34          44.11          73.96           10.73         26.20         10.34          
2.07  -0.378 0.258  -0.266 0.47           0.54           0.55            16.64         32.14         34.83          0.72        0.76        0.77         10.91          22.06          24.17           5.73          10.08         10.66          
2.10  -0.366 0.275  -0.281 0.62           0.57           0.76            54.64         51.25         62.00          0.79        0.75        0.90         39.63          36.21          47.87           15.01         15.04         14.14          
2.13  -0.359 0.276  -0.287 0.23           0.29           0.30            9.09          38.73         39.27          0.48        0.51        0.51         4.37           20.95          21.33           4.72          17.78         17.95          
2.17  -0.350 0.286  -0.294 0.40           0.33           0.45            50.07         38.61         55.16          0.60        0.55        0.63         31.28          22.10          36.16           18.79         16.51         19.01          
2.20  -0.354 0.305  -0.303 0.58           0.30           0.64            101.17        112.17        100.08         0.58        0.31        0.65         76.38          63.44          77.70           24.79         48.73         22.37          
2.23  -0.345 0.295  -0.314 0.41           0.41           0.52            -50.59        49.94         59.55          0.61        0.60        0.68         -31.98         31.38          41.12           -18.61        18.55         18.44          
2.27  -0.340 0.292  -0.319 0.18           0.23           0.25            -29.38        45.46         49.28          0.42        0.44        0.45         -12.40         21.64          24.40           -16.98        23.82         24.88          
2.30  -0.332 0.283  -0.321 0.34           0.24           0.34            -46.65        16.27         47.70          0.54        0.49        0.54         -26.94         7.97           27.79           -19.72        8.30          19.91          
2.33  -0.316 0.260  -0.305 0.85           0.67           0.97            -55.47        -44.62        60.35          1.01        0.87        1.12         -43.71         -32.98         49.12           -11.76        -11.64        11.23          
2.37  -0.301 0.251  -0.305 0.52           0.44           0.52            -31.70        -2.44         31.76          0.75        0.69        0.75         -21.56         -1.56          21.60           -10.14        -0.88         10.16          
2.40  -0.293 0.233  -0.300 0.59           0.30           0.61            -64.06        -31.25        64.99          0.74        0.53        0.75         -46.27         -17.15         47.46           -17.79        -14.10        17.52          
2.43  -0.278 0.222  -0.280 0.57           0.74           0.81            -37.45        -52.06        56.21          0.78        0.91        0.97         -26.26         -39.57         43.90           -11.19        -12.50        12.30          
2.47  -0.264 0.206  -0.259 0.63           0.74           0.89            -50.05        -56.74        62.69          0.82        0.90        1.03         -36.50         -43.37         50.19           -13.56        -13.37        12.49          
2.50  -0.262 0.225  -0.237 0.58           0.67           0.89            84.95         -85.64        86.69          0.65        0.74        0.94         62.50          -65.81         71.22           22.44         -19.82        15.47          
2.53  -0.254 0.244  -0.221 0.62           0.55           0.78            65.55         -62.15        70.98          0.76        0.70        0.90         48.04          -43.74         55.72           17.51         -18.41        15.26          
2.57  -0.251 0.260  -0.208 0.50           0.39           0.63            79.60         -76.66        81.74          0.60        0.51        0.71         55.44          -48.31         61.42           24.16         -28.34        20.33          
2.60  -0.260 0.288  -0.203 0.89           0.31           0.90            107.81        -151.51       107.56         0.85        0.15        0.86         91.51          -98.61         91.49           16.30         -52.91        16.07          
2.63  -0.262 0.306  -0.199 0.52           0.16           0.54            98.24         -117.54       97.95          0.55        0.23        0.56         71.30          -39.38         71.94           26.94         -78.16        26.01          
2.67  -0.260 0.325  -0.203 0.58           0.14           0.59            83.65         62.31         83.79          0.66        0.34        0.67         61.37          21.21          61.89           22.29         41.09         21.90          
2.70  -0.263 0.352  -0.205 0.81           0.12           0.82            95.75         133.85        95.72          0.83        0.19        0.83         78.20          26.64          78.26           17.55         107.21        17.45          
2.73  -0.255 0.370  -0.209 0.60           0.25           0.61            67.80         23.00         68.10          0.73        0.49        0.74         49.34          11.40          49.75           18.47         11.60         18.34          
2.77  -0.257 0.375  -0.222 0.16           0.39           0.42            106.41        96.66         96.19          0.26        0.44        0.47         37.03          62.28          63.97           69.39         34.38         32.23          
2.80  -0.257 0.402  -0.237 0.80           0.45           0.92            90.77         91.36         90.67          0.84        0.51        0.95         73.41          62.25          75.47           17.36         29.10         15.20          
2.83  -0.263 0.426  -0.245 0.75           0.32           0.79            103.89        124.85        103.12         0.73        0.27        0.78         84.54          74.95          84.85           19.35         49.90         18.26          
2.87  -0.263 0.458  -0.261 0.94           0.48           1.06            89.22         88.46         89.31          0.98        0.54        1.09         74.44          61.11          76.04           14.78         27.35         13.27          
2.90  -0.257 0.465  -0.281 0.26           0.60           0.64            50.82         73.95         74.82          0.46        0.71        0.74         26.16          54.29          55.87           24.66         19.66         18.95          
2.93  -0.253 0.464  -0.297 0.11           0.50           0.50            -8.40         77.02         77.02          0.36        0.60        0.60         -2.61          53.18          53.20           -5.80         23.84         23.83          
2.97  -0.251 0.469  -0.305 0.15           0.26           0.29            62.15         74.20         75.99          0.35        0.41        0.43         22.60          37.86          41.40           39.55         36.34         34.59          
3.00  -0.240 0.468  -0.323 0.34           0.64           0.64            -4.76         57.98         58.02          0.59        0.80        0.80         -2.75          42.69          42.73           -2.01         15.29         15.29          
3.03  -0.240 0.467  -0.341 0.01           0.52           0.52            -60.04        89.62         89.62          0.25        0.58        0.58         -1.38          64.11          64.11           -58.67        25.50         25.50          
3.07  -0.234 0.455  -0.358 0.42           0.55           0.68            -67.70        73.35         76.42          0.56        0.67        0.77         -43.46         52.43          58.14           -24.24        20.92         18.28          
3.10  -0.221 0.444  -0.367 0.52           0.48           0.58            -38.33        31.81         45.14          0.74        0.71        0.78         -26.18         21.09          32.00           -12.15        10.72         13.14          
3.13  -0.204 0.418  -0.370 0.92           0.50           0.92            -57.86        9.88          58.01          1.07        0.74        1.08         -46.49         6.58           46.66           -11.37        3.31          11.36          
3.17  -0.195 0.399  -0.376 0.61           0.33           0.64            -63.31        34.20         64.56          0.76        0.56        0.78         -46.19         19.60          47.76           -17.12        14.60         16.79          
3.20  -0.192 0.392  -0.378 0.25           0.11           0.26            -67.61        32.48         68.27          0.42        0.35        0.42         -33.78         9.95           34.66           -33.84        22.53         33.61          
3.23  -0.180 0.363  -0.361 0.92           0.63           1.06            -66.93        -54.67        69.94          1.05        0.80        1.17         -54.25         -39.85         58.32           -12.68        -14.82        11.62          
3.27  -0.174 0.343  -0.344 0.64           0.53           0.81            -73.57        -70.18        77.15          0.75        0.66        0.90         -54.88         -49.31         61.43           -18.70        -20.87        15.71          
3.30  -0.167 0.320  -0.316 0.72           0.87           1.11            -74.01        -76.91        79.77          0.82        0.96        1.18         -56.98         -62.20         67.74           -17.03        -14.71        12.03          
3.33  -0.174 0.326  -0.287 0.27           0.90           0.92            136.23        -102.45       102.19         0.19        0.88        0.90         73.45          -86.40         86.48           62.78         -16.05        15.71          
3.37  -0.165 0.296  -0.269 0.96           0.59           1.10            -74.33        -64.17        76.36          1.05        0.74        1.18         -61.13         -46.42         64.50           -13.20        -17.75        11.86          
3.40  -0.161 0.276  -0.248 0.61           0.65           0.88            -78.23        -78.88        81.87          0.70        0.74        0.95         -57.92         -59.41         66.73           -20.32        -19.48        15.14          
3.43  -0.162 0.276  -0.217 0.03           0.93           0.93            164.18        -91.75        91.75          0.22        0.95        0.95         2.07           -76.52         76.52           162.11        -15.23        15.23          
3.47  -0.152 0.275  -0.200 0.30           0.58           0.58            -6.02         -59.02        59.07          0.55        0.74        0.74         -3.28          -42.13         42.19           -2.74         -16.89        16.88          
3.50  -0.154 0.278  -0.183 0.12           0.52           0.52            126.55        -98.04        97.90          0.20        0.54        0.55         28.71          -70.80         71.12           97.84         -27.24        26.79          
3.53  -0.156 0.279  -0.169 0.04           0.44           0.44            157.51        -95.07        95.06          0.21        0.49        0.49         4.36           -64.31         64.32           153.14        -30.76        30.74          
3.57  -0.149 0.288  -0.158 0.35           0.38           0.48            56.20         -59.93        66.35          0.53        0.55        0.62         33.00          -36.89         44.79           23.20         -23.03        21.56          
3.60  -0.164 0.315  -0.147 0.93           0.54           0.98            118.87        -145.56       117.28         0.84        0.37        0.89         103.71         -122.83        102.86          15.16         -22.73        14.43          
3.63  -0.172 0.336  -0.147 0.67           0.22           0.67            109.13        -177.47       109.12         0.63        0.03        0.63         87.15          -17.11         87.15           21.98         -160.36       21.98          
3.67  -0.181 0.363  -0.142 0.84           0.32           0.85            109.69        -152.38       109.38         0.79        0.15        0.80         92.30          -102.09        92.26           17.39         -50.29        17.12          
3.70  -0.188 0.385  -0.145 0.72           0.23           0.72            107.63        159.69        107.51         0.69        0.09        0.69         87.32          68.27          87.33           20.31         91.42         20.18          
3.73  -0.197 0.419  -0.149 1.03           0.29           1.04            104.89        156.38        104.79         1.00        0.12        1.00         90.86          97.40          90.86           14.02         58.98         13.93          
3.77  -0.205 0.447  -0.159 0.88           0.39           0.94            104.78        124.90        103.86         0.85        0.32        0.91         88.28          85.46          88.39           16.50         39.45         15.47          
3.80  -0.214 0.475  -0.162 0.88           0.29           0.88            108.39        160.93        108.28         0.83        0.10        0.84         91.81          105.40         91.80           16.58         55.54         16.48          
3.83  -0.227 0.517  -0.170 1.32           0.45           1.34            107.51        151.62        107.28         1.27        0.26        1.29         96.68          124.48         96.58           10.83         27.14         10.69          
3.87  -0.232 0.532  -0.185 0.47           0.47           0.65            107.12        106.97        102.23         0.46        0.47        0.65         76.03          76.16          80.07           31.09         30.82         22.16          
3.90  -0.239 0.556  -0.203 0.77           0.58           0.93            106.52        112.13        103.47         0.73        0.54        0.91         87.47          86.54          87.96           19.04         25.59         15.52          
3.93  -0.259 0.586  -0.225 1.08           0.91           1.27            124.74        132.59        118.97         0.96        0.76        1.17         112.37         118.60         108.18          12.38         13.98         10.79          
3.97  -0.272 0.593  -0.241 0.42           0.59           0.63            150.37        127.90        125.44         0.24        0.48        0.53         119.03         103.80         102.66          31.34         24.09         22.78          
4.00  -0.285 0.599  -0.259 0.45           0.67           0.70            153.69        126.70        124.97         0.25        0.56        0.60         127.54         105.82         104.88          26.14         20.88         20.08          
4.03  -0.303 0.599  -0.279 0.55           0.81           0.81            -178.71       132.27        132.26         0.30        0.67        0.67         -177.63        116.27         116.26          -1.08         16.00         16.00          
4.07  -0.309 0.584  -0.306 0.47           0.85           0.95            -109.95       100.95        99.69          0.45        0.84        0.95         -78.58         83.86          84.58           -31.37        17.09         15.11          
4.10  -0.320 0.560  -0.319 0.80           0.52           0.89            -115.23       131.44        112.58         0.73        0.40        0.83         -97.18         103.27         96.34           -18.06        28.17         16.24          
4.13  -0.331 0.543  -0.346 0.61           0.88           1.02            -123.82       112.82        109.61         0.52        0.81        0.96         -100.11        96.39          95.42           -23.70        16.43         14.19          
4.17  -0.330 0.526  -0.365 0.51           0.58           0.77            -84.13        84.78         86.09          0.59        0.65        0.83         -59.37         62.24          68.52           -24.76        22.54         17.57          
4.20  -0.318 0.497  -0.385 0.94           0.67           1.11            -69.05        60.04         72.31          1.06        0.83        1.21         -56.27         44.86          60.92           -12.78        15.19         11.39          
4.23  -0.307 0.482  -0.389 0.56           0.36           0.58            -52.79        21.36         53.95          0.74        0.60        0.75         -37.15         12.68          38.32           -15.64        8.68          15.63          
4.27  -0.292 0.461  -0.415 0.77           0.91           1.10            -52.88        59.40         65.02          0.94        1.06        1.23         -40.68         47.73          54.39           -12.20        11.67         10.63          
4.30  -0.279 0.432  -0.425 0.97           0.48           1.02            -66.54        36.45         67.55          1.10        0.70        1.14         -54.49         24.19          55.81           -12.05        12.26         11.74          
4.33  -0.266 0.423  -0.434 0.44           0.46           0.52            -34.05        36.60         45.12          0.67        0.67        0.72         -21.90         23.84          30.86           -12.14        12.76         14.26          
4.37  -0.259 0.403  -0.444 0.64           0.37           0.70            -69.74        52.55         71.61          0.77        0.55        0.82         -51.90         31.58          54.77           -17.84        20.97         16.84          
4.40  -0.246 0.363  -0.448 1.27           0.42           1.28            -71.59        19.46         71.71          1.37        0.67        1.38         -61.61         12.27          61.77           -9.98         7.19          9.94           
4.43  -0.237 0.335  -0.451 0.87           0.26           0.88            -73.21        17.35         73.28          0.97        0.51        0.98         -58.98         8.91           59.09           -14.22        8.44          14.18          
4.47  -0.245 0.328  -0.449 0.31           0.24           0.32            -139.38       -165.08       138.07         0.20        0.06        0.21         -86.10         -77.62         86.28           -53.28        -87.45        51.79          
4.50  -0.236 0.296  -0.424 1.01           0.79           1.25            -73.87        -69.29        77.07          1.11        0.91        1.33         -61.32         -54.43         66.52           -12.55        -14.86        10.55          
4.53  -0.249 0.312  -0.421 0.63           0.41           0.64            129.36        -165.13       128.71         0.51        0.18        0.52         106.94         -144.42        106.57          22.43         -20.71        22.14          
4.57  -0.252 0.287  -0.374 0.77           1.42           1.61            -96.57        -93.58        93.15          0.78        1.42        1.62         -78.11         -83.47         84.26           -18.46        -10.11        8.89           
4.60  -0.248 0.270  -0.341 0.52           0.98           1.11            -76.62        -82.93        83.73          0.63        1.04        1.16         -53.87         -69.17         71.36           -22.75        -13.77        12.37          
4.63  -0.240 0.240  -0.302 0.93           1.19           1.49            -74.93        -78.29        80.67          1.03        1.27        1.55         -61.32         -67.15         71.54           -13.61        -11.13        9.13           
4.67  -0.243 0.241  -0.282 0.08           0.60           0.60            162.17        -97.62        97.61          0.17        0.62        0.62         8.58           -74.09         74.11           153.59        -23.53        23.51          
4.70  -0.244 0.241  -0.263 0.06           0.58           0.58            160.06        -95.64        95.64          0.19        0.61        0.61         6.10           -71.46         71.47           153.96        -24.18        24.16          
4.73  -0.232 0.238  -0.237 0.39           0.85           0.86            -16.85        -64.19        64.43          0.63        0.99        1.00         -10.27         -51.05         51.34           -6.58         -13.15        13.09          
4.77  -0.223 0.222  -0.224 0.55           0.50           0.69            -59.80        -56.39        66.35          0.71        0.67        0.83         -42.15         -38.40         50.27           -17.65        -17.99        16.08          
4.80  -0.210 0.212  -0.213 0.47           0.49           0.56            -35.76        -38.58        47.06          0.69        0.70        0.75         -23.53         -25.75         33.02           -12.23        -12.83        14.04          
4.83  -0.207 0.209  -0.201 0.14           0.37           0.38            -41.88        -73.90        74.39          0.36        0.50        0.51         -14.67         -45.33         46.25           -27.21        -28.57        28.13          
4.87  -0.204 0.221  -0.210 0.36           0.27           0.45            79.34         75.80         81.41          0.48        0.41        0.55         48.44          40.00          54.57           30.90         35.80         26.84          
4.90  -0.200 0.223  -0.225 0.15           0.46           0.47            23.19         72.56         72.71          0.39        0.59        0.59         8.68           48.61          48.86           14.51         23.95         23.85          
4.93  -0.199 0.225  -0.232 0.06           0.21           0.22            81.58         87.41         87.52          0.27        0.33        0.34         13.82          38.85          40.10           67.76         48.56         47.42          
4.97  -0.202 0.236  -0.247 0.32           0.47           0.56            104.32        99.60         98.03          0.35        0.49        0.58         60.70          69.59          72.77           43.62         30.01         25.25          
5.00  -0.208 0.239  -0.256 0.19           0.31           0.32            150.99        123.08        121.49         0.12        0.27        0.29         49.00          72.57          73.55           101.99        50.51         47.95          
5.03  -0.212 0.254  -0.271 0.48           0.48           0.66            105.32        105.35        100.97         0.48        0.47        0.66         74.86          74.84          79.16           30.46         30.51         21.81          
5.07  -0.215 0.267  -0.276 0.40           0.18           0.42            105.24        125.63        104.28         0.41        0.21        0.43         69.01          44.73          70.27           36.22         80.90         34.01          
5.10  -0.225 0.297  -0.286 0.96           0.42           1.01            106.93        132.24        106.09         0.92        0.31        0.97         91.90          95.66          91.80           15.02         36.59         14.29          
5.13  -0.227 0.310  -0.289 0.38           0.12           0.39            103.12        134.23        102.77         0.41        0.19        0.42         66.35          28.66          66.93           36.77         105.57        35.84          
5.17  -0.224 0.324  -0.290 0.44           0.09           0.44            78.06         2.12          78.06          0.55        0.34        0.55         51.77          0.57           51.77           26.29         1.55          26.29          
5.20  -0.220 0.341  -0.288 0.52           0.15           0.52            74.04         -14.36        74.08          0.64        0.40        0.64         51.96          -5.35          52.03           22.08         -9.02         22.05          
5.23  -0.214 0.341  -0.286 0.16           0.18           0.18            -5.99         -26.69        27.18          0.41        0.42        0.42         -2.34          -11.07         11.30           -3.65         -15.61        15.87          
5.27  -0.212 0.348  -0.287 0.23           0.09           0.23            70.46         29.79         70.82          0.39        0.33        0.39         33.50          7.66           34.03           36.96         22.13         36.79          
5.30  -0.207 0.347  -0.277 0.14           0.33           0.33            -4.00         -64.57        64.58          0.39        0.49        0.49         -1.44          -37.03         37.04           -2.56         -27.54        27.54          
5.33  -0.193 0.331  -0.276 0.64           0.43           0.64            -48.61        -5.56         48.72          0.83        0.68        0.83         -35.54         -3.51          35.64           -13.07        -2.05         13.07          
5.37  -0.188 0.323  -0.256 0.29           0.62           0.66            -56.45        -74.75        75.85          0.48        0.72        0.76         -30.65         -55.24         57.31           -25.80        -19.51        18.54          
5.40  -0.172 0.304  -0.252 0.73           0.47           0.74            -51.17        -14.63        51.78          0.90        0.72        0.91         -38.73         -9.57          39.34           -12.44        -5.07         12.44          
5.43  -0.164 0.286  -0.225 0.61           0.86           1.02            -66.05        -73.25        76.01          0.75        0.96        1.11         -48.24         -58.83         63.40           -17.81        -14.42        12.61          
