time  x      y      z      groundspeedxy  groundspeedxz  groundspeedxyz  trackanglexy  trackanglexz  trackanglexyz  airspeedxy  airspeedxz  airspeedxyz  courseanglexy  courseanglexz  courseanglexyz  driftanglexy  driftanglexz  driftanglexyz  
0.00  -0.942 0.085  -0.500 
0.03  -0.953 0.106  -0.485 0.70           0.55           0.83            116.45        -124.86       112.04         0.63        0.45        0.77         95.66          -97.90         94.61           20.79         -26.96        17.43          
0.07  -0.963 0.123  -0.472 0.60           0.48           0.71            120.32        -128.46       115.22         0.52        0.38        0.64         95.65          -97.65         94.55           24.68         -30.82        20.67          
0.10  -0.967 0.139  -0.465 0.51           0.24           0.55            104.07        -120.53       102.99         0.51        0.25        0.55         75.80          -59.23         76.89           28.27         -61.30        26.10          
0.13  -0.974 0.150  -0.458 0.40           0.31           0.45            124.90        -136.89       120.29         0.33        0.21        0.39         85.94          -83.79         86.60           38.97         -53.10        33.70          
0.17  -0.980 0.161  -0.441 0.35           0.53           0.61            116.72        -107.46       104.94         0.33        0.51        0.60         73.73          -79.66         81.21           42.99         -27.80        23.73          
0.20  -0.985 0.178  -0.420 0.55           0.65           0.83            107.56        -104.87       101.50         0.53        0.63        0.82         80.83          -82.29         84.08           26.73         -22.58        17.42          
0.23  -0.993 0.189  -0.401 0.42           0.65           0.73            127.10        -112.76       110.14         0.33        0.60        0.68         90.06          -90.03         90.03           37.03         -22.72        20.11          
0.27  -0.994 0.190  -0.385 0.02           0.48           0.48            140.05        -92.23        92.23          0.23        0.53        0.53         3.87           -64.22         64.23           136.18        -28.02        28.00          
0.30  -0.995 0.197  -0.368 0.22           0.51           0.56            95.26         -92.30        92.11          0.32        0.56        0.60         44.14          -65.77         67.59           51.12         -26.53        24.52          
0.33  -0.998 0.204  -0.340 0.22           0.85           0.87            118.11        -97.11        96.93          0.24        0.85        0.88         53.63          -80.24         80.49           64.48         -16.88        16.44          
0.37  -0.994 0.205  -0.322 0.13           0.54           0.54            15.59         -76.89        76.92          0.37        0.65        0.65         5.25           -54.76         54.81           10.34         -22.14        22.11          
0.40  -0.993 0.210  -0.297 0.17           0.74           0.76            78.20         -87.40        87.45          0.33        0.80        0.81         29.72          -69.11         69.55           48.48         -18.28        17.90          
0.43  -0.984 0.216  -0.279 0.31           0.61           0.63            32.51         -65.02        65.94          0.53        0.75        0.77         17.94          -47.48         48.68           14.57         -17.55        17.26          
0.47  -0.980 0.224  -0.252 0.28           0.81           0.84            59.93         -80.00        80.42          0.46        0.89        0.92         31.86          -63.89         64.88           28.07         -16.11        15.54          
0.50  -0.968 0.220  -0.239 0.36           0.51           0.52            -18.91        -47.96        49.25          0.60        0.70        0.71         -11.20         -32.66         33.86           -7.71         -15.30        15.39          
0.53  -0.954 0.219  -0.226 0.43           0.59           0.59            -3.87         -43.87        43.94          0.68        0.79        0.79         -2.44          -31.20         31.26           -1.43         -12.67        12.68          
0.57  -0.934 0.222  -0.219 0.60           0.62           0.63            9.39          -18.11        20.12          0.85        0.86        0.87         6.63           -12.94         14.44           2.76          -5.17         5.69           
0.60  -0.916 0.228  -0.218 0.56           0.54           0.56            16.68         -4.50         17.22          0.80        0.79        0.80         11.56          -3.07          11.94           5.12          -1.42         5.28           
0.63  -0.898 0.225  -0.222 0.56           0.56           0.57            -6.50         10.90         12.61          0.81        0.81        0.81         -4.49          7.56           8.76            -2.01         3.34          3.84           
0.67  -0.872 0.218  -0.230 0.82           0.83           0.86            -15.57        18.81         23.75          1.06        1.07        1.09         -11.93         14.49          18.46           -3.63         4.32          5.29           
0.70  -0.856 0.220  -0.239 0.49           0.55           0.56            7.68          28.85         29.56          0.74        0.78        0.78         5.08           19.96          20.50           2.60          8.90          9.07           
0.73  -0.839 0.213  -0.261 0.55           0.82           0.85            -23.92        51.86         53.44          0.79        0.99        1.02         -16.54         40.45          42.07           -7.38         11.41         11.37          
0.77  -0.816 0.200  -0.281 0.77           0.90           0.97            -29.17        41.53         46.31          0.99        1.10        1.16         -22.14         32.83          37.34           -7.04         8.69          8.97           
0.80  -0.805 0.190  -0.308 0.46           0.88           0.94            -42.66        67.58         68.91          0.66        1.00        1.05         -27.87         54.28          56.10           -14.79        13.29         12.81          
0.83  -0.790 0.183  -0.324 0.49           0.65           0.68            -26.20        46.80         49.56          0.73        0.84        0.87         -17.47         34.25          36.87           -8.74         12.55         12.68          
0.87  -0.768 0.176  -0.341 0.71           0.86           0.88            -17.29        37.83         39.91          0.95        1.06        1.08         -12.80         29.54          31.41           -4.49         8.28          8.50           
0.90  -0.749 0.169  -0.353 0.61           0.68           0.71            -18.04        32.25         35.38          0.85        0.90        0.92         -12.80         23.75          26.35           -5.24         8.50          9.03           
0.93  -0.725 0.170  -0.360 0.72           0.75           0.75            1.75          16.29         16.38          0.97        1.00        1.00         1.30           12.26          12.32           0.45          4.04          4.06           
0.97  -0.704 0.178  -0.363 0.67           0.63           0.67            20.12         6.53          21.00          0.91        0.88        0.91         14.69          4.68           15.36           5.43          1.85          5.64           
1.00  -0.680 0.175  -0.370 0.72           0.75           0.76            -7.10         16.76         18.05          0.97        0.99        1.00         -5.28          12.59          13.59           -1.82         4.17          4.46           
1.03  -0.663 0.172  -0.362 0.50           0.55           0.56            -10.95        -25.96        27.65          0.75        0.78        0.79         -7.31          -17.89         19.15           -3.64         -8.07         8.50           
1.07  -0.648 0.171  -0.352 0.45           0.55           0.55            -3.10         -34.14        34.22          0.70        0.77        0.77         -2.00          -23.58         23.65           -1.10         -10.56        10.58          
1.10  -0.641 0.176  -0.339 0.26           0.44           0.47            36.59         -62.53        64.13          0.48        0.60        0.62         18.50          -40.93         42.91           18.09         -21.60        21.22          
1.13  -0.630 0.185  -0.319 0.42           0.68           0.72            38.12         -60.83        62.92          0.63        0.83        0.87         24.04          -45.52         48.03           14.08         -15.31        14.89          
1.17  -0.638 0.203  -0.300 0.60           0.60           0.82            112.81        -112.74       106.54         0.55        0.56        0.78         88.21          -88.22         88.74           24.60         -24.53        17.80          
1.20  -0.644 0.221  -0.293 0.57           0.29           0.61            108.09        -127.29       106.71         0.55        0.24        0.59         82.25          -72.39         82.87           25.84         -54.90        23.84          
1.23  -0.656 0.238  -0.281 0.63           0.51           0.72            126.12        -136.39       120.93         0.52        0.37        0.63         103.20         -108.65        100.90          22.92         -27.75        20.03          
1.27  -0.671 0.257  -0.273 0.73           0.52           0.77            128.23        -151.63       125.94         0.61        0.32        0.66         109.52         -129.80        108.06          18.72         -21.83        17.88          
1.30  -0.676 0.270  -0.267 0.42           0.21           0.45            108.69        -129.64       107.39         0.41        0.20        0.44         73.80          -54.57         74.95           34.88         -75.08        32.44          
1.33  -0.685 0.284  -0.258 0.50           0.39           0.57            123.65        -135.81       119.20         0.42        0.27        0.50         93.77          -95.82         93.17           29.88         -39.99        26.03          
1.37  -0.679 0.292  -0.262 0.29           0.23           0.32            48.14         29.98         51.49          0.50        0.46        0.51         26.16          14.24          28.94           21.99         15.74         22.55          
1.40  -0.678 0.308  -0.261 0.49           0.04           0.49            86.57         -44.08        86.58          0.56        0.28        0.57         60.34          -5.82          60.39           26.23         -38.26        26.19          
1.43  -0.667 0.300  -0.259 0.39           0.32           0.39            -36.13        -10.12        36.93          0.61        0.57        0.61         -22.10         -5.67          22.69           -14.03        -4.45         14.24          
1.47  -0.653 0.292  -0.262 0.49           0.42           0.49            -31.18        9.82          32.19          0.71        0.67        0.71         -20.69         6.17           21.45           -10.49        3.66          10.74          
1.50  -0.645 0.282  -0.270 0.39           0.36           0.46            -48.16        43.00         55.50          0.59        0.57        0.64         -29.68         25.45          36.59           -18.48        17.55         18.91          
1.53  -0.635 0.264  -0.271 0.63           0.30           0.63            -61.69        7.03          61.74          0.78        0.55        0.78         -45.22         3.83           45.28           -16.47        3.20          16.46          
1.57  -0.617 0.246  -0.276 0.76           0.56           0.78            -44.61        14.83         45.61          0.96        0.81        0.97         -34.04         10.27          34.97           -10.57        4.55          10.64          
1.60  -0.603 0.242  -0.284 0.42           0.48           0.49            -18.14        32.41         35.54          0.67        0.70        0.71         -11.42         21.39          23.78           -6.71         11.02         11.76          
1.63  -0.588 0.230  -0.290 0.59           0.50           0.61            -36.04        19.98         39.12          0.80        0.74        0.82         -25.46         13.38          28.02           -10.58        6.60          11.10          
1.67  -0.569 0.227  -0.297 0.57           0.60           0.60            -9.86         19.05         21.14          0.82        0.84        0.84         -6.87          13.45          14.99           -3.00         5.60          6.15           
1.70  -0.548 0.232  -0.303 0.63           0.64           0.66            14.00         17.48         21.88          0.88        0.89        0.90         10.05          12.62          15.94           3.95          4.86          5.94           
1.73  -0.531 0.238  -0.312 0.54           0.58           0.61            18.96         27.75         32.14          0.78        0.81        0.83         13.01          19.49          22.91           5.95          8.26          9.23           
1.77  -0.512 0.248  -0.321 0.65           0.64           0.71            27.62         25.02         35.04          0.88        0.87        0.92         20.06          18.05          26.07           7.56          6.98          8.96           
1.80  -0.493 0.261  -0.325 0.68           0.58           0.70            33.44         11.89         34.73          0.90        0.83        0.91         24.68          8.33           25.75           8.77          3.56          8.98           
1.83  -0.467 0.277  -0.332 0.91           0.79           0.93            32.99         15.04         35.09          1.13        1.03        1.15         26.05          11.44          27.88           6.94          3.60          7.21           
1.87  -0.455 0.291  -0.334 0.57           0.39           0.58            47.60         11.56         48.09          0.76        0.64        0.77         33.62          7.08           34.07           13.98         4.48          14.01          
1.90  -0.432 0.293  -0.327 0.67           0.70           0.70            4.44          -18.25        18.71          0.92        0.94        0.94         3.23           -13.49         13.84           1.21          -4.76         4.87           
1.93  -0.416 0.296  -0.319 0.50           0.55           0.56            9.33          -27.33        28.47          0.74        0.78        0.79         6.21           -18.89         19.75           3.12          -8.44         8.72           
1.97  -0.405 0.299  -0.304 0.35           0.56           0.57            16.91         -52.97        53.68          0.60        0.74        0.75         9.92           -37.33         38.04           6.99          -15.65        15.64          
2.00  -0.400 0.308  -0.291 0.31           0.41           0.49            62.28         -69.50        73.05          0.48        0.55        0.61         34.58          -44.09         49.93           27.70         -25.41        23.12          
2.03  -0.399 0.318  -0.286 0.29           0.15           0.33            81.59         -73.82        82.50          0.41        0.33        0.44         44.55          -26.64         47.85           37.04         -47.18        34.64          
2.07  -0.396 0.317  -0.258 0.07           0.84           0.84            -3.29         -85.26        85.26          0.32        0.90        0.90         -0.72          -69.12         69.12           -2.57         -16.14        16.14          
2.10  -0.393 0.327  -0.255 0.31           0.14           0.32            70.12         -41.90        71.02          0.46        0.37        0.47         39.25          -14.85         40.67           30.87         -27.05        30.36          
2.13  -0.396 0.330  -0.234 0.13           0.63           0.64            139.87        -98.85        98.78          0.17        0.64        0.65         28.21          -76.25         76.36           111.66        -22.60        22.42          
2.17  -0.393 0.330  -0.221 0.08           0.41           0.41            -7.65         -79.41        79.41          0.33        0.52        0.52         -1.78          -51.13         51.14           -5.86         -28.28        28.27          
2.20  -0.390 0.325  -0.217 0.17           0.16           0.21            -57.71        -55.11        64.90          0.37        0.36        0.39         -22.75         -20.81         29.51           -34.95        -34.29        35.39          
2.23  -0.390 0.311  -0.204 0.43           0.37           0.57            -87.25        -86.86        87.93          0.50        0.46        0.63         -57.61         -54.08         64.49           -29.64        -32.79        23.45          
2.27  -0.388 0.276  -0.211 1.05           0.21           1.06            -86.66        73.06         86.72          1.09        0.37        1.11         -73.42         32.73          73.70           -13.24        40.33         13.02          
2.30  -0.379 0.260  -0.198 0.53           0.45           0.65            -60.63        -55.37        66.43          0.68        0.63        0.78         -42.06         -36.33         49.34           -18.57        -19.04        17.09          
2.33  -0.366 0.239  -0.192 0.75           0.44           0.77            -57.61        -23.40        58.54          0.91        0.68        0.93         -44.24         -14.96         45.28           -13.37        -8.43         13.26          
2.37  -0.349 0.215  -0.188 0.87           0.51           0.88            -55.42        -14.45        55.83          1.04        0.76        1.04         -43.97         -9.72          44.42           -11.45        -4.73         11.42          
2.40  -0.326 0.195  -0.189 0.94           0.71           0.94            -40.80        2.93          40.85          1.14        0.96        1.14         -32.54         2.17           32.59           -8.26         0.76          8.26           
2.43  -0.307 0.187  -0.196 0.60           0.58           0.63            -23.28        18.79         28.75          0.83        0.82        0.86         -16.49         13.17          20.67           -6.80         5.62          8.08           
2.47  -0.292 0.172  -0.194 0.65           0.47           0.65            -44.33        -7.50         44.59          0.85        0.72        0.85         -32.43         -4.89          32.66           -11.91        -2.61         11.93          
2.50  -0.273 0.166  -0.205 0.59           0.65           0.68            -17.82        30.25         33.66          0.83        0.88        0.90         -12.55         22.01          24.77           -5.26         8.24          8.89           
2.53  -0.263 0.171  -0.220 0.34           0.55           0.57            28.38         56.65         58.20          0.57        0.72        0.73         16.44          39.69          41.37           11.94         16.96         16.83          
2.57  -0.245 0.178  -0.235 0.57           0.70           0.73            20.66         41.13         43.57          0.81        0.91        0.93         14.38          30.70          32.89           6.28          10.43         10.68          
2.60  -0.230 0.177  -0.251 0.46           0.66           0.66            -2.43         46.01         46.04          0.71        0.85        0.85         -1.57          33.85          33.88           -0.86         12.16         12.16          
2.63  -0.221 0.185  -0.274 0.37           0.75           0.79            42.15         68.55         69.69          0.58        0.87        0.90         25.30          53.04          54.66           16.86         15.51         15.02          
2.67  -0.222 0.203  -0.295 0.52           0.63           0.82            94.37         93.59         92.78          0.56        0.67        0.85         67.97          71.63          75.60           26.41         21.96         17.18          
2.70  -0.212 0.216  -0.312 0.50           0.58           0.70            51.11         56.87         63.10          0.69        0.75        0.84         34.72          40.57          47.77           16.39         16.29         15.33          
2.73  -0.207 0.230  -0.328 0.45           0.50           0.65            71.20         73.22         77.28          0.58        0.62        0.75         47.03          50.47          58.30           24.17         22.74         18.98          
2.77  -0.207 0.237  -0.349 0.22           0.63           0.67            90.56         90.20         90.19          0.33        0.68        0.71         41.99          68.58          69.70           48.58         21.62         20.49          
2.80  -0.205 0.242  -0.356 0.15           0.22           0.26            65.50         73.50         76.05          0.34        0.38        0.40         23.71          34.05          38.86           41.79         39.45         37.19          
2.83  -0.199 0.233  -0.362 0.31           0.26           0.37            -55.14        46.73         60.76          0.50        0.47        0.53         -30.91         23.89          36.68           -24.23        22.84         24.08          
2.87  -0.198 0.231  -0.366 0.09           0.12           0.15            -71.78        77.27         79.45          0.29        0.30        0.31         -16.37         23.17          27.44           -55.41        54.10         52.01          
2.90  -0.198 0.221  -0.359 0.30           0.22           0.37            -89.67        -89.55        89.74          0.39        0.33        0.45         -50.02         -40.92         55.85           -39.65        -48.63        33.88          
2.93  -0.195 0.210  -0.349 0.32           0.30           0.43            -75.79        -74.82        79.51          0.45        0.44        0.54         -43.35         -41.37         52.24           -32.44        -33.45        27.27          
2.97  -0.195 0.201  -0.335 0.30           0.41           0.51            -91.40        -91.01        90.82          0.38        0.48        0.56         -50.61         -59.46         64.40           -40.79        -31.54        26.42          
3.00  -0.198 0.191  -0.311 0.29           0.74           0.79            -107.61       -96.92        96.47          0.32        0.75        0.80         -60.21         -77.66         78.45           -47.40        -19.26        18.02          
3.03  -0.202 0.182  -0.298 0.30           0.42           0.50            -114.36       -107.15       104.31         0.30        0.42        0.50         -64.81         -72.22         75.16           -49.56        -34.93        29.15          
3.07  -0.197 0.161  -0.274 0.64           0.74           0.96            -75.41        -77.36        80.36          0.74        0.83        1.04         -56.44         -60.25         66.59           -18.97        -17.11        13.77          
3.10  -0.185 0.149  -0.237 0.51           1.16           1.21            -45.87        -72.33        73.16          0.70        1.26        1.31         -31.08         -61.41         62.63           -14.79        -10.91        10.53          
3.13  -0.177 0.151  -0.209 0.26           0.86           0.87            10.64         -72.48        72.51          0.51        0.97        0.97         5.47           -58.24         58.28           5.17          -14.24        14.22          
3.17  -0.168 0.160  -0.200 0.39           0.38           0.47            45.87         -43.86        54.64          0.60        0.59        0.65         28.34          -26.69         36.40           17.53         -17.17        18.24          
3.20  -0.170 0.166  -0.171 0.17           0.87           0.89            112.22        -94.33        94.26          0.24        0.89        0.90         41.21          -78.06         78.25           71.01         -16.27        16.01          
3.23  -0.160 0.174  -0.152 0.40           0.65           0.70            40.64         -62.23        64.36          0.61        0.80        0.84         25.22          -46.18         48.83           15.41         -16.04        15.53          
3.27  -0.158 0.177  -0.119 0.07           0.99           1.00            59.96         -87.88        87.89          0.29        1.03        1.04         12.48          -73.89         73.92           47.48         -13.99        13.97          
3.30  -0.154 0.187  -0.111 0.33           0.27           0.41            68.51         -63.64        72.87          0.48        0.44        0.54         39.47          -33.19         46.44           29.04         -30.45        26.43          
3.33  -0.157 0.193  -0.098 0.20           0.41           0.45            115.75        -102.26       101.21         0.24        0.43        0.47         48.21          -68.07         69.84           67.55         -34.20        31.37          
3.37  -0.153 0.211  -0.091 0.55           0.22           0.59            77.61         -57.88        78.29          0.66        0.41        0.68         55.75          -27.19         57.27           21.87         -30.69        21.02          
3.40  -0.147 0.231  -0.089 0.63           0.20           0.64            73.22         -23.61        73.36          0.74        0.44        0.75         54.46          -10.45         54.69           18.76         -13.15        18.66          
3.43  -0.150 0.252  -0.087 0.64           0.08           0.64            96.15         -148.80       96.13          0.66        0.19        0.66         74.09          -12.89         74.12           22.05         -135.91       22.01          
3.47  -0.145 0.264  -0.086 0.38           0.13           0.38            71.01         -21.05        71.16          0.52        0.38        0.52         43.74          -7.23          43.99           27.26         -13.83        27.17          
3.50  -0.146 0.280  -0.091 0.48           0.15           0.50            91.40         94.53         91.33          0.53        0.28        0.55         63.35          31.52          64.38           28.04         63.01         26.96          
3.53  -0.143 0.287  -0.092 0.23           0.09           0.24            68.20         22.59         68.47          0.40        0.34        0.40         32.70          6.10           33.06           35.49         16.49         35.41          
3.57  -0.142 0.294  -0.101 0.21           0.29           0.36            83.26         85.06         86.01          0.35        0.40        0.45         37.67          46.54          52.59           45.59         38.52         33.42          
3.60  -0.143 0.292  -0.113 0.09           0.34           0.35            -114.87       96.08         95.93          0.23        0.40        0.41         -20.03         57.79          58.45           -94.84        38.29         37.47          
3.63  -0.138 0.280  -0.128 0.38           0.49           0.60            -66.32        72.08         75.41          0.53        0.62        0.71         -40.65         49.35          55.35           -25.67        22.73         20.06          
3.67  -0.138 0.280  -0.141 0.01           0.39           0.39            -13.98        87.87         87.87          0.26        0.47        0.47         -0.77          55.57          55.57           -13.21        32.30         32.30          
3.70  -0.132 0.274  -0.162 0.27           0.65           0.68            -46.48        73.30         74.04          0.48        0.76        0.79         -24.25         54.96          56.23           -22.23        18.34         17.80          
3.73  -0.124 0.262  -0.183 0.40           0.66           0.74            -57.50        70.71         72.94          0.58        0.78        0.85         -36.09         52.99          56.55           -21.41        17.72         16.40          
3.77  -0.129 0.278  -0.206 0.50           0.71           0.85            106.55        101.56        99.56          0.49        0.70        0.85         77.16          81.08          82.64           29.39         20.48         16.93          
3.80  -0.119 0.276  -0.230 0.29           0.77           0.78            -9.47         68.26         68.30          0.54        0.90        0.90         -5.10          53.27          53.33           -4.38         14.99         14.97          
3.83  -0.118 0.281  -0.253 0.15           0.69           0.70            68.69         85.45         85.54          0.34        0.75        0.77         24.74          66.10          66.53           43.95         19.34         19.01          
3.87  -0.119 0.283  -0.273 0.08           0.62           0.62            127.38        94.71         94.69          0.21        0.65        0.65         18.37          71.99          72.09           109.01        22.72         22.60          
3.90  -0.115 0.288  -0.294 0.18           0.64           0.65            49.67         79.37         79.61          0.39        0.73        0.74         20.66          59.61          60.20           29.02         19.76         19.41          
