time  x      y      z      groundspeedxy  groundspeedxz  groundspeedxyz  trackanglexy  trackanglexz  trackanglexyz  airspeedxy  airspeedxz  airspeedxyz  courseanglexy  courseanglexz  courseanglexyz  driftanglexy  driftanglexz  driftanglexyz  
0.00  -0.000 0.000  -0.000 
0.03  -0.000 0.000  -0.000 0.00           0.00           0.00            0.00          0.00          0.00           0.25        0.25        0.25         0.00           -0.00          0.00            0.00          0.00          0.00           
0.07  -0.000 0.000  -0.000 0.00           0.00           0.00            0.00          0.00          0.00           0.25        0.25        0.25         0.00           -0.00          0.00            0.00          0.00          0.00           
0.10  -0.000 0.000  -0.000 0.00           0.00           0.00            0.00          0.00          0.00           0.25        0.25        0.25         0.00           -0.00          0.00            0.00          0.00          0.00           
0.13  -0.000 0.000  -0.000 0.00           0.00           0.00            0.00          0.00          0.00           0.25        0.25        0.25         0.00           -0.00          0.00            0.00          0.00          0.00           
0.17  -0.000 0.000  -0.000 0.00           0.00           0.00            0.00          0.00          0.00           0.25        0.25        0.25         0.00           -0.00          0.00            0.00          0.00          0.00           
0.20  -0.000 0.000  -0.000 0.00           0.00           0.00            0.00          0.00          0.00           0.25        0.25        0.25         0.00           -0.00          0.00            0.00          0.00          0.00           
0.23  -0.000 0.000  -0.000 0.00           0.00           0.00            0.00          0.00          0.00           0.25        0.25        0.25         0.00           -0.00          0.00            0.00          0.00          0.00           
0.27  -0.000 0.000  -0.000 0.00           0.00           0.00            0.00          0.00          0.00           0.25        0.25        0.25         0.00           -0.00          0.00            0.00          0.00          0.00           
0.30  -0.000 0.000  -0.000 0.00           0.00           0.00            0.00          0.00          0.00           0.25        0.25        0.25         0.00           -0.00          0.00            0.00          0.00          0.00           
0.33  -0.000 0.000  -0.000 0.00           0.00           0.00            0.00          0.00          0.00           0.25        0.25        0.25         0.00           -0.00          0.00            0.00          0.00          0.00           
0.37  -0.000 0.000  -0.000 0.00           0.00           0.00            0.00          0.00          0.00           0.25        0.25        0.25         0.00           -0.00          0.00            0.00          0.00          0.00           
0.40  -0.000 0.000  -0.000 0.00           0.00           0.00            0.00          0.00          0.00           0.25        0.25        0.25         0.00           -0.00          0.00            0.00          0.00          0.00           
0.43  -1.224 0.231  -0.377 37.37          38.43          39.05           169.32        162.89        160.15         37.13       38.19       38.81        169.25         162.78         160.02          0.07          0.11          0.13           
0.47  -1.206 0.240  -0.375 0.61           0.55           0.61            27.52         -4.65         27.81          0.84        0.79        0.84         19.64          -3.19          19.86           7.88          -1.46         7.94           
0.50  -1.196 0.243  -0.377 0.31           0.31           0.31            12.71         6.56          14.20          0.56        0.56        0.56         7.06           3.61           7.92            5.65          2.94          6.29           
0.53  -1.178 0.252  -0.378 0.62           0.55           0.62            28.51         3.56          28.66          0.85        0.80        0.85         20.42          2.44           20.54           8.09          1.12          8.12           
0.57  -1.171 0.267  -0.372 0.48           0.28           0.51            62.94         -40.02        64.85          0.63        0.50        0.66         42.34          -21.35         44.76           20.60         -18.67        20.09          
0.60  -1.149 0.270  -0.367 0.65           0.65           0.66            9.72          -11.72        15.06          0.89        0.90        0.90         7.01           -8.47          10.93           2.71          -3.25         4.13           
0.63  -1.139 0.281  -0.362 0.45           0.35           0.47            46.38         -27.71        49.56          0.64        0.58        0.66         30.06          -16.16         32.92           16.32         -11.55        16.65          
0.67  -1.117 0.276  -0.347 0.67           0.78           0.80            -13.86        -33.79        35.49          0.91        1.00        1.01         -10.10         -25.79         27.25           -3.76         -8.00         8.25           
0.70  -1.104 0.275  -0.336 0.41           0.53           0.53            -3.29         -39.11        39.18          0.66        0.74        0.74         -2.04          -26.75         26.81           -1.25         -12.36        12.37          
0.73  -1.082 0.273  -0.322 0.66           0.78           0.78            -5.90         -32.92        33.25          0.91        1.00        1.00         -4.28          -25.12         25.40           -1.62         -7.80         7.85           
0.77  -1.060 0.259  -0.318 0.77           0.65           0.78            -32.98        -9.88         33.89          0.99        0.90        0.99         -25.06         -7.15          25.83           -7.92         -2.72         8.06           
0.80  -1.036 0.236  -0.308 1.01           0.80           1.06            -43.27        -22.89        45.89          1.20        1.03        1.24         -35.09         -17.49         37.59           -8.18         -5.40         8.30           
0.83  -1.025 0.198  -0.292 1.17           0.58           1.27            -74.06        -56.61        75.31          1.26        0.75        1.35         -63.08         -40.48         65.02           -10.98        -16.13        10.30          
0.87  -1.002 0.176  -0.285 0.97           0.73           0.99            -43.60        -16.95        44.99          1.16        0.97        1.18         -35.04         -12.65         36.37           -8.55         -4.30         8.63           
0.90  -0.982 0.166  -0.270 0.65           0.74           0.79            -26.13        -37.60        42.40          0.88        0.95        0.99         -18.97         -28.36         32.62           -7.16         -9.24         9.78           
0.93  -0.962 0.162  -0.262 0.63           0.66           0.67            -13.34        -21.78        24.92          0.87        0.90        0.91         -9.56          -15.83         18.25           -3.79         -5.95         6.67           
0.97  -0.947 0.167  -0.253 0.48           0.52           0.54            19.09         -28.83        33.03          0.72        0.75        0.77         12.60          -19.57         22.78           6.49          -9.26         10.26          
1.00  -0.922 0.181  -0.254 0.86           0.75           0.86            29.32         2.35          29.38          1.08        1.00        1.08         22.82          1.76           22.87           6.50          0.59          6.51           
1.03  -0.907 0.201  -0.259 0.76           0.49           0.77            52.27         17.91         53.10          0.93        0.73        0.94         40.00          11.85          40.86           12.26         6.06          12.24          
1.07  -0.891 0.221  -0.269 0.77           0.56           0.82            52.60         33.12         55.62          0.94        0.78        0.99         40.39          22.99          43.55           12.21         10.13         12.07          
1.10  -0.868 0.229  -0.280 0.74           0.76           0.80            19.31         23.80         29.40          0.98        1.00        1.02         14.46          17.98          22.52           4.85          5.82          6.88           
1.13  -0.845 0.243  -0.299 0.81           0.91           1.00            31.73         40.84         46.74          1.03        1.11        1.19         24.37          32.35          37.91           7.36          8.49          8.84           
1.17  -0.824 0.239  -0.316 0.63           0.80           0.80            -10.90        38.60         39.39          0.88        1.00        1.01         -7.82          29.65          30.35           -3.08         8.95          9.04           
1.20  -0.815 0.239  -0.327 0.27           0.42           0.42            0.46          50.75         50.75          0.52        0.61        0.61         0.24           32.22          32.22           0.22          18.53         18.53          
1.23  -0.792 0.223  -0.350 0.86           1.00           1.11            -34.30        44.63         50.19          1.08        1.19        1.28         -26.77         36.14          41.59           -7.52         8.49          8.60           
1.27  -0.771 0.200  -0.358 0.94           0.67           0.97            -48.55        22.26         50.29          1.12        0.91        1.15         -38.93         16.28          40.66           -9.62         5.98          9.63           
1.30  -0.748 0.177  -0.373 0.95           0.80           1.04            -44.74        32.36         49.63          1.14        1.02        1.22         -35.88         24.83          40.65           -8.86         7.54          8.98           
1.33  -0.719 0.163  -0.392 0.98           1.06           1.14            -25.98        33.52         39.43          1.21        1.27        1.34         -20.79         27.30          32.65           -5.19         6.22          6.78           
1.37  -0.698 0.162  -0.403 0.64           0.71           0.71            -1.61         25.72         25.76          0.89        0.94        0.94         -1.16          19.11          19.14           -0.45         6.61          6.62           
1.40  -0.676 0.158  -0.411 0.66           0.69           0.71            -12.04        20.87         23.60          0.91        0.93        0.94         -8.75          15.38          17.49           -3.29         5.49          6.10           
1.43  -0.658 0.168  -0.424 0.62           0.67           0.74            30.61         37.29         43.96          0.84        0.88        0.93         21.92          27.38          33.26           8.69          9.91          10.70          
1.47  -0.631 0.167  -0.434 0.82           0.87           0.87            -2.98         19.81         20.00          1.07        1.11        1.11         -2.29          15.43          15.58           -0.70         4.38          4.42           
1.50  -0.616 0.164  -0.446 0.46           0.58           0.59            -11.70        39.64         40.49          0.70        0.79        0.79         -7.56          27.95          28.68           -4.14         11.68         11.82          
1.53  -0.602 0.161  -0.460 0.44           0.59           0.60            -12.03        43.82         44.51          0.68        0.79        0.79         -7.65          31.15          31.77           -4.38         12.66         12.74          
1.57  -0.584 0.170  -0.474 0.61           0.68           0.74            26.37         37.18         42.18          0.84        0.90        0.94         18.78          27.48          31.85           7.60          9.70          10.33          
1.60  -0.573 0.174  -0.486 0.36           0.50           0.51            20.41         47.00         48.62          0.60        0.69        0.70         12.08          31.67          33.14           8.33          15.33         15.48          
1.63  -0.560 0.164  -0.511 0.47           0.83           0.88            -38.04        63.52         65.10          0.69        0.97        1.02         -25.08         50.22          52.20           -12.96        13.30         12.91          
1.67  -0.542 0.172  -0.520 0.58           0.61           0.64            22.25         28.27         34.04          0.81        0.84        0.86         15.57          20.12          24.71           6.68          8.15          9.33           
1.70  -0.523 0.179  -0.517 0.62           0.58           0.63            22.10         -10.37        24.01          0.86        0.83        0.86         15.80          -7.27          17.25           6.30          -3.10         6.76           
1.73  -0.501 0.191  -0.515 0.75           0.66           0.75            27.81         -4.96         28.13          0.98        0.91        0.98         20.94          -3.60          21.20           6.87          -1.36         6.93           
1.77  -0.476 0.207  -0.510 0.90           0.78           0.91            31.75         -11.37        33.05          1.12        1.03        1.13         25.01          -8.62          26.13           6.74          -2.75         6.92           
1.80  -0.463 0.230  -0.501 0.79           0.47           0.83            60.45         -33.91        62.08          0.93        0.69        0.97         46.99          -22.22         48.92           13.46         -11.68        13.16          
1.83  -0.452 0.235  -0.491 0.35           0.45           0.48            26.54         -45.34        48.45          0.59        0.65        0.67         15.57          -29.45         32.20           10.97         -15.89        16.26          
1.87  -0.440 0.247  -0.474 0.51           0.62           0.72            45.57         -54.63        60.10          0.71        0.79        0.87         30.98          -39.67         45.67           14.59         -14.97        14.43          
1.90  -0.434 0.251  -0.448 0.22           0.79           0.80            33.74         -76.41        76.58          0.45        0.88        0.89         15.90          -60.45         60.77           17.85         -15.96        15.81          
1.93  -0.422 0.250  -0.417 0.35           0.99           0.99            -5.82         -69.39        69.41          0.60        1.10        1.11         -3.40          -57.16         57.18           -2.42         -12.23        12.22          
1.97  -0.417 0.252  -0.390 0.18           0.82           0.82            18.20         -77.72        77.75          0.43        0.90        0.91         7.69           -62.06         62.12           10.52         -15.66        15.63          
2.00  -0.405 0.248  -0.365 0.38           0.83           0.84            -16.59        -64.46        64.68          0.62        0.97        0.98         -9.97          -51.00         51.28           -6.62         -13.46        13.40          
2.03  -0.388 0.251  -0.335 0.50           1.03           1.04            9.75          -61.75        61.85          0.74        1.17        1.17         6.49           -50.91         51.03           3.27          -10.84        10.82          
2.07  -0.380 0.260  -0.311 0.37           0.77           0.81            45.47         -70.15        71.28          0.57        0.88        0.92         27.40          -54.69         56.38           18.07         -15.45        14.89          
2.10  -0.380 0.256  -0.282 0.13           0.86           0.87            -91.87        -90.27        90.27          0.28        0.89        0.90         -27.08         -74.03         74.19           -64.79        -16.24        16.08          
2.13  -0.372 0.252  -0.248 0.26           1.05           1.05            -22.33        -76.57        76.63          0.50        1.13        1.14         -11.46         -64.18         64.29           -10.87        -12.39        12.34          
2.17  -0.370 0.250  -0.219 0.08           0.89           0.90            -52.57        -86.98        86.99          0.30        0.94        0.94         -11.70         -71.60         71.64           -40.87        -15.39        15.35          
2.20  -0.362 0.235  -0.196 0.50           0.73           0.85            -62.51        -71.43        74.24          0.66        0.84        0.95         -42.78         -55.09         59.62           -19.74        -16.34        14.62          
2.23  -0.359 0.226  -0.180 0.30           0.48           0.55            -68.55        -76.57        78.47          0.46        0.59        0.65         -37.98         -52.09         56.36           -30.57        -24.47        22.10          
2.27  -0.355 0.221  -0.157 0.19           0.72           0.73            -56.71        -81.55        81.76          0.39        0.79        0.81         -24.26         -63.35         63.92           -32.45        -18.20        17.84          
2.30  -0.340 0.211  -0.147 0.55           0.55           0.62            -31.95        -30.96        40.87          0.78        0.77        0.83         -22.16         -21.40         29.48           -9.79         -9.56         11.39          
2.33  -0.330 0.203  -0.147 0.37           0.28           0.37            -40.79        1.31          40.80          0.58        0.53        0.58         -24.55         0.70           24.56           -16.24        0.62          16.24          
2.37  -0.316 0.200  -0.148 0.43           0.42           0.43            -9.43         3.46          10.03          0.68        0.67        0.68         -5.95          2.17           6.33            -3.48         1.29          3.69           
2.40  -0.304 0.206  -0.160 0.40           0.50           0.52            24.01         43.08         46.01          0.63        0.70        0.72         14.76          28.95          31.50           9.25          14.13         14.51          
2.43  -0.288 0.207  -0.166 0.50           0.53           0.54            5.73          21.77         22.38          0.75        0.77        0.77         3.81           14.86          15.30           1.92          6.91          7.08           
2.47  -0.276 0.217  -0.170 0.46           0.37           0.47            39.43         19.19         41.76          0.67        0.61        0.68         25.69          11.51          27.58           13.75         7.69          14.19          
2.50  -0.276 0.227  -0.191 0.30           0.61           0.68            88.45         89.25         89.33          0.39        0.67        0.73         48.86          67.22          69.27           39.59         22.04         20.06          
2.53  -0.269 0.226  -0.209 0.19           0.59           0.59            -9.55         71.42         71.45          0.44        0.71        0.71         -4.13          51.89          51.94           -5.43         19.53         19.51          
2.57  -0.269 0.231  -0.238 0.16           0.86           0.87            82.04         88.54         88.56          0.31        0.90        0.91         29.94          72.41          72.68           52.10         16.13         15.88          
2.60  -0.265 0.230  -0.253 0.10           0.46           0.46            -11.77        77.31         77.32          0.35        0.57        0.57         -3.42          51.85          51.88           -8.35         25.46         25.44          
2.63  -0.253 0.233  -0.255 0.36           0.36           0.37            11.76         11.75         16.40          0.61        0.61        0.61         6.94           6.93           9.76            4.82          4.82          6.64           
2.67  -0.245 0.232  -0.270 0.24           0.49           0.49            -7.45         60.59         60.66          0.49        0.65        0.65         -3.68          41.11          41.19           -3.77         19.48         19.47          
2.70  -0.243 0.236  -0.279 0.15           0.29           0.32            60.59         75.83         77.03          0.35        0.43        0.45         21.60          41.49          44.09           38.98         34.35         32.93          
2.73  -0.224 0.233  -0.275 0.59           0.60           0.60            -8.16         -10.83        13.44          0.84        0.84        0.85         -5.73          -7.63          9.51            -2.42         -3.20         3.94           
2.77  -0.208 0.234  -0.273 0.48           0.48           0.48            0.92          -8.74         8.79           0.73        0.73        0.73         0.61           -5.76          5.79            0.32          -2.98         3.00           
2.80  -0.202 0.233  -0.273 0.17           0.16           0.17            -7.75         1.15          7.83           0.42        0.41        0.42         -3.09          0.46           3.12            -4.66         0.69          4.71           
2.83  -0.192 0.242  -0.271 0.40           0.30           0.40            42.78         -10.57        43.35          0.61        0.54        0.61         26.49          -5.74          26.95           16.29         -4.83         16.40          
2.87  -0.176 0.240  -0.269 0.49           0.49           0.50            -7.29         -7.52         10.42          0.74        0.74        0.74         -4.84          -4.98          6.93            -2.46         -2.53         3.49           
2.90  -0.172 0.244  -0.262 0.18           0.25           0.28            44.08         -57.63        61.62          0.40        0.44        0.45         18.55          -28.66         32.67           25.53         -28.97        28.95          
2.93  -0.160 0.245  -0.258 0.36           0.38           0.39            6.04          -19.89        20.65          0.61        0.62        0.63         3.57           -12.06         12.55           2.46          -7.83         8.10           
2.97  -0.161 0.256  -0.250 0.31           0.23           0.39            95.09         -96.84        94.09          0.38        0.32        0.45         54.47          -46.11         60.17           40.62         -50.74        33.92          
3.00  -0.151 0.249  -0.240 0.35           0.42           0.46            -32.95        -46.45        51.01          0.57        0.62        0.65         -19.25         -29.54         33.64           -13.70        -16.91        17.37          
3.03  -0.131 0.252  -0.239 0.60           0.59           0.60            8.05          -2.25         8.35           0.85        0.84        0.85         5.69           -1.58          5.90            2.37          -0.66         2.45           
3.07  -0.126 0.251  -0.239 0.17           0.16           0.17            -7.08         0.59          7.10           0.42        0.41        0.42         -2.82          0.24           2.83            -4.26         0.36          4.27           
3.10  -0.121 0.253  -0.242 0.15           0.16           0.17            22.56         28.66         34.47          0.40        0.40        0.40         8.54           11.17          13.94           14.02         17.48         20.54          
3.13  -0.117 0.258  -0.246 0.18           0.16           0.22            52.97         48.37         60.10          0.39        0.38        0.40         21.81          18.76          27.69           31.16         29.61         32.40          
3.17  -0.118 0.261  -0.252 0.08           0.20           0.21            105.98        96.68         96.19          0.24        0.30        0.31         19.24          40.47          42.67           86.74         56.21         53.52          
