time  x      y      z      groundspeedxy  groundspeedxz  groundspeedxyz  trackanglexy  trackanglexz  trackanglexyz  airspeedxy  airspeedxz  airspeedxyz  courseanglexy  courseanglexz  courseanglexyz  driftanglexy  driftanglexz  driftanglexyz  
0.00  -0.528 -0.021 0.106  
0.03  -0.534 -0.021 0.112  0.18           0.25           0.25            -176.13       -137.29       137.22         0.07        0.18        0.18         -10.06         -67.57         67.62           -166.07       -69.73        69.60          
0.07  -0.540 -0.020 0.121  0.20           0.33           0.34            166.77        -125.39       125.02         0.07        0.28        0.28         38.46          -78.13         78.28           128.30        -47.26        46.73          
0.10  -0.550 -0.021 0.132  0.28           0.44           0.44            -170.05       -128.75       128.47         0.05        0.34        0.34         -115.53        -93.84         93.81           -54.53        -34.90        34.67          
0.13  -0.559 -0.017 0.142  0.33           0.41           0.44            153.88        -135.99       132.71         0.15        0.29        0.33         107.88         -99.30         98.31           45.99         -36.69        34.40          
0.17  -0.567 -0.010 0.150  0.29           0.33           0.38            138.60        -130.53       124.32         0.19        0.25        0.32         79.86          -82.32         83.85           58.74         -48.21        40.47          
0.20  -0.574 0.001  0.152  0.40           0.23           0.40            124.39        -165.01       123.95         0.33        0.07        0.33         85.52          -66.84         85.59           38.88         -98.17        38.36          
0.23  -0.582 0.014  0.157  0.46           0.29           0.49            121.22        -146.18       119.32         0.39        0.16        0.42         88.26          -85.73         88.39           32.96         -60.45        30.93          
0.27  -0.587 0.026  0.165  0.39           0.28           0.46            112.83        -122.16       109.28         0.37        0.26        0.44         74.66          -67.72         77.16           38.16         -54.44        32.12          
0.30  -0.591 0.035  0.166  0.32           0.13           0.32            113.77        -164.81       113.62         0.31        0.13        0.32         67.11          -15.81         67.26           46.66         -149.00       46.37          
0.33  -0.599 0.052  0.164  0.55           0.24           0.56            114.93        164.85        114.75         0.50        0.07        0.51         88.03          74.74          88.05           26.89         90.11         26.71          
0.37  -0.608 0.064  0.153  0.45           0.44           0.57            128.34        129.31        119.63         0.35        0.34        0.49         94.76          94.92          93.42           33.58         34.39         26.21          
0.40  -0.614 0.085  0.153  0.67           0.17           0.67            104.41        -177.90       104.41         0.65        0.08        0.65         82.63          -4.16          82.63           21.79         -173.74       21.78          
0.43  -0.616 0.082  0.149  0.12           0.15           0.18            -119.02       113.26        108.77         0.22        0.24        0.26         -29.18         35.78          42.36           -89.84        77.48         66.41          
0.47  -0.622 0.094  0.132  0.40           0.53           0.64            116.51        109.87        106.31         0.37        0.50        0.62         78.95          81.95          83.47           37.55         27.92         22.84          
0.50  -0.627 0.101  0.117  0.27           0.47           0.52            126.67        109.80        107.96         0.23        0.45        0.50         67.20          78.51          79.63           59.47         31.28         28.32          
0.53  -0.632 0.104  0.097  0.16           0.62           0.63            145.97        102.60        102.47         0.15        0.62        0.62         38.45          79.24          79.35           107.52        23.37         23.11          
0.57  -0.628 0.104  0.078  0.13           0.58           0.58            1.15          77.60         77.60          0.38        0.68        0.68         0.38           56.64          56.64           0.77          20.96         20.96          
0.60  -0.631 0.099  0.055  0.18           0.70           0.71            -126.41       98.88         98.69          0.20        0.71        0.72         -45.86         78.39          78.64           -80.55        20.49         20.05          
0.63  -0.633 0.103  0.031  0.14           0.73           0.74            111.46        93.88         93.82          0.24        0.76        0.77         32.18          74.69          74.90           79.28         19.19         18.92          
0.67  -0.640 0.113  0.001  0.37           0.91           0.96            127.39        104.11        103.43         0.29        0.89        0.93         84.61          88.22          88.31           42.77         15.88         15.12          
0.70  -0.652 0.118  -0.022 0.39           0.79           0.81            160.35        117.60        117.20         0.18        0.71        0.73         131.93         99.52          99.36           28.42         18.08         17.84          
0.73  -0.659 0.125  -0.059 0.31           1.13           1.15            132.50        100.75        100.53         0.23        1.11        1.13         80.11          87.93          87.97           52.40         12.82         12.56          
0.77  -0.669 0.131  -0.087 0.33           0.87           0.89            148.91        109.12        108.74         0.18        0.82        0.84         101.65         92.47          92.42           47.26         16.65         16.32          
0.80  -0.681 0.139  -0.116 0.44           0.96           0.99            145.87        112.27        111.53         0.27        0.89        0.93         114.68         97.27          97.01           31.19         15.00         14.53          
0.83  -0.688 0.148  -0.147 0.33           0.93           0.97            126.62        102.29        101.81         0.27        0.91        0.95         78.98          86.73          86.86           47.64         15.56         14.95          
0.87  -0.705 0.147  -0.173 0.51           0.94           0.94            -177.31       122.44        122.43         0.26        0.83        0.83         -174.68        107.79         107.78          -2.63         14.65         14.65          
0.90  -0.717 0.160  -0.189 0.53           0.60           0.71            135.81        129.33        122.65         0.39        0.48        0.61         109.55         105.79         102.47          26.26         23.54         20.18          
0.93  -0.726 0.163  -0.215 0.28           0.82           0.83            159.22        108.24        108.11         0.10        0.78        0.79         94.50          90.56          90.56           64.72         17.67         17.55          
0.97  -0.734 0.164  -0.240 0.23           0.78           0.78            170.10        107.06        107.04         0.04        0.75        0.75         63.39          88.46          88.46           106.71        18.60         18.57          
1.00  -0.743 0.174  -0.252 0.42           0.49           0.57            135.65        127.71        121.66         0.29        0.39        0.48         99.16          96.95          95.55           36.49         30.76         26.11          
1.03  -0.748 0.182  -0.271 0.28           0.56           0.62            117.26        103.28        102.11         0.28        0.56        0.61         64.26          77.55          78.65           53.00         25.74         23.47          
1.07  -0.742 0.179  -0.283 0.19           0.40           0.41            -31.34        65.69         66.46          0.43        0.55        0.56         -13.55         41.22          42.26           -17.79        24.47         24.20          
1.10  -0.738 0.192  -0.293 0.40           0.33           0.50            70.42         65.89         74.44          0.54        0.49        0.62         44.63          38.11          51.58           25.79         27.78         22.86          
1.13  -0.725 0.191  -0.303 0.38           0.49           0.49            -3.27         39.87         39.94          0.62        0.70        0.70         -1.96          26.60          26.66           -1.31         13.27         13.28          
1.17  -0.717 0.189  -0.296 0.24           0.32           0.33            -10.05        -42.26        42.80          0.49        0.54        0.54         -4.96          -23.98         24.38           -5.09         -18.28        18.41          
1.20  -0.703 0.177  -0.281 0.56           0.61           0.71            -42.02        -47.01        54.48          0.76        0.80        0.88         -29.35         -33.80         41.17           -12.67        -13.21        13.31          
1.23  -0.694 0.167  -0.272 0.42           0.41           0.50            -44.94        -43.93        54.21          0.62        0.61        0.68         -28.36         -27.52         36.88           -16.59        -16.41        17.34          
1.27  -0.680 0.157  -0.251 0.52           0.74           0.81            -37.92        -56.81        59.76          0.73        0.90        0.96         -25.75         -43.42         46.73           -12.17        -13.38        13.04          
1.30  -0.670 0.151  -0.231 0.35           0.67           0.69            -30.07        -63.03        63.98          0.58        0.81        0.83         -17.58         -47.08         48.27           -12.49        -15.95        15.71          
1.33  -0.647 0.142  -0.210 0.74           0.93           0.97            -20.39        -42.05        44.29          0.98        1.13        1.16         -15.28         -33.55         35.65           -5.11         -8.50         8.65           
1.37  -0.629 0.141  -0.189 0.54           0.84           0.84            -4.86         -49.81        49.88          0.79        1.02        1.02         -3.32          -38.98         39.05           -1.53         -10.83        10.83          
1.40  -0.613 0.138  -0.177 0.47           0.59           0.60            -11.19        -38.80        39.63          0.72        0.80        0.81         -7.32          -27.57         28.26           -3.87         -11.23        11.36          
1.43  -0.595 0.145  -0.162 0.60           0.71           0.74            20.38         -37.33        40.30          0.84        0.92        0.95         14.45          -27.89         30.48           5.92          -9.44         9.82           
1.47  -0.580 0.146  -0.144 0.43           0.69           0.69            7.37          -52.01        52.15          0.68        0.87        0.87         4.66           -38.89         39.03           2.71          -13.12        13.12          
1.50  -0.573 0.147  -0.131 0.22           0.44           0.44            7.25          -60.67        60.73          0.46        0.60        0.60         3.36           -39.34         39.41           3.90          -21.32        21.31          
1.53  -0.568 0.140  -0.110 0.26           0.65           0.68            -54.25        -76.41        77.10          0.45        0.75        0.78         -27.77         -57.48         58.85           -26.49        -18.94        18.25          
1.57  -0.559 0.141  -0.089 0.28           0.69           0.69            4.05          -66.12        66.13          0.53        0.82        0.82         2.14           -49.94         49.96           1.92          -16.17        16.17          
1.60  -0.553 0.148  -0.071 0.29           0.58           0.63            51.25         -71.98        73.22          0.49        0.70        0.74         27.59          -52.21         54.29           23.66         -19.77        18.93          
1.63  -0.545 0.154  -0.051 0.30           0.64           0.66            33.98         -67.23        68.01          0.52        0.77        0.79         18.48          -49.77         50.85           15.49         -17.47        17.16          
1.67  -0.541 0.173  -0.037 0.58           0.45           0.72            78.16         -74.44        80.49          0.68        0.57        0.80         57.06          -49.28         62.63           21.10         -25.15        17.86          
1.70  -0.537 0.194  -0.029 0.65           0.28           0.69            79.69         -65.28        80.40          0.73        0.44        0.77         60.07          -34.48         61.84           19.61         -30.80        18.56          
1.73  -0.537 0.219  -0.026 0.74           0.09           0.74            89.25         -83.77        89.26          0.78        0.27        0.79         70.61          -18.82         70.74           18.64         -64.95        18.52          
1.77  -0.536 0.232  -0.029 0.39           0.09           0.40            87.40         78.71         87.46          0.47        0.28        0.48         55.28          18.19          55.95           32.12         60.52         31.51          
1.80  -0.534 0.253  -0.034 0.64           0.18           0.66            85.11         71.87         85.27          0.71        0.35        0.73         64.52          28.75          65.25           20.59         43.13         20.02          
1.83  -0.534 0.268  -0.046 0.46           0.34           0.58            89.46         89.27         89.57          0.53        0.43        0.63         61.23          53.37          66.17           28.23         35.90         23.40          
1.87  -0.539 0.288  -0.064 0.61           0.56           0.81            103.34        104.51        99.92          0.60        0.55        0.81         79.44          78.50          82.18           23.89         26.01         17.74          
1.90  -0.539 0.294  -0.087 0.19           0.70           0.72            90.15         90.04         90.04          0.31        0.74        0.76         37.14          70.29          70.93           53.00         19.75         19.11          
1.93  -0.538 0.302  -0.099 0.23           0.36           0.42            86.04         87.48         87.88          0.35        0.44        0.50         40.34          53.21          57.74           45.70         34.28         30.14          
1.97  -0.534 0.301  -0.114 0.13           0.47           0.48            -15.86        74.66         74.71          0.38        0.59        0.59         -5.43          50.64          50.72           -10.43        24.03         23.99          
2.00  -0.524 0.281  -0.133 0.66           0.65           0.88            -62.59        62.46         69.81          0.80        0.80        0.99         -46.54         46.39          56.11           -16.04        16.07         13.70          
2.03  -0.519 0.263  -0.170 0.57           1.11           1.24            -76.49        83.15         83.86          0.67        1.17        1.29         -55.27         70.88          72.77           -21.22        12.27         11.09          
2.07  -0.512 0.259  -0.200 0.25           0.92           0.93            -27.78        76.30         76.40          0.48        1.01        1.02         -13.80         62.39          62.58           -13.98        13.91         13.83          
2.10  -0.501 0.248  -0.224 0.48           0.79           0.86            -44.19        64.14         66.32          0.68        0.93        0.99         -29.44         50.14          52.94           -14.75        14.00         13.39          
2.13  -0.477 0.241  -0.255 0.73           1.18           1.20            -15.46        53.64         54.19          0.97        1.34        1.36         -11.52         45.02          45.60           -3.94         8.62          8.59           
2.17  -0.464 0.241  -0.278 0.41           0.79           0.79            -1.30         58.86         58.86          0.66        0.95        0.95         -0.81          45.82          45.82           -0.49         13.04         13.04          
2.20  -0.447 0.243  -0.298 0.50           0.78           0.78            5.27          50.88         50.95          0.75        0.96        0.96         3.50           39.23          39.31           1.76          11.65         11.65          
2.23  -0.434 0.249  -0.315 0.43           0.63           0.66            28.19         52.75         54.85          0.66        0.80        0.83         17.92          38.43          40.59           10.27         14.32         14.25          
2.27  -0.423 0.259  -0.320 0.45           0.37           0.47            40.39         23.40         43.67          0.66        0.61        0.67         26.15          14.02          28.84           14.25         9.38          14.82          
2.30  -0.417 0.272  -0.330 0.42           0.37           0.53            64.02         59.46         69.41          0.58        0.54        0.66         41.18          35.85          48.61           22.84         23.61         20.80          
2.33  -0.418 0.290  -0.335 0.55           0.13           0.57            92.72         101.48        92.65          0.59        0.26        0.61         67.89          29.96          68.41           24.84         71.52         24.24          
2.37  -0.417 0.308  -0.342 0.54           0.22           0.59            88.79         87.03         88.88          0.60        0.34        0.64         64.36          40.29          66.03           24.43         46.74         22.85          
2.40  -0.418 0.315  -0.336 0.22           0.20           0.29            98.00         -98.91        95.98          0.31        0.29        0.36         44.35          -41.24         52.71           53.65         -57.67        43.27          
2.43  -0.419 0.318  -0.332 0.07           0.12           0.14            94.43         -92.80        92.37          0.25        0.27        0.28         16.50          -25.18         29.06           77.93         -67.61        63.31          
2.47  -0.421 0.327  -0.334 0.29           0.10           0.30            104.63        135.52        104.19         0.33        0.19        0.34         58.00          22.31          58.82           46.63         113.21        45.38          
2.50  -0.428 0.335  -0.329 0.32           0.26           0.35            132.31        -145.37       127.62         0.24        0.15        0.28         80.92          -75.74         82.30           51.39         -69.63        45.32          
2.53  -0.424 0.339  -0.327 0.17           0.13           0.18            49.04         -29.35        52.05          0.38        0.37        0.39         19.47          -9.79          21.47           29.58         -19.56        30.58          
2.57  -0.430 0.340  -0.329 0.18           0.19           0.19            173.86        165.93        164.75         0.07        0.08        0.08         15.87          33.53          35.79           157.99        132.41        128.96         
2.60  -0.438 0.350  -0.316 0.38           0.46           0.55            126.40        -119.94       114.41         0.31        0.40        0.50         85.78          -86.71         87.40           40.62         -33.23        27.01          
2.63  -0.438 0.323  -0.299 0.81           0.49           0.94            -89.28        -88.80        89.38          0.85        0.55        0.98         -72.16         -61.82         74.58           -17.12        -26.98        14.80          
2.67  -0.435 0.308  -0.276 0.48           0.71           0.85            -79.71        -83.06        84.23          0.58        0.78        0.91         -54.62         -64.52         68.41           -25.10        -18.54        15.82          
2.70  -0.436 0.297  -0.252 0.33           0.71           0.78            -94.45        -92.04        91.85          0.39        0.75        0.81         -55.30         -72.45         73.95           -39.15        -19.58        17.90          
2.73  -0.435 0.286  -0.224 0.32           0.83           0.89            -87.74        -89.13        89.19          0.42        0.88        0.93         -50.81         -72.53         73.64           -36.94        -16.60        15.55          
2.77  -0.428 0.279  -0.205 0.31           0.62           0.66            -44.25        -69.32        70.49          0.52        0.75        0.78         -24.49         -51.08         52.85           -19.76        -18.23        17.64          
2.80  -0.424 0.265  -0.173 0.42           0.97           1.05            -74.05        -83.11        83.65          0.55        1.03        1.11         -47.97         -69.13         70.66           -26.08        -13.97        12.99          
2.83  -0.420 0.265  -0.141 0.11           0.97           0.97            0.63          -83.52        83.52          0.36        1.03        1.03         0.19           -69.51         69.51           0.44          -14.00        14.00          
2.87  -0.414 0.265  -0.117 0.18           0.73           0.73            -1.74         -75.38        75.38          0.43        0.83        0.83         -0.74          -58.37         58.37           -1.00         -17.01        17.01          
2.90  -0.408 0.265  -0.099 0.19           0.59           0.59            -1.31         -71.54        71.54          0.44        0.71        0.71         -0.56          -52.04         52.04           -0.75         -19.50        19.50          
2.93  -0.404 0.276  -0.072 0.36           0.82           0.89            71.22         -81.98        82.58          0.50        0.89        0.96         42.84          -65.92         67.56           28.38         -16.06        15.02          
2.97  -0.391 0.279  -0.051 0.42           0.74           0.75            12.61         -56.75        57.03          0.66        0.90        0.91         7.89           -43.39         43.69           4.72          -13.37        13.34          
3.00  -0.384 0.290  -0.033 0.38           0.56           0.65            60.01         -69.96        72.86          0.55        0.69        0.77         37.00          -50.02         54.67           23.01         -19.94        18.20          
3.03  -0.383 0.302  -0.024 0.36           0.27           0.44            83.15         -80.80        84.49          0.46        0.39        0.53         50.50          -41.96         56.48           32.65         -38.84        28.00          
3.07  -0.367 0.307  -0.024 0.51           0.49           0.51            17.39         -1.39         17.44          0.76        0.74        0.76         11.72          -0.92          11.75           5.67          -0.47         5.69           
3.10  -0.363 0.312  -0.036 0.18           0.37           0.40            51.01         71.60         72.90          0.39        0.51        0.53         21.42          43.67          45.90           29.59         27.93         27.00          
3.13  -0.355 0.316  -0.042 0.24           0.30           0.31            24.43         41.90         45.16          0.48        0.51        0.52         12.03          22.84          25.27           12.39         19.06         19.89          
3.17  -0.355 0.329  -0.052 0.41           0.29           0.50            90.95         91.34         90.78          0.48        0.38        0.56         59.20          50.08          64.11           31.75         41.25         26.67          
3.20  -0.344 0.308  -0.068 0.72           0.61           0.87            -60.43        54.33         66.01          0.87        0.78        1.00         -45.90         39.20          52.75           -14.54        15.13         13.25          
3.23  -0.348 0.297  -0.081 0.37           0.41           0.53            -108.57       106.64        102.59         0.37        0.41        0.54         -68.88         71.04          75.60           -39.69        35.61         26.99          
3.27  -0.341 0.281  -0.092 0.53           0.38           0.62            -68.74        59.57         72.03          0.66        0.55        0.73         -48.03         36.36          53.13           -20.71        23.21         18.90          
3.30  -0.331 0.255  -0.136 0.82           1.35           1.55            -67.25        76.49         78.23          0.94        1.43        1.62         -53.10         66.73          69.54           -14.15        9.76          8.69           
3.33  -0.318 0.236  -0.163 0.69           0.89           1.06            -57.34        65.29         69.50          0.85        1.02        1.17         -43.01         52.41          57.98           -14.34        12.88         11.52          
3.37  -0.317 0.221  -0.185 0.46           0.67           0.81            -86.63        87.68         88.09          0.54        0.72        0.86         -58.92         67.42          71.11           -27.72        20.25         16.98          
3.40  -0.308 0.204  -0.217 0.56           0.98           1.10            -61.44        74.11         75.84          0.72        1.08        1.19         -43.61         61.23          64.06           -17.83        12.88         11.78          
3.43  -0.295 0.192  -0.237 0.56           0.73           0.82            -42.47        55.89         60.08          0.76        0.89        0.97         -29.61         42.52          47.17           -12.86        13.38         12.91          
3.47  -0.286 0.185  -0.277 0.33           1.24           1.25            -38.88        77.94         78.11          0.55        1.31        1.33         -22.28         67.19          67.49           -16.61        10.75         10.62          
3.50  -0.269 0.177  -0.304 0.57           0.95           0.98            -25.74        56.95         58.17          0.81        1.11        1.13         -18.01         46.02          47.36           -7.73         10.93         10.80          
3.53  -0.266 0.173  -0.328 0.13           0.75           0.75            -52.53        83.86         83.92          0.35        0.81        0.82         -17.54         66.06          66.27           -34.99        17.80         17.65          
3.57  -0.263 0.174  -0.354 0.10           0.77           0.77            24.79         83.32         83.33          0.34        0.83        0.83         6.92           65.98          66.01           17.87         17.34         17.32          
3.60  -0.248 0.162  -0.365 0.60           0.56           0.68            -39.61        34.95         47.29          0.80        0.78        0.87         -28.18         24.34          35.04           -11.43        10.60         12.25          
3.63  -0.243 0.159  -0.364 0.17           0.14           0.17            -34.87        -3.37         34.96          0.40        0.39        0.40         -14.02         -1.21          14.07           -20.84        -2.16         20.89          
3.67  -0.242 0.151  -0.362 0.23           0.08           0.24            -78.45        -52.64        78.83          0.38        0.30        0.38         -37.67         -11.68         38.63           -40.78        -40.97        40.20          
3.70  -0.245 0.139  -0.355 0.36           0.24           0.42            -107.75       -117.76       105.30         0.37        0.25        0.43         -67.97         -56.36         70.93           -39.79        -61.40        34.37          
3.73  -0.239 0.121  -0.333 0.57           0.69           0.87            -71.20        -74.55        77.89          0.69        0.79        0.96         -51.18         -56.85         63.11           -20.02        -17.70        14.78          
3.77  -0.234 0.106  -0.315 0.48           0.56           0.72            -72.26        -74.80        78.30          0.61        0.67        0.81         -49.18         -53.73         60.78           -23.08        -21.07        17.52          
3.80  -0.239 0.098  -0.290 0.29           0.78           0.82            -119.91       -100.73       100.20         0.27        0.77        0.81         -67.20         -82.12         82.51           -52.70        -18.61        17.70          
3.83  -0.245 0.092  -0.260 0.23           0.90           0.92            -132.42       -100.14       99.95          0.20        0.89        0.91         -62.17         -84.10         84.21           -70.24        -16.04        15.74          
3.87  -0.257 0.090  -0.237 0.37           0.78           0.78            -170.62       -117.74       117.65         0.13        0.70        0.70         -152.04        -99.29         99.26           -18.58        -18.44        18.39          
3.90  -0.267 0.100  -0.212 0.44           0.81           0.87            135.97        -112.92       111.38         0.31        0.75        0.81         102.16         -95.03         94.66           33.81         -17.89        16.72          
3.93  -0.269 0.113  -0.197 0.39           0.45           0.59            97.39         -96.42        94.86          0.44        0.49        0.62         62.69          -65.89         71.32           34.70         -30.52        23.54          
3.97  -0.269 0.099  -0.193 0.42           0.14           0.44            -92.07        -96.31        91.96          0.48        0.27        0.50         -60.69         -30.15         61.90           -31.38        -66.16        30.06          
4.00  -0.274 0.105  -0.169 0.21           0.71           0.73            126.96        -100.30       100.02         0.21        0.71        0.73         54.20          -80.12         80.39           72.76         -20.18        19.63          
4.03  -0.272 0.117  -0.162 0.36           0.23           0.42            80.57         -74.95        81.96          0.47        0.38        0.52         49.13          -35.53         53.64           31.44         -39.42        28.31          
4.07  -0.283 0.114  -0.138 0.35           0.80           0.80            -168.35       -115.44       115.34         0.12        0.73        0.73         -143.05        -97.43         97.40           -25.29        -18.01        17.94          
4.10  -0.301 0.124  -0.138 0.62           0.55           0.62            152.75        178.51        152.72         0.41        0.30        0.41         136.50         177.26         136.46          16.25         1.25          16.25          
4.13  -0.311 0.140  -0.114 0.56           0.78           0.91            121.36        -112.13       108.69         0.48        0.72        0.87         95.03          -93.36         92.80           26.33         -18.76        15.89          
4.17  -0.328 0.150  -0.102 0.61           0.65           0.72            148.30        -143.28       135.92         0.42        0.47        0.57         129.95         -124.75        118.12          18.34         -18.53        17.80          
4.20  -0.349 0.164  -0.091 0.73           0.68           0.79            146.60        -153.45       140.40         0.54        0.47        0.62         131.78         -139.70        125.46          14.82         -13.75        14.95          
4.23  -0.369 0.187  -0.085 0.91           0.63           0.93            131.17        -161.45       130.00         0.77        0.40        0.80         117.05         -150.12        116.10          14.12         -11.33        13.89          
4.27  -0.380 0.198  -0.079 0.47           0.37           0.50            134.21        -153.96       131.30         0.35        0.18        0.38         103.17         -116.21        101.93          31.04         -37.75        29.37          
4.30  -0.395 0.217  -0.074 0.73           0.48           0.74            129.02        -162.30       128.12         0.60        0.25        0.62         110.20         -144.91        109.61          18.82         -17.40        18.51          
4.33  -0.408 0.240  -0.072 0.80           0.41           0.81            120.33        -171.35       120.23         0.71        0.17        0.71         102.65         -158.37        102.60          17.68         -12.98        17.63          
4.37  -0.420 0.255  -0.080 0.57           0.40           0.61            125.69        147.38        123.13         0.47        0.23        0.52         100.30         111.57         99.38           25.39         35.81         23.75          
4.40  -0.436 0.276  -0.089 0.79           0.58           0.84            129.40        150.56        126.69         0.66        0.38        0.72         112.43         131.68         110.53          16.97         18.88         16.16          
4.43  -0.449 0.277  -0.096 0.38           0.44           0.44            172.69        149.60        149.01         0.14        0.26        0.26         159.54         120.38         119.80          13.15         29.22         29.21          
4.47  -0.457 0.285  -0.108 0.33           0.43           0.49            137.85        124.72        120.41         0.22        0.36        0.42         89.19          89.49          89.57           48.66         35.22         30.84          
4.50  -0.464 0.297  -0.119 0.42           0.40           0.54            120.46        122.51        113.37         0.36        0.34        0.50         84.26          83.78          85.78           36.20         38.73         27.60          
4.53  -0.468 0.295  -0.139 0.13           0.61           0.61            -151.25       100.65        100.60         0.15        0.61        0.61         -24.02         76.96          77.03           -127.23       23.69         23.56          
4.57  -0.470 0.297  -0.156 0.09           0.49           0.49            133.10        96.84         96.79          0.20        0.52        0.53         18.00          68.46          68.62           115.11        28.39         28.17          
4.60  -0.466 0.294  -0.174 0.15           0.57           0.58            -38.08        77.95         78.11          0.38        0.67        0.67         -14.16         56.45          56.81           -23.92        21.50         21.29          
4.63  -0.461 0.297  -0.186 0.19           0.38           0.39            33.66         65.68         66.60          0.42        0.53        0.54         14.33          40.33          41.56           19.33         25.35         25.04          
4.67  -0.449 0.303  -0.190 0.38           0.38           0.41            23.94         22.26         31.13          0.62        0.62        0.64         14.54          13.44          19.43           9.40          8.81          11.70          
4.70  -0.443 0.309  -0.194 0.26           0.21           0.28            46.60         34.39         51.55          0.46        0.44        0.48         23.59          15.78          27.48           23.01         18.61         24.07          
4.73  -0.437 0.315  -0.187 0.26           0.28           0.34            44.36         -48.87        56.41          0.47        0.49        0.52         22.68          -26.08         32.77           21.67         -22.79        23.65          
4.77  -0.417 0.322  -0.179 0.64           0.65           0.68            19.38         -21.07        27.55          0.88        0.89        0.91         13.98          -15.25         20.26           5.40          -5.82         7.28           
4.80  -0.416 0.338  -0.170 0.49           0.27           0.56            87.43         -85.35        87.75          0.56        0.38        0.62         60.82          -44.65         63.94           26.61         -40.70        23.81          
4.83  -0.406 0.342  -0.156 0.33           0.54           0.56            21.24         -55.15        56.09          0.57        0.72        0.73         12.14          -38.49         39.48           9.09          -16.66        16.62          
4.87  -0.399 0.344  -0.141 0.20           0.47           0.47            15.72         -65.61        65.79          0.45        0.62        0.62         7.01           -43.95         44.18           8.71          -21.66        21.60          
4.90  -0.396 0.354  -0.136 0.31           0.20           0.36            69.98         -57.75        72.49          0.46        0.39        0.49         39.41          -25.38         43.50           30.57         -32.37        28.99          
4.93  -0.393 0.360  -0.109 0.21           0.81           0.83            64.71         -83.51        83.68          0.39        0.87        0.89         29.55          -66.98         67.55           35.16         -16.53        16.13          
4.97  -0.388 0.367  -0.095 0.25           0.44           0.49            54.85         -70.84        72.69          0.44        0.57        0.61         27.47          -46.50         49.60           27.37         -24.34        23.09          
5.00  -0.387 0.370  -0.083 0.09           0.37           0.38            76.64         -86.87        86.95          0.28        0.46        0.47         17.49          -53.83         54.54           59.15         -33.04        32.41          
5.03  -0.381 0.370  -0.069 0.20           0.47           0.47            -2.61         -65.10        65.10          0.45        0.62        0.62         -1.15          -43.63         43.63           -1.45         -21.47        21.47          
5.07  -0.376 0.369  -0.058 0.13           0.34           0.34            -1.46         -68.09        68.10          0.38        0.49        0.49         -0.50          -40.12         40.12           -0.97         -27.98        27.98          
5.10  -0.376 0.376  -0.055 0.21           0.10           0.23            86.21         -81.97        86.57          0.34        0.28        0.35         38.48          -20.46         41.28           47.73         -61.51        45.29          
5.13  -0.360 0.354  -0.057 0.83           0.48           0.83            -54.82        7.26          54.93          0.99        0.73        1.00         -42.96         4.78           43.08           -11.86        2.48          11.85          
5.17  -0.354 0.341  -0.059 0.42           0.20           0.43            -63.84        22.10         64.28          0.58        0.44        0.58         -41.03         9.85           41.58           -22.81        12.25         22.70          
5.20  -0.346 0.324  -0.074 0.58           0.50           0.73            -65.60        61.30         70.75          0.72        0.66        0.84         -47.18         41.80          54.49           -18.42        19.50         16.26          
5.23  -0.336 0.305  -0.094 0.63           0.66           0.86            -63.38        64.65         71.00          0.77        0.80        0.97         -46.56         48.17          56.96           -16.82        16.48         14.05          
5.27  -0.327 0.286  -0.114 0.62           0.67           0.87            -63.62        65.69         71.53          0.77        0.81        0.98         -46.61         49.27          57.52           -17.02        16.43         14.02          
5.30  -0.320 0.268  -0.134 0.59           0.64           0.85            -69.32        71.02         75.73          0.72        0.76        0.94         -50.39         52.98          60.86           -18.93        18.04         14.87          
5.33  -0.316 0.269  -0.177 0.13           1.29           1.29            16.57         84.48         84.48          0.38        1.34        1.34         5.65           73.78          73.79           10.92         10.69         10.69          
5.37  -0.290 0.258  -0.203 0.85           1.10           1.16            -23.83        45.25         47.76          1.08        1.29        1.34         -18.48         37.36          39.81           -5.35         7.89          7.95           
5.40  -0.291 0.265  -0.226 0.21           0.67           0.70            98.16         92.58         92.46          0.30        0.70        0.73         43.63          71.76          72.55           54.53         20.82         19.91          
5.43  -0.275 0.264  -0.245 0.50           0.78           0.78            -0.70         49.87         49.87          0.75        0.96        0.96         -0.47          38.34          38.34           -0.23         11.52         11.52          
5.47  -0.255 0.271  -0.250 0.63           0.61           0.64            19.64         13.42         23.24          0.87        0.85        0.88         14.07          9.51           16.78           5.57          3.91          6.46           
5.50  -0.243 0.275  -0.255 0.37           0.39           0.40            16.07         24.82         28.59          0.61        0.63        0.63         9.59           15.18          17.73           6.48          9.64          10.86          
5.53  -0.230 0.283  -0.252 0.47           0.41           0.48            32.47         -15.91        34.89          0.69        0.65        0.70         21.25          -9.88          23.08           11.22         -6.03         11.81          
5.57  -0.210 0.269  -0.240 0.74           0.70           0.82            -36.65        -31.85        44.10          0.95        0.92        1.02         -27.59         -23.58         34.25           -9.05         -8.27         9.85           
5.60  -0.190 0.261  -0.230 0.63           0.66           0.70            -20.02        -25.57        31.02          0.87        0.89        0.92         -14.40         -18.63         22.96           -5.62         -6.94         8.06           
5.63  -0.195 0.265  -0.218 0.18           0.39           0.41            143.53        -111.04       110.31         0.15        0.38        0.40         44.00          -73.59         74.18           99.53         -37.45        36.12          
5.67  -0.186 0.256  -0.198 0.38           0.67           0.71            -41.15        -64.63        66.34          0.59        0.80        0.84         -24.97         -48.33         50.57           -16.19        -16.30        15.77          
5.70  -0.179 0.256  -0.178 0.21           0.64           0.64            -3.28         -71.08        71.08          0.46        0.75        0.75         -1.48          -52.81         52.81           -1.79         -18.27        18.27          
5.73  -0.165 0.245  -0.163 0.53           0.60           0.70            -40.53        -48.51        54.80          0.74        0.79        0.86         -27.77         -34.85         41.12           -12.76        -13.66        13.68          
5.77  -0.163 0.244  -0.144 0.07           0.56           0.56            -6.62         -82.59        82.59          0.32        0.64        0.64         -1.49          -59.85         59.85           -5.13         -22.75        22.74          
5.80  -0.146 0.247  -0.135 0.52           0.58           0.58            10.44         -27.78        29.17          0.76        0.80        0.81         7.04           -19.46         20.52           3.40          -8.33         8.65           
5.83  -0.131 0.233  -0.134 0.62           0.45           0.62            -43.84        -3.36         43.89          0.82        0.70        0.82         -31.63         -2.15          31.67           -12.21        -1.20         12.21          
5.87  -0.122 0.232  -0.136 0.28           0.28           0.28            -9.37         12.56         15.49          0.52        0.53        0.53         -4.91          6.62           8.22            -4.46         5.94          7.28           
5.90  -0.110 0.216  -0.144 0.58           0.43           0.63            -51.64        32.69         54.79          0.76        0.65        0.80         -36.76         20.78          39.96           -14.88        11.91         14.83          
5.93  -0.094 0.214  -0.162 0.48           0.71           0.72            -9.82         48.03         48.37          0.73        0.90        0.90         -6.47          36.07          36.40           -3.35         11.96         11.97          
5.97  -0.077 0.208  -0.187 0.54           0.93           0.94            -18.14        56.19         56.81          0.79        1.09        1.10         -12.45         45.19          45.86           -5.69         11.00         10.95          
6.00  -0.060 0.202  -0.209 0.54           0.84           0.85            -18.17        51.91         52.80          0.78        1.01        1.02         -12.47         40.68          41.59           -5.70         11.23         11.21          
6.03  -0.057 0.212  -0.232 0.31           0.68           0.74            74.85         83.27         83.83          0.44        0.75        0.81         41.79          64.00          65.91           33.07         19.27         17.92          
