time  x      y      z      groundspeedxy  groundspeedxz  groundspeedxyz  trackanglexy  trackanglexz  trackanglexyz  airspeedxy  airspeedxz  airspeedxyz  courseanglexy  courseanglexz  courseanglexyz  driftanglexy  driftanglexz  driftanglexyz  
0.00  -0.948 0.589  -0.252 
0.03  -0.927 0.557  -0.231 1.15           0.88           1.31            -57.52        -45.52        61.89          1.30        1.07        1.44         -48.19         -35.93         53.11           -9.33         -9.59         8.78           
0.07  -0.912 0.516  -0.205 1.32           0.90           1.54            -70.05        -59.95        72.91          1.43        1.05        1.63         -60.59         -48.07         64.47           -9.46         -11.89        8.43           
0.10  -0.887 0.490  -0.185 1.07           0.97           1.23            -45.17        -38.64        52.11          1.26        1.18        1.40         -37.10         -31.01         44.01           -8.07         -7.63         8.09           
0.13  -0.858 0.463  -0.171 1.18           0.97           1.25            -42.70        -25.94        46.21          1.38        1.20        1.44         -35.62         -20.69         39.00           -7.08         -5.25         7.20           
0.17  -0.827 0.432  -0.165 1.33           0.96           1.34            -44.93        -11.02        45.46          1.52        1.21        1.53         -38.25         -8.75          38.77           -6.68         -2.27         6.69           
0.20  -0.797 0.392  -0.171 1.49           0.90           1.50            -53.74        11.86         54.06          1.65        1.15        1.66         -46.74         9.29           47.08           -7.00         2.56          6.99           
0.23  -0.770 0.373  -0.191 0.99           1.01           1.15            -34.24        35.57         44.63          1.21        1.22        1.34         -27.55         28.72          37.11           -6.70         6.85          7.52           
0.27  -0.747 0.351  -0.208 0.97           0.87           1.11            -44.52        37.68         51.35          1.16        1.08        1.28         -35.84         29.56          42.56           -8.69         8.12          8.79           
0.30  -0.731 0.321  -0.236 1.01           0.96           1.31            -62.49        60.96         69.20          1.14        1.10        1.42         -51.31         49.50          59.71           -11.18        11.46         9.49           
0.33  -0.706 0.299  -0.269 1.00           1.23           1.39            -41.17        52.07         57.22          1.20        1.39        1.54         -33.30         43.93          49.38           -7.88         8.13          7.83           
0.37  -0.699 0.287  -0.299 0.42           0.95           1.02            -58.26        76.71         77.56          0.59        1.04        1.10         -37.05         63.17          64.71           -21.22        13.54         12.85          
0.40  -0.688 0.273  -0.328 0.53           0.93           1.02            -53.14        69.80         71.72          0.71        1.04        1.12         -36.83         56.77          59.54           -16.31        13.03         12.19          
0.43  -0.690 0.249  -0.358 0.73           0.89           1.15            -93.98        93.25         92.52          0.75        0.91        1.17         -74.64         77.36          80.15           -19.34        15.89         12.37          
0.47  -0.692 0.234  -0.396 0.44           1.15           1.23            -98.38        93.21         93.00          0.47        1.16        1.24         -66.97         80.80          81.40           -31.41        12.41         11.61          
0.50  -0.691 0.212  -0.425 0.68           0.87           1.10            -86.76        87.48         88.01          0.73        0.92        1.14         -66.90         71.67          75.34           -19.86        15.82         12.68          
0.53  -0.703 0.208  -0.440 0.37           0.57           0.58            -160.58       128.19        127.16         0.16        0.46        0.47         -128.94        102.64         102.19          -31.63        25.55         24.97          
0.57  -0.708 0.216  -0.460 0.30           0.61           0.66            126.25        106.59        105.43         0.25        0.59        0.64         72.54          82.72          83.25           53.71         23.87         22.18          
0.60  -0.710 0.228  -0.461 0.37           0.07           0.38            99.39         144.57        99.33          0.41        0.19        0.42         62.89          12.95          63.05           36.50         131.62        36.28          
0.63  -0.709 0.231  -0.471 0.11           0.30           0.31            57.86         79.23         79.68          0.32        0.42        0.43         16.24          43.91          45.16           41.62         35.33         34.52          
0.67  -0.704 0.238  -0.473 0.24           0.13           0.24            58.83         19.70         59.41          0.43        0.38        0.43         28.80          6.79           29.36           30.03         12.91         30.05          
0.70  -0.706 0.236  -0.470 0.07           0.09           0.10            -145.35       -129.40       125.54         0.19        0.20        0.21         -12.17         -20.80         23.60           -133.17       -108.60       101.94         
0.73  -0.706 0.232  -0.469 0.12           0.03           0.12            -91.39        -95.82        91.35          0.27        0.25        0.28         -25.47         -6.45          26.09           -65.91        -89.37        65.26          
0.77  -0.704 0.219  -0.454 0.42           0.47           0.62            -79.12        -80.30        82.72          0.52        0.56        0.70         -51.18         -54.41         61.87           -27.94        -25.89        20.85          
0.80  -0.694 0.209  -0.451 0.42           0.32           0.43            -43.56        -15.69        44.75          0.63        0.56        0.63         -27.65         -8.80          28.64           -15.91        -6.89         16.11          
0.83  -0.682 0.184  -0.440 0.84           0.48           0.90            -65.97        -44.60        67.80          0.96        0.68        1.02         -52.27         -29.61         54.69           -13.70        -14.99        13.10          
0.87  -0.677 0.169  -0.421 0.46           0.58           0.72            -69.67        -74.15        77.30          0.59        0.69        0.81         -46.35         -53.83         59.87           -23.32        -20.32        17.43          
0.90  -0.661 0.152  -0.408 0.70           0.63           0.81            -45.96        -39.41        52.87          0.90        0.84        0.98         -34.38         -28.53         41.15           -11.58        -10.88        11.72          
0.93  -0.655 0.136  -0.388 0.53           0.63           0.80            -70.56        -73.79        77.35          0.65        0.74        0.89         -49.42         -54.81         61.43           -21.14        -18.98        15.92          
0.97  -0.636 0.124  -0.374 0.68           0.71           0.79            -31.48        -35.37        43.15          0.90        0.93        0.99         -23.16         -26.38         33.22           -8.32         -8.99         9.93           
1.00  -0.626 0.133  -0.356 0.38           0.61           0.66            42.69         -62.71        65.02          0.59        0.76        0.80         26.00          -45.71         48.62           16.69         -17.00        16.40          
1.03  -0.611 0.125  -0.347 0.52           0.54           0.58            -24.94        -28.90        35.82          0.75        0.77        0.80         -16.90         -19.84         25.25           -8.04         -9.07         10.57          
1.07  -0.588 0.135  -0.336 0.73           0.75           0.80            23.64         -25.44        32.88          0.97        0.98        1.02         17.70          -19.13         25.23           5.94          -6.31         7.64           
1.10  -0.564 0.151  -0.335 0.87           0.74           0.87            32.57         -3.86         32.71          1.09        0.99        1.09         25.49          -2.88          25.61           7.08          -0.98         7.10           
1.13  -0.544 0.170  -0.330 0.83           0.61           0.84            44.48         -13.61        45.32          1.02        0.85        1.03         34.62          -9.66          35.41           9.86          -3.95         9.91           
1.17  -0.535 0.194  -0.337 0.75           0.34           0.78            68.22         35.02         68.95          0.88        0.56        0.90         52.86          20.29          53.90           15.35         14.73         15.05          
1.20  -0.520 0.218  -0.347 0.86           0.54           0.91            58.79         33.79         60.69          1.02        0.76        1.06         46.65          23.23          48.81           12.15         10.55         11.88          
1.23  -0.514 0.236  -0.357 0.56           0.35           0.64            73.28         62.71         75.44          0.68        0.52        0.75         52.59          37.29          56.54           20.69         25.42         18.91          
1.27  -0.507 0.241  -0.363 0.26           0.28           0.32            36.05         41.42         48.84          0.48        0.50        0.52         18.35          21.91          27.53           17.70         19.52         21.31          
1.30  -0.494 0.239  -0.370 0.40           0.44           0.45            -9.98         26.82         28.17          0.65        0.68        0.68         -6.16          17.23          18.18           -3.82         9.59          9.98           
1.33  -0.475 0.238  -0.384 0.58           0.71           0.71            -3.75         35.44         35.56          0.83        0.92        0.92         -2.62          26.40          26.50           -1.13         9.04          9.06           
1.37  -0.450 0.240  -0.394 0.76           0.81           0.82            5.06          21.69         22.17          1.01        1.05        1.05         3.81           16.65          17.03           1.25          5.04          5.14           
1.40  -0.424 0.236  -0.406 0.77           0.84           0.85            -9.41         25.34         26.64          1.01        1.07        1.08         -7.10          19.59          20.66           -2.31         5.74          5.98           
1.43  -0.390 0.232  -0.412 1.05           1.06           1.06            -5.38         9.90          11.22          1.30        1.30        1.31         -4.34          8.01           9.09            -1.04         1.89          2.13           
1.47  -0.363 0.232  -0.425 0.79           0.89           0.89            0.10          27.54         27.54          1.04        1.12        1.12         0.08           21.62          21.62           0.02          5.92          5.92           
1.50  -0.326 0.222  -0.434 1.15           1.14           1.18            -15.78        13.40         20.28          1.39        1.38        1.42         -12.98         11.00          16.78           -2.79         2.40          3.50           
1.53  -0.287 0.216  -0.443 1.18           1.20           1.21            -9.07         13.04         15.71          1.43        1.44        1.45         -7.49          10.80          13.04           -1.58         2.24          2.67           
1.57  -0.253 0.205  -0.452 1.08           1.07           1.12            -16.71        14.72         21.75          1.32        1.32        1.35         -13.60         11.95          17.82           -3.11         2.77          3.93           
1.60  -0.222 0.203  -0.449 0.92           0.92           0.92            -3.91         -5.48         6.72           1.17        1.17        1.17         -3.07          -4.31          5.29            -0.84         -1.17         1.43           
1.63  -0.191 0.194  -0.443 1.00           0.97           1.01            -16.82        -10.56        19.55          1.24        1.22        1.25         -13.47         -8.40          15.71           -3.35         -2.16         3.84           
1.67  -0.167 0.193  -0.436 0.70           0.73           0.73            -2.57         -18.21        18.37          0.95        0.97        0.98         -1.89          -13.61         13.73           -0.68         -4.60         4.63           
1.70  -0.147 0.197  -0.422 0.64           0.75           0.76            12.32         -33.76        35.12          0.89        0.97        0.98         8.87           -25.53         26.68           3.45          -8.24         8.44           
1.73  -0.132 0.214  -0.383 0.66           1.25           1.35            48.59         -69.53        71.03          0.85        1.36        1.45         35.85          -59.63         61.65           12.75         -9.90         9.38           
1.77  -0.115 0.222  -0.354 0.56           0.98           1.02            27.17         -59.30        60.40          0.80        1.13        1.16         18.92          -48.35         49.61           8.25          -10.94        10.79          
1.80  -0.121 0.242  -0.332 0.60           0.68           0.89            106.61        -104.53       101.07         0.58        0.66        0.88         82.11          -83.14         84.81           24.51         -21.39        16.26          
1.83  -0.116 0.252  -0.305 0.34           0.83           0.88            65.18         -80.12        80.74          0.50        0.91        0.96         38.09          -64.33         65.79           27.09         -15.79        14.96          
1.87  -0.116 0.285  -0.290 1.00           0.46           1.10            89.34         -88.57        89.40          1.03        0.53        1.13         75.28          -60.55         76.60           14.05         -28.02        12.79          
1.90  -0.125 0.307  -0.276 0.72           0.50           0.82            113.79        -125.58       110.57         0.66        0.41        0.77         93.40          -95.50         92.89           20.39         -30.08        17.68          
1.93  -0.128 0.315  -0.263 0.25           0.41           0.47            105.58        -99.53        98.19          0.30        0.44        0.50         52.92          -65.53         68.70           52.66         -34.01        29.49          
1.97  -0.135 0.343  -0.258 0.88           0.27           0.89            104.16        -144.02       103.93         0.85        0.16        0.87         87.64          -77.33         87.68           16.51         -66.69        16.25          
2.00  -0.148 0.380  -0.252 1.16           0.43           1.17            109.79        -156.21       109.56         1.10        0.22        1.11         97.43          -129.44        97.34           12.35         -26.77        12.22          
2.03  -0.150 0.395  -0.249 0.46           0.11           0.47            99.56         -133.12       99.41          0.49        0.19        0.49         69.14          -25.25         69.44           30.42         -107.87       29.97          
2.07  -0.154 0.417  -0.261 0.68           0.37           0.77            98.25         105.21        97.29          0.69        0.39        0.77         77.16          66.86          78.63           21.10         38.35         18.67          
2.10  -0.166 0.440  -0.264 0.78           0.38           0.79            118.43        166.18        118.22         0.70        0.15        0.71         100.10         143.22         100.01          18.33         22.96         18.21          
2.13  -0.172 0.459  -0.281 0.61           0.54           0.79            106.12        108.13        102.23         0.59        0.52        0.78         82.02          80.98          84.00           24.10         27.16         18.22          
2.17  -0.193 0.485  -0.293 0.99           0.72           1.05            130.07        152.07        127.54         0.85        0.51        0.92         117.10         138.93         115.05          12.97         13.14         12.49          
2.20  -0.214 0.492  -0.320 0.68           1.04           1.06            161.64        128.40        127.47         0.45        0.91        0.93         151.61         115.95         115.21          10.03         12.45         12.27          
2.23  -0.224 0.501  -0.349 0.39           0.91           0.95            136.25        107.96        107.20         0.27        0.87        0.91         96.71          92.09          92.00           39.54         15.87         15.21          
2.27  -0.234 0.490  -0.383 0.44           1.06           1.10            -133.92       106.71        105.99         0.32        1.01        1.06         -99.73         93.06          92.92           -34.19        13.65         13.07          
2.30  -0.251 0.486  -0.394 0.52           0.62           0.63            -165.60       144.80        143.10         0.29        0.44        0.46         -153.01        125.54         123.87          -12.59        19.26         19.23          
2.33  -0.265 0.479  -0.417 0.48           0.80           0.83            -154.01       122.97        121.74         0.28        0.69        0.73         -131.06        105.40         104.71          -22.96        17.57         17.02          
2.37  -0.291 0.468  -0.442 0.83           1.07           1.12            -156.05       134.88        132.33         0.61        0.91        0.97         -146.45        123.70         121.38          -9.60         11.18         10.94          
2.40  -0.309 0.457  -0.485 0.64           1.40           1.43            -151.02       113.72        113.12         0.44        1.32        1.36         -135.11        103.73         103.35          -15.91        9.99          9.77           
2.43  -0.338 0.454  -0.500 0.87           0.98           0.98            -172.99       151.54        150.93         0.62        0.77        0.78         -170.18        142.62         141.93          -2.82         8.92          9.01           
2.47  -0.370 0.446  -0.522 0.99           1.17           1.19            -166.04       145.71        144.02         0.75        0.97        1.00         -161.44        137.36         135.57          -4.60         8.35          8.45           
2.50  -0.398 0.426  -0.551 1.03           1.20           1.34            -144.87       134.43        128.91         0.84        1.04        1.20         -135.00        124.59         119.59          -9.87         9.84          9.32           
2.53  -0.426 0.411  -0.557 0.95           0.85           0.97            -151.00       168.40        149.41         0.74        0.61        0.76         -141.63        163.67         139.83          -9.37         4.74          9.58           
2.57  -0.442 0.379  -0.577 1.07           0.78           1.24            -116.05       127.40        112.39         0.99        0.66        1.17         -102.94        109.77         100.96          -13.11        17.63         11.43          
2.60  -0.458 0.369  -0.596 0.58           0.75           0.80            -148.82       131.91        128.26         0.39        0.61        0.68         -129.43        114.06         111.43          -19.39        17.84         16.83          
2.63  -0.475 0.365  -0.611 0.52           0.68           0.69            -167.48       138.19        137.34         0.28        0.52        0.53         -156.39        119.59         118.86          -11.09        18.60         18.48          
2.67  -0.483 0.361  -0.619 0.24           0.34           0.35            -155.26       130.50        128.48         0.11        0.26        0.28         -73.49         83.35          83.80           -81.77        47.16         44.67          
2.70  -0.472 0.358  -0.617 0.32           0.32           0.33            -16.66        -15.95        22.48          0.56        0.56        0.57         -9.34          -8.92          12.81           -7.33         -7.02         9.67           
2.73  -0.458 0.354  -0.605 0.46           0.56           0.57            -15.66        -37.10        38.89          0.71        0.77        0.78         -10.18         -25.85         27.32           -5.48         -11.26        11.57          
2.77  -0.443 0.341  -0.599 0.60           0.47           0.62            -42.90        -23.08        45.63          0.80        0.71        0.82         -30.57         -15.15         33.01           -12.33        -7.93         12.62          
2.80  -0.429 0.338  -0.580 0.45           0.73           0.73            -12.00        -53.07        53.42          0.69        0.90        0.90         -7.69          -40.22         40.58           -4.31         -12.85        12.84          
2.83  -0.417 0.332  -0.566 0.38           0.52           0.55            -27.50        -50.21        52.61          0.61        0.71        0.73         -16.58         -34.48         36.81           -10.92        -15.73        15.80          
2.87  -0.409 0.312  -0.538 0.64           0.90           1.08            -67.76        -74.28        76.95          0.77        1.00        1.16         -50.35         -60.30         64.83           -17.41        -13.98        12.11          
2.90  -0.400 0.294  -0.517 0.60           0.67           0.86            -63.16        -66.16        71.59          0.75        0.81        0.97         -45.84         -49.70         57.43           -17.32        -16.46        14.16          
2.93  -0.384 0.267  -0.497 0.93           0.76           1.10            -59.39        -51.28        64.54          1.08        0.93        1.23         -47.86         -39.20         53.95           -11.53        -12.08        10.60          
2.97  -0.369 0.237  -0.469 1.03           0.98           1.34            -63.61        -62.05        70.08          1.16        1.12        1.45         -52.51         -50.63         60.73           -11.11        -11.42        9.35           
3.00  -0.357 0.211  -0.442 0.87           0.87           1.17            -64.56        -64.79        71.50          1.00        1.01        1.28         -51.52         -51.81         60.79           -13.04        -12.98        10.71          
3.03  -0.334 0.175  -0.419 1.26           0.98           1.44            -57.15        -46.01        61.77          1.41        1.17        1.57         -48.56         -37.15         53.73           -8.59         -8.86         8.05           
3.07  -0.321 0.146  -0.390 0.96           0.94           1.28            -65.71        -65.03        72.05          1.09        1.07        1.38         -53.65         -52.78         62.14           -12.07        -12.25        9.90           
3.10  -0.307 0.137  -0.365 0.51           0.88           0.92            -31.76        -60.56        61.95          0.73        1.02        1.06         -21.39         -48.26         49.89           -10.37        -12.30        12.06          
3.13  -0.289 0.139  -0.339 0.53           0.94           0.94            7.08          -55.71        55.81          0.78        1.10        1.10         4.82           -44.86         44.96           2.26          -10.85        10.84          
3.17  -0.275 0.131  -0.312 0.51           0.92           0.96            -31.99        -62.21        63.41          0.73        1.06        1.09         -21.53         -50.15         51.59           -10.46        -12.06        11.81          
3.20  -0.265 0.153  -0.283 0.74           0.91           1.14            67.53         -71.97        75.65          0.87        1.02        1.23         52.08          -58.50         64.28           15.44         -13.47        11.37          
3.23  -0.253 0.173  -0.262 0.70           0.73           0.95            58.34         -59.76        67.04          0.86        0.89        1.07         44.04          -45.65         54.61           14.30         -14.11        12.43          
3.27  -0.253 0.200  -0.251 0.81           0.34           0.87            91.13         -92.68        91.04          0.84        0.41        0.90         73.78          -55.35         74.99           17.35         -37.33        16.05          
3.30  -0.247 0.214  -0.230 0.46           0.66           0.78            63.75         -72.04        74.84          0.61        0.78        0.88         42.34          -54.18         58.91           21.41         -17.85        15.93          
3.33  -0.241 0.233  -0.214 0.58           0.50           0.75            74.62         -71.95        78.13          0.69        0.62        0.84         54.28          -49.58         61.22           20.33         -22.37        16.91          
3.37  -0.245 0.253  -0.210 0.61           0.17           0.62            100.41        -131.72       100.20         0.61        0.19        0.63         76.82          -41.35         77.08           23.59         -90.36        23.12          
3.40  -0.247 0.258  -0.198 0.18           0.36           0.40            112.67        -101.13       100.09         0.25        0.40        0.43         42.73          -62.98         65.23           69.95         -38.16        34.86          
3.43  -0.236 0.250  -0.191 0.44           0.41           0.48            -35.17        -29.24        41.98          0.66        0.64        0.69         -22.55         -18.25         27.93           -12.62        -10.98        14.05          
3.47  -0.233 0.240  -0.184 0.30           0.23           0.37            -76.58        -72.60        79.25          0.43        0.39        0.48         -42.20         -34.62         48.73           -34.38        -37.98        30.52          
3.50  -0.224 0.227  -0.189 0.50           0.32           0.52            -55.28        26.22         56.74          0.67        0.55        0.69         -37.44         14.65          38.98           -17.83        11.57         17.76          
3.53  -0.217 0.225  -0.189 0.20           0.20           0.20            -11.10        3.69          11.67          0.45        0.45        0.45         -4.96          1.63           5.22            -6.15         2.06          6.46           
3.57  -0.207 0.211  -0.205 0.52           0.56           0.71            -54.21        56.98         64.23          0.70        0.73        0.85         -37.40         40.30          48.79           -16.81        16.68         15.44          
3.60  -0.189 0.205  -0.226 0.58           0.85           0.87            -17.69        49.44         50.45          0.82        1.03        1.04         -12.38         38.80          39.81           -5.31         10.64         10.64          
3.63  -0.181 0.203  -0.245 0.22           0.59           0.59            -14.01        68.39         68.48          0.47        0.72        0.72         -6.61          49.52          49.66           -7.41         18.87         18.83          
3.67  -0.161 0.195  -0.268 0.65           0.94           0.97            -23.75        50.19         51.96          0.89        1.11        1.14         -17.25         40.25          42.04           -6.50         9.94          9.92           
3.70  -0.150 0.197  -0.280 0.35           0.50           0.50            13.45         46.34         47.06          0.60        0.69        0.70         7.87           31.21          31.86           5.58          15.13         15.20          
3.73  -0.145 0.198  -0.301 0.17           0.64           0.64            11.07         75.20         75.22          0.41        0.74        0.74         4.42           56.21          56.24           6.66          18.99         18.98          
3.77  -0.146 0.213  -0.316 0.44           0.45           0.63            95.97         95.86         94.19          0.49        0.49        0.66         65.20          65.64          72.08           30.77         30.22         22.11          
3.80  -0.156 0.219  -0.318 0.36           0.31           0.37            147.99        167.40        146.42         0.20        0.09        0.21         106.57         129.75         105.65          41.42         37.65         40.77          
3.83  -0.164 0.213  -0.317 0.30           0.23           0.30            -140.70       -171.30       140.21         0.19        0.04        0.19         -83.90         -60.23         84.00           -56.80        -111.07       56.21          
3.87  -0.193 0.217  -0.318 0.87           0.86           0.87            171.60        178.76        171.51         0.62        0.61        0.62         168.23         178.26         168.11          3.37          0.51          3.40           
3.90  -0.209 0.215  -0.320 0.49           0.49           0.50            -171.19       170.94        167.47         0.25        0.25        0.26         -162.29        161.81         155.38          -8.90         9.13          12.08          
3.93  -0.235 0.215  -0.308 0.80           0.88           0.88            -179.07       -155.02       155.00         0.55        0.66        0.66         -178.64        -145.84        145.82          -0.43         -9.18         9.18           
3.97  -0.248 0.200  -0.290 0.57           0.65           0.78            -131.25       -125.20       118.80         0.45        0.55        0.70         -106.36        -103.28        100.43          -24.89        -21.91        18.37          
4.00  -0.256 0.178  -0.275 0.70           0.51           0.84            -109.49       -117.25       106.26         0.66        0.46        0.81         -88.71         -88.12         88.94           -20.78        -29.13        17.33          
4.03  -0.269 0.173  -0.266 0.41           0.47           0.49            -160.18       -145.62       142.29         0.20        0.30        0.33         -134.46        -117.34        114.58          -25.72        -28.28        27.70          
4.07  -0.274 0.170  -0.252 0.19           0.47           0.48            -149.10       -110.68       110.21         0.13        0.45        0.46         -49.41         -79.04         79.30           -99.69        -31.64        30.91          
4.10  -0.274 0.147  -0.241 0.70           0.31           0.77            -89.04        -87.80        89.12          0.75        0.40        0.81         -69.59         -49.46         71.16           -19.45        -38.34        17.96          
4.13  -0.269 0.127  -0.231 0.60           0.33           0.67            -76.45        -64.91        77.91          0.71        0.49        0.77         -56.29         -37.64         59.32           -20.17        -27.27        18.59          
4.17  -0.261 0.114  -0.218 0.47           0.48           0.62            -57.21        -58.27        65.96          0.64        0.65        0.76         -38.03         -39.17         48.48           -19.18        -19.10        17.48          
4.20  -0.244 0.099  -0.217 0.68           0.51           0.68            -41.59        -1.92         41.61          0.89        0.76        0.89         -30.78         -1.29          30.80           -10.80        -0.63         10.81          
4.23  -0.229 0.094  -0.212 0.47           0.47           0.49            -19.17        -17.05        24.87          0.71        0.71        0.73         -12.56         -11.12         16.54           -6.61         -5.94         8.33           
4.27  -0.222 0.102  -0.213 0.31           0.19           0.32            52.08         0.51          52.08          0.51        0.44        0.51         29.26          0.22           29.26           22.82         0.29          22.82          
4.30  -0.208 0.094  -0.211 0.48           0.43           0.49            -28.91        -7.03         29.50          0.71        0.68        0.71         -19.14         -4.43          19.58           -9.76         -2.60         9.92           
4.33  -0.198 0.087  -0.208 0.38           0.32           0.39            -33.51        -14.06        35.29          0.60        0.57        0.61         -20.26         -7.94          21.53           -13.25        -6.11         13.76          
4.37  -0.169 0.072  -0.206 0.99           0.87           0.99            -28.05        -3.42         28.20          1.21        1.12        1.22         -22.49         -2.66          22.62           -5.55         -0.76         5.58           
4.40  -0.162 0.068  -0.200 0.22           0.27           0.29            -29.18        -44.41        48.43          0.46        0.48        0.49         -13.70         -23.14         26.20           -15.49        -21.26        22.23          
4.43  -0.144 0.065  -0.194 0.56           0.58           0.59            -11.28        -19.45        22.08          0.80        0.82        0.82         -7.79          -13.61         15.54           -3.50         -5.85         6.54           
4.47  -0.124 0.071  -0.200 0.64           0.64           0.66            16.29         17.17         23.04          0.88        0.88        0.90         11.71          12.36          16.79           4.58          4.81          6.25           
4.50  -0.103 0.082  -0.175 0.72           0.98           1.04            29.48         -50.51        53.24          0.94        1.16        1.21         21.99          -40.92         43.72           7.49          -9.59         9.52           
4.53  -0.105 0.115  -0.168 1.00           0.20           1.01            93.06         -105.42       93.00          1.01        0.28        1.03         78.80          -44.33         79.00           14.26         -61.10        14.00          
4.57  -0.097 0.132  -0.159 0.55           0.35           0.62            66.48         -51.17        69.05          0.69        0.55        0.75         47.17          -30.26         50.80           19.31         -20.91        18.24          
4.60  -0.103 0.156  -0.152 0.74           0.27           0.77            103.17        -129.09       102.67         0.73        0.22        0.76         83.59          -68.68         83.83           19.58         -60.41        18.84          
4.63  -0.106 0.182  -0.149 0.77           0.14           0.78            96.20         -127.58       96.14          0.79        0.20        0.80         77.82          -33.19         77.93           18.39         -94.39        18.21          
4.67  -0.106 0.200  -0.145 0.54           0.10           0.55            92.01         -100.38       91.97          0.58        0.25        0.59         66.67          -23.96         67.04           25.34         -76.42        24.93          
4.70  -0.113 0.211  -0.141 0.41           0.25           0.43            121.81        -149.06       120.17         0.35        0.13        0.37         83.99          -74.19         84.36           37.82         -74.88        35.81          
4.73  -0.121 0.233  -0.127 0.68           0.46           0.79            109.21        -118.93       106.42         0.65        0.41        0.76         87.76          -86.44         88.10           21.45         -32.49        18.32          
4.77  -0.115 0.247  -0.127 0.46           0.17           0.47            69.20         -5.62         69.22          0.60        0.42        0.60         46.32          -2.24          46.34           22.89         -3.38         22.88          
4.80  -0.123 0.259  -0.126 0.42           0.23           0.42            123.11        -173.71       123.05         0.35        0.03        0.35         86.39          -48.73         86.40           36.73         -124.97       36.65          
4.83  -0.145 0.279  -0.123 0.89           0.66           0.89            137.60        -173.04       137.34         0.72        0.41        0.73         124.12         -168.84        123.88          13.48         -4.20         13.46          
4.87  -0.151 0.297  -0.121 0.58           0.19           0.58            108.63        -163.53       108.55         0.55        0.09        0.55         83.16          -39.73         83.19           25.47         -123.80       25.35          
4.90  -0.148 0.310  -0.120 0.38           0.11           0.39            75.43         -25.88        75.54          0.51        0.35        0.51         46.92          -7.68          47.14           28.51         -18.20        28.40          
4.93  -0.155 0.325  -0.128 0.51           0.32           0.56            115.36        133.31        112.95         0.46        0.23        0.52         86.10          82.28          86.52           29.26         51.03         26.43          
4.97  -0.176 0.337  -0.127 0.72           0.63           0.72            150.91        -178.55       150.88         0.52        0.38        0.52         137.35         -177.60        137.32          13.56         -0.95         13.56          
5.00  -0.190 0.358  -0.128 0.76           0.43           0.76            124.29        177.39        124.28         0.66        0.18        0.66         105.92         173.79         105.91          18.37         3.61          18.37          
5.03  -0.204 0.361  -0.146 0.43           0.69           0.70            165.36        127.12        126.59         0.20        0.57        0.58         146.66         106.73         106.42          18.70         20.40         20.17          
5.07  -0.220 0.372  -0.166 0.57           0.77           0.83            145.54        127.78        124.39         0.39        0.64        0.72         124.24         109.91         107.73          21.30         17.88         16.66          
5.10  -0.227 0.372  -0.171 0.22           0.26           0.26            176.58        147.91        147.79         0.03        0.14        0.14         22.66          77.13          77.19           153.92        70.78         70.60          
5.13  -0.238 0.365  -0.184 0.39           0.51           0.56            -145.75       128.65        125.08         0.23        0.41        0.46         -107.81        99.92          98.74           -37.94        28.73         26.35          
5.17  -0.235 0.350  -0.207 0.46           0.69           0.83            -80.30        83.49         84.58          0.56        0.76        0.89         -54.38         64.44          68.31           -25.92        19.06         16.27          
5.20  -0.238 0.347  -0.220 0.12           0.41           0.42            -137.88       102.48        102.24         0.18        0.43        0.44         -26.73         68.33          68.72           -111.16       34.14         33.52          
5.23  -0.244 0.328  -0.242 0.60           0.67           0.88            -107.97       106.29        102.25         0.58        0.64        0.86         -83.72         84.34          85.79           -24.26        21.95         16.46          
5.27  -0.235 0.307  -0.265 0.69           0.74           0.97            -65.61        67.46         72.98          0.83        0.87        1.07         -49.61         52.09          60.13           -16.00        15.37         12.85          
5.30  -0.222 0.303  -0.282 0.40           0.63           0.65            -19.51        53.64         54.53          0.64        0.81        0.82         -11.99         39.16          40.09           -7.51         14.47         14.44          
5.33  -0.206 0.274  -0.282 1.00           0.50           1.00            -59.84        0.46          59.84          1.14        0.75        1.14         -48.94         0.31           48.94           -10.90        0.15          10.90          
5.37  -0.194 0.262  -0.300 0.49           0.64           0.73            -45.50        57.17         61.66          0.69        0.80        0.88         -30.60         42.00          47.13           -14.90        15.16         14.53          
5.40  -0.184 0.254  -0.302 0.39           0.30           0.40            -41.34        12.66         42.24          0.60        0.55        0.61         -25.47         6.94           26.18           -15.87        5.73          16.06          
5.43  -0.167 0.239  -0.285 0.67           0.72           0.84            -39.37        -44.49        52.00          0.88        0.92        1.01         -28.93         -33.49         40.77           -10.44        -11.00        11.23          
5.47  -0.153 0.233  -0.270 0.47           0.63           0.66            -24.07        -47.00        49.28          0.71        0.82        0.84         -15.78         -34.15         36.31           -8.29         -12.85        12.97          
5.50  -0.138 0.224  -0.245 0.52           0.86           0.89            -30.38        -58.49        60.02          0.74        1.01        1.04         -20.60         -46.29         48.03           -9.78         -12.20        11.99          
5.53  -0.125 0.208  -0.222 0.63           0.80           0.94            -51.20        -60.36        65.09          0.81        0.95        1.07         -37.28         -47.09         52.80           -13.92        -13.27        12.28          
5.57  -0.132 0.217  -0.205 0.35           0.55           0.61            127.42        -112.94       110.32         0.28        0.51        0.58         82.56          -85.87         86.38           44.86         -27.07        23.94          
5.60  -0.109 0.214  -0.194 0.68           0.76           0.77            -7.80         -27.26        28.07          0.93        0.99        1.00         -5.71          -20.63         21.28           -2.09         -6.64         6.79           
5.63  -0.110 0.212  -0.211 0.07           0.52           0.52            -106.07       92.20         92.18          0.24        0.56        0.57         -16.62         65.93          66.11           -89.45        26.27         26.07          
