time  x      y      z      groundspeedxy  groundspeedxz  groundspeedxyz  trackanglexy  trackanglexz  trackanglexyz  airspeedxy  airspeedxz  airspeedxyz  courseanglexy  courseanglexz  courseanglexyz  driftanglexy  driftanglexz  driftanglexyz  
0.00  -1.130 0.495  -0.176 
0.03  -1.103 0.490  -0.174 0.81           0.80           0.81            -10.15        -5.23         11.37          1.06        1.05        1.06         -7.76          -3.99          8.70            -2.39         -1.24         2.66           
0.07  -1.082 0.484  -0.164 0.67           0.71           0.73            -15.15        -24.37        27.82          0.91        0.94        0.96         -11.03         -18.07         20.81           -4.11         -6.30         7.01           
0.10  -1.064 0.482  -0.141 0.53           0.86           0.86            -7.79         -52.14        52.29          0.78        1.03        1.03         -5.30          -41.08         41.24           -2.49         -11.06        11.05          
0.13  -1.046 0.471  -0.116 0.63           0.93           0.98            -29.72        -54.00        56.14          0.85        1.09        1.14         -21.38         -43.35         45.62           -8.34         -10.66        10.52          
0.17  -1.026 0.460  -0.089 0.70           1.03           1.08            -27.72        -53.11        55.08          0.93        1.20        1.24         -20.51         -43.50         45.57           -7.20         -9.62         9.51           
0.20  -1.021 0.451  -0.050 0.33           1.17           1.21            -62.24        -82.42        82.65          0.50        1.23        1.26         -35.93         -70.77         71.32           -26.31        -11.65        11.33          
0.23  -1.022 0.443  -0.012 0.24           1.16           1.18            -98.10        -91.68        91.65          0.32        1.18        1.20         -47.88         -79.42         79.64           -50.21        -12.26        12.01          
0.27  -1.028 0.437  0.033  0.25           1.35           1.36            -136.14       -97.69        97.62          0.19        1.34        1.35         -68.19         -87.03         87.05           -67.95        -10.66        10.57          
0.30  -1.035 0.435  0.065  0.22           0.98           0.98            -163.56       -102.55       102.53         0.07        0.96        0.96         -59.99         -87.83         87.83           -103.57       -14.72        14.69          
0.33  -1.039 0.436  0.093  0.13           0.85           0.85            166.61        -98.82        98.81          0.12        0.85        0.85         14.64          -81.95         81.96           151.97        -16.86        16.85          
0.37  -1.037 0.436  0.116  0.08           0.70           0.70            9.29          -83.64        83.64          0.33        0.77        0.77         2.22           -64.84         64.84           7.06          -18.80        18.80          
0.40  -1.001 0.441  0.144  1.08           1.35           1.36            8.23          -37.87        38.34          1.33        1.56        1.56         6.68           -32.21         32.65           1.55          -5.66         5.69           
0.43  -1.013 0.438  0.154  0.37           0.46           0.47            -163.55       -140.11       138.45         0.15        0.31        0.33         -134.91        -109.40        108.37          -28.64        -30.71        30.08          
0.47  -1.024 0.428  0.146  0.47           0.41           0.52            -138.14       147.79        132.40         0.33        0.24        0.39         -107.41        114.05         104.39          -30.72        33.75         28.00          
0.50  -1.018 0.419  0.143  0.33           0.21           0.34            -54.68        25.85         56.17          0.51        0.45        0.52         -31.28         11.78          32.71           -23.40        14.07         23.46          
0.53  -1.018 0.414  0.147  0.15           0.11           0.19            -93.20        -94.46        92.60          0.28        0.26        0.30         -31.99         -24.09         37.53           -61.21        -70.37        55.07          
0.57  -0.983 0.399  0.139  1.16           1.09           1.18            -22.65        12.19         25.17          1.39        1.34        1.41         -18.68         9.93           20.84           -3.97         2.27          4.33           
0.60  -0.950 0.390  0.116  1.03           1.21           1.24            -14.57        35.26         36.99          1.27        1.43        1.45         -11.73         29.45          31.03           -2.84         5.81          5.96           
0.63  -0.934 0.389  0.095  0.46           0.79           0.79            -3.44         54.09         54.12          0.71        0.95        0.95         -2.23          41.83          41.86           -1.21         12.26         12.26          
0.67  -0.921 0.395  0.073  0.43           0.76           0.78            22.05         58.70         59.44          0.67        0.92        0.93         13.94          45.22          46.07           8.11          13.47         13.37          
0.70  -0.913 0.399  0.051  0.29           0.71           0.73            27.76         69.06         69.44          0.52        0.84        0.85         14.90          52.87          53.42           12.86         16.19         16.02          
0.73  -0.898 0.424  0.037  0.87           0.61           0.96            58.72         41.95         61.93          1.02        0.81        1.10         46.64          30.04          50.35           12.08         11.91         11.59          
0.77  -0.900 0.447  0.017  0.71           0.63           0.94            96.60         97.50         94.97          0.73        0.64        0.96         76.59          74.83          79.85           20.01         22.67         15.12          
0.80  -0.888 0.471  0.001  0.81           0.60           0.94            62.55         51.52         66.50          0.95        0.78        1.06         49.06          37.00          54.02           13.48         14.52         12.48          
0.83  -0.880 0.498  -0.015 0.82           0.54           0.96            73.33         63.87         75.67          0.93        0.68        1.05         58.37          44.74          62.27           14.96         19.13         13.39          
0.87  -0.879 0.519  -0.033 0.65           0.54           0.84            86.56         85.90         87.36          0.71        0.61        0.89         65.94          61.94          71.10           20.62         23.96         16.26          
0.90  -0.867 0.546  -0.045 0.86           0.50           0.93            66.10         45.05         67.95          0.99        0.70        1.05         52.79          30.31          55.24           13.31         14.74         12.71          
0.93  -0.867 0.568  -0.055 0.66           0.32           0.73            88.79         87.46         88.91          0.71        0.41        0.78         68.29          50.06          70.22           20.50         37.40         18.68          
0.97  -0.862 0.595  -0.070 0.83           0.45           0.93            79.58         70.59         80.74          0.91        0.58        1.00         63.88          46.78          66.50           15.71         23.81         14.24          
1.00  -0.855 0.618  -0.080 0.74           0.38           0.80            73.85         57.60         75.24          0.84        0.56        0.90         57.24          35.34          59.65           16.61         22.26         15.59          
1.03  -0.850 0.633  -0.091 0.46           0.34           0.55            72.24         65.53         75.32          0.58        0.50        0.66         48.21          38.23          53.84           24.02         27.30         21.48          
1.07  -0.845 0.657  -0.110 0.73           0.61           0.94            78.57         76.15         81.12          0.82        0.71        1.01         61.17          56.14          66.95           17.39         20.01         14.16          
1.10  -0.840 0.688  -0.124 0.94           0.43           1.02            81.03         69.94         81.76          1.01        0.56        1.09         66.86          45.32          68.58           14.17         24.62         13.18          
1.13  -0.832 0.710  -0.142 0.72           0.60           0.90            69.22         64.73         73.53          0.84        0.74        1.00         53.10          46.95          59.66           16.13         17.78         13.87          
1.17  -0.831 0.729  -0.162 0.55           0.62           0.83            87.10         87.43         88.07          0.61        0.68        0.87         63.15          65.83          71.44           23.95         21.59         16.64          
1.20  -0.821 0.744  -0.185 0.55           0.74           0.87            56.13         65.20         69.17          0.72        0.87        0.99         39.48          50.12          55.46           16.65         15.08         13.70          
1.23  -0.816 0.755  -0.209 0.36           0.75           0.82            65.96         78.63         79.61          0.52        0.84        0.90         39.88          61.66          63.82           26.08         16.97         15.80          
1.27  -0.812 0.747  -0.231 0.26           0.66           0.70            -63.84        79.94         80.52          0.43        0.74        0.78         -32.67         60.60          62.08           -31.17        19.34         18.45          
1.30  -0.810 0.734  -0.254 0.41           0.71           0.82            -81.40        85.04         85.69          0.51        0.78        0.88         -52.59         66.30          69.16           -28.81        18.74         16.54          
1.33  -0.802 0.717  -0.277 0.56           0.73           0.89            -64.98        71.02         74.52          0.70        0.84        0.99         -46.21         54.77          60.38           -18.77        16.25         14.15          
1.37  -0.799 0.697  -0.303 0.59           0.78           0.97            -82.45        84.35         85.47          0.67        0.84        1.02         -60.63         67.19          71.38           -21.83        17.16         14.09          
1.40  -0.795 0.672  -0.333 0.76           0.90           1.18            -80.79        82.19         84.02          0.84        0.97        1.23         -63.75         67.35          72.33           -17.04        14.84         11.69          
1.43  -0.795 0.656  -0.361 0.48           0.82           0.95            -87.97        88.83         88.98          0.54        0.87        0.99         -60.68         72.03          74.31           -27.29        16.80         14.67          
1.47  -0.802 0.629  -0.390 0.85           0.90           1.22            -104.39       103.57        99.97          0.82        0.88        1.20         -87.32         87.48          88.17           -17.07        16.09         11.81          
1.50  -0.809 0.621  -0.417 0.31           0.85           0.89            -129.56       103.62        103.09         0.25        0.83        0.86         -78.46         86.57          86.71           -51.10        17.05         16.38          
1.53  -0.819 0.597  -0.456 0.79           1.20           1.40            -113.76       105.40        103.14         0.73        1.16        1.36         -95.39         93.38          92.87           -18.36        12.02         10.28          
1.57  -0.836 0.562  -0.484 1.15           0.98           1.43            -115.82       120.63        110.54         1.06        0.88        1.36         -103.61        106.50         100.62          -12.21        14.13         9.92           
1.60  -0.844 0.543  -0.503 0.64           0.62           0.85            -112.36       113.13        106.50         0.59        0.57        0.82         -89.21         89.18          89.43           -23.15        23.95         17.07          
1.63  -0.845 0.522  -0.527 0.61           0.71           0.93            -93.83        93.27         92.49          0.64        0.74        0.96         -70.91         73.55          77.34           -22.92        19.72         15.15          
1.67  -0.839 0.497  -0.543 0.78           0.53           0.93            -76.09        69.52         78.33          0.87        0.66        1.01         -59.95         48.89          64.26           -16.14        20.62         14.08          
1.70  -0.841 0.475  -0.533 0.67           0.33           0.74            -95.51        -101.40       94.97          0.69        0.37        0.76         -74.51         -59.92         75.97           -20.99        -41.48        19.01          
1.73  -0.828 0.453  -0.520 0.78           0.55           0.87            -58.83        -42.50        62.12          0.94        0.75        1.01         -45.65         -29.54         49.46           -13.19        -12.95        12.66          
1.77  -0.828 0.424  -0.501 0.87           0.57           1.04            -90.97        -91.48        90.81          0.90        0.62        1.07         -74.91         -67.52         77.27           -16.06        -23.96        13.54          
1.80  -0.824 0.407  -0.472 0.51           0.87           1.00            -74.91        -81.18        82.34          0.63        0.94        1.07         -52.27         -65.99         68.89           -22.64        -15.19        13.45          
1.83  -0.826 0.391  -0.442 0.48           0.93           1.04            -97.14        -93.67        93.27          0.51        0.94        1.06         -68.05         -78.33         79.59           -29.09        -15.34        13.68          
1.87  -0.832 0.376  -0.414 0.49           0.84           0.96            -111.62       -102.50       100.95         0.46        0.83        0.94         -81.63         -85.29         85.89           -29.99        -17.20        15.06          
1.90  -0.842 0.363  -0.383 0.49           0.98           1.05            -129.40       -108.57       107.27         0.39        0.93        1.01         -99.32         -93.84         93.56           -30.08        -14.73        13.72          
1.93  -0.851 0.343  -0.360 0.67           0.76           0.97            -113.11       -110.32       105.63         0.62        0.71        0.94         -91.16         -91.01         90.76           -21.95        -19.31        14.86          
1.97  -0.860 0.323  -0.333 0.67           0.85           1.04            -115.41       -109.69       105.95         0.60        0.80        1.00         -93.47         -92.62         92.09           -21.94        -17.07        13.86          
2.00  -0.865 0.298  -0.304 0.74           0.87           1.13            -101.44       -99.69        97.44          0.73        0.86        1.13         -81.86         -83.12         84.73           -19.58        -16.57        12.70          
2.03  -0.879 0.289  -0.275 0.51           0.97           1.01            -144.98       -115.53       114.36         0.34        0.89        0.93         -119.69        -100.80        100.26          -25.29        -14.72        14.11          
2.07  -0.900 0.282  -0.237 0.65           1.30           1.32            -162.75       -118.57       118.23         0.42        1.21        1.22         -152.60        -108.07        107.83          -10.14        -10.50        10.40          
2.10  -0.910 0.278  -0.206 0.32           0.98           0.99            -153.73       -106.96       106.78         0.15        0.94        0.95         -104.46        -92.22         92.20           -49.27        -14.74        14.58          
2.13  -0.914 0.272  -0.180 0.21           0.80           0.81            -125.60       -99.02        98.81          0.21        0.80        0.81         -54.26         -80.93         81.15           -71.34        -18.09        17.66          
2.17  -0.913 0.274  -0.157 0.07           0.68           0.69            72.58         -88.20        88.20          0.28        0.74        0.74         14.19          -68.34         68.44           58.39         -19.85        19.76          
2.20  -0.900 0.272  -0.140 0.40           0.65           0.65            -8.05         -52.14        52.30          0.65        0.82        0.83         -4.96          -38.27         38.44           -3.09         -13.87        13.87          
2.23  -0.882 0.262  -0.125 0.62           0.70           0.76            -28.86        -38.73        44.22          0.85        0.91        0.95         -20.69         -28.79         33.69           -8.18         -9.94         10.53          
2.27  -0.872 0.264  -0.113 0.29           0.46           0.47            11.19         -52.15        52.47          0.54        0.65        0.65         6.02           -34.44         34.76           5.17          -17.70        17.72          
2.30  -0.848 0.254  -0.104 0.77           0.77           0.82            -21.91        -20.46        28.75          1.01        1.00        1.04         -16.61         -15.46         22.14           -5.30         -5.00         6.61           
2.33  -0.827 0.253  -0.110 0.65           0.67           0.67            -3.99         15.67         16.12          0.90        0.92        0.92         -2.88          11.44          11.78           -1.11         4.23          4.34           
2.37  -0.799 0.250  -0.102 0.82           0.85           0.86            -6.59         -16.21        17.37          1.07        1.09        1.10         -5.06          -12.55         13.47           -1.53         -3.66         3.90           
2.40  -0.773 0.258  -0.096 0.84           0.82           0.86            18.06         -13.48        22.04          1.08        1.07        1.10         13.95          -10.35         17.14           4.11          -3.13         4.90           
2.43  -0.749 0.274  -0.099 0.85           0.71           0.85            33.77         6.46          34.15          1.07        0.96        1.07         26.29          4.78           26.61           7.49          1.68          7.54           
2.47  -0.725 0.288  -0.093 0.82           0.73           0.84            29.93         -12.52        31.67          1.05        0.98        1.06         23.08          -9.34          24.55           6.84          -3.18         7.12           
2.50  -0.697 0.304  -0.091 0.97           0.85           0.97            29.06         -4.11         29.26          1.19        1.10        1.19         23.20          -3.17          23.37           5.85          -0.94         5.88           
2.53  -0.683 0.328  -0.098 0.85           0.48           0.88            59.22         24.84         60.13          1.01        0.72        1.03         46.89          16.41          47.94           12.33         8.43          12.20          
2.57  -0.665 0.350  -0.101 0.84           0.53           0.84            51.00         8.62          51.21          1.02        0.78        1.02         39.97          5.88           40.18           11.03         2.74          11.03          
2.60  -0.654 0.377  -0.108 0.89           0.40           0.91            67.48         31.17         68.09          1.01        0.63        1.03         54.30          19.25          55.12           13.18         11.93         12.97          
2.63  -0.648 0.415  -0.111 1.15           0.20           1.16            81.68         34.21         81.72          1.21        0.43        1.22         69.93          15.23          70.02           11.75         18.98         11.70          
2.67  -0.634 0.440  -0.109 0.86           0.42           0.86            61.19         -7.64         61.26          1.00        0.67        1.00         48.57          -4.78          48.65           12.62         -2.86         12.61          
2.70  -0.621 0.460  -0.117 0.72           0.47           0.76            55.60         28.81         57.35          0.89        0.69        0.92         42.15          18.82          44.05           13.44         9.98          13.30          
2.73  -0.606 0.470  -0.137 0.53           0.76           0.81            33.31         53.98         56.73          0.75        0.93        0.97         22.82          41.37          44.30           10.49         12.61         12.43          
2.77  -0.589 0.479  -0.132 0.59           0.54           0.61            27.41         -16.11        30.69          0.82        0.79        0.83         19.32          -11.05         21.86           8.09          -5.06         8.83           
2.80  -0.569 0.472  -0.142 0.62           0.65           0.69            -20.65        25.98         31.63          0.86        0.88        0.91         -14.78         18.84          23.33           -5.87         7.14          8.30           
2.83  -0.552 0.455  -0.147 0.70           0.53           0.72            -43.75        17.60         45.24          0.90        0.77        0.91         -32.66         11.99          34.03           -11.09        5.61          11.21          
2.87  -0.539 0.450  -0.164 0.44           0.65           0.67            -22.34        51.91         53.27          0.67        0.83        0.85         -14.22         38.20          39.59           -8.11         13.71         13.69          
2.90  -0.535 0.458  -0.173 0.27           0.28           0.37            62.03         63.66         70.09          0.44        0.45        0.51         32.27          34.12          42.81           29.76         29.55         27.29          
2.93  -0.535 0.466  -0.186 0.25           0.39           0.46            92.45         91.55         91.31          0.34        0.46        0.52         45.83          58.46          62.58           46.62         33.08         28.73          
2.97  -0.540 0.473  -0.196 0.25           0.34           0.40            128.72        117.53        113.60         0.22        0.32        0.37         65.20          73.29          75.87           63.52         44.24         37.73          
3.00  -0.546 0.483  -0.215 0.36           0.59           0.67            117.50        106.37        104.35         0.33        0.57        0.66         75.48          81.68          82.75           42.02         24.69         21.61          
3.03  -0.556 0.498  -0.226 0.54           0.46           0.65            124.37        131.65        118.47         0.45        0.35        0.57         97.29          99.45          95.79           27.08         32.20         22.67          
3.07  -0.557 0.504  -0.244 0.19           0.53           0.57            95.44         91.89         91.78          0.30        0.58        0.61         38.49          66.50          67.66           56.95         25.39         24.13          
3.10  -0.558 0.508  -0.259 0.13           0.44           0.46            112.58        96.29         96.08          0.23        0.48        0.50         30.01          65.34          66.07           82.57         30.95         30.02          
3.13  -0.565 0.525  -0.275 0.54           0.52           0.72            110.52        111.39        105.14         0.51        0.49        0.70         83.15          82.84          85.04           27.37         28.55         20.10          
3.17  -0.564 0.527  -0.295 0.05           0.61           0.61            62.30         87.62         87.63          0.28        0.67        0.67         9.89           65.62          65.69           52.41         22.00         21.94          
3.20  -0.564 0.529  -0.308 0.05           0.38           0.38            101.44        91.61         91.59          0.25        0.45        0.45         12.40          57.74          57.99           89.04         33.87         33.61          
3.23  -0.564 0.522  -0.330 0.21           0.68           0.71            -91.11        90.34         90.33          0.32        0.72        0.75         -40.17         70.02          70.84           -50.94        20.32         19.49          
3.27  -0.567 0.517  -0.352 0.17           0.65           0.67            -122.55       97.98         97.80          0.21        0.67        0.68         -41.68         76.14          76.45           -80.87        21.85         21.35          
3.30  -0.559 0.491  -0.373 0.83           0.66           1.03            -73.19        68.85         76.61          0.93        0.79        1.12         -58.27         51.64          64.02           -14.91        17.21         12.58          
3.33  -0.553 0.460  -0.396 0.94           0.72           1.17            -78.36        74.72         80.66          1.02        0.83        1.24         -64.54         57.73          69.18           -13.83        17.00         11.48          
3.37  -0.545 0.450  -0.418 0.37           0.70           0.76            -51.82        71.22         72.67          0.56        0.82        0.87         -31.13         54.40          56.69           -20.69        16.82         15.97          
3.40  -0.535 0.412  -0.441 1.18           0.76           1.36            -74.18        64.95         76.38          1.27        0.89        1.44         -63.26         50.28          66.69           -10.92        14.68         9.69           
3.43  -0.532 0.396  -0.470 0.50           0.87           1.00            -79.53        83.98         84.77          0.60        0.93        1.05         -55.30         68.44          71.06           -24.23        15.54         13.71          
3.47  -0.520 0.366  -0.497 0.97           0.89           1.26            -68.03        66.01         73.36          1.08        1.02        1.35         -55.68         53.02          63.17           -12.35        12.99         10.19          
3.50  -0.510 0.349  -0.513 0.59           0.58           0.77            -59.42        58.66         67.02          0.75        0.74        0.90         -42.75         41.89          52.17           -16.67        16.77         14.85          
3.53  -0.501 0.316  -0.514 1.02           0.25           1.02            -75.73        6.62          75.74          1.11        0.50        1.11         -63.15         3.34           63.16           -12.58        3.28          12.58          
3.57  -0.491 0.294  -0.519 0.71           0.34           0.73            -64.54        24.12         65.03          0.85        0.57        0.86         -49.19         13.87          49.82           -15.35        10.25         15.21          
3.60  -0.486 0.276  -0.512 0.57           0.26           0.60            -73.72        -51.83        74.69          0.68        0.46        0.71         -53.11         -26.34         54.87           -20.61        -25.49        19.82          
3.63  -0.491 0.271  -0.489 0.23           0.71           0.73            -137.03       -103.82       103.48         0.18        0.70        0.71         -63.28         -83.42         83.58           -73.76        -20.40        19.90          
3.67  -0.496 0.243  -0.476 0.85           0.41           0.93            -100.07       -111.15       99.17          0.84        0.40        0.93         -83.07         -75.17         83.70           -17.00        -35.98        15.47          
3.70  -0.513 0.231  -0.449 0.63           0.98           1.04            -145.56       -122.06       119.92         0.45        0.87        0.94         -127.04        -107.96        106.59          -18.52        -14.10        13.33          
3.73  -0.527 0.226  -0.417 0.44           1.04           1.05            -157.33       -112.90       112.58         0.23        0.97        0.98         -132.36        -99.14         99.00           -24.96        -13.76        13.58          
3.77  -0.548 0.221  -0.395 0.66           0.92           0.93            -168.06       -134.66       134.05         0.42        0.76        0.78         -160.98        -121.21        120.67          -7.09         -13.45        13.38          
3.80  -0.572 0.226  -0.371 0.70           1.00           1.01            169.07        -133.92       133.43         0.46        0.84        0.85         163.18         -121.60        121.17          5.89          -12.32        12.27          
3.83  -0.590 0.219  -0.350 0.60           0.85           0.87            -160.00       -131.59       130.18         0.37        0.71        0.74         -146.81        -116.27        115.16          -13.19        -15.31        15.02          
3.87  -0.609 0.235  -0.321 0.74           1.03           1.14            137.99        -122.14       118.67         0.58        0.92        1.05         121.14         -108.88        106.57          16.85         -13.26        12.10          
3.90  -0.620 0.234  -0.297 0.35           0.79           0.79            -172.08       -115.88       115.83         0.11        0.72        0.72         -153.43        -97.69         97.67           -18.64        -18.19        18.16          
3.93  -0.637 0.233  -0.276 0.50           0.79           0.79            -177.25       -128.85       128.82         0.25        0.66        0.66         -174.46        -111.76        111.75          -2.79         -17.09        17.08          
3.97  -0.642 0.243  -0.250 0.33           0.81           0.86            117.06        -100.60       99.97          0.31        0.80        0.85         70.87          -82.76         83.19           46.19         -17.85        16.77          
4.00  -0.654 0.255  -0.224 0.55           0.85           0.94            134.67        -116.78       114.20         0.41        0.77        0.86         108.98         -99.96         98.89           25.69         -16.82        15.31          
4.03  -0.656 0.250  -0.201 0.16           0.72           0.74            -106.56       -93.65        93.57          0.26        0.75        0.76         -37.12         -74.17         74.50           -69.44        -19.48        19.07          
4.07  -0.660 0.244  -0.173 0.23           0.83           0.86            -118.29       -97.59        97.37          0.25        0.84        0.86         -55.66         -80.40         80.67           -62.64        -17.19        16.70          
4.10  -0.655 0.233  -0.143 0.34           0.91           0.97            -66.49        -81.45        81.91          0.50        0.98        1.03         -38.99         -66.89         68.03           -27.50        -14.56        13.88          
4.13  -0.655 0.215  -0.117 0.54           0.78           0.95            -89.18        -89.44        89.54          0.60        0.82        0.98         -64.38         -71.80         74.83           -24.80        -17.64        14.71          
4.17  -0.650 0.199  -0.092 0.51           0.76           0.90            -74.10        -79.44        81.13          0.62        0.84        0.97         -51.45         -62.45         66.42           -22.65        -16.99        14.71          
4.20  -0.646 0.189  -0.069 0.33           0.69           0.75            -66.84        -79.10        80.04          0.49        0.78        0.84         -38.73         -60.68         62.89           -28.11        -18.41        17.15          
4.23  -0.628 0.172  -0.038 0.75           1.09           1.21            -43.53        -60.30        63.36          0.94        1.23        1.34         -33.01         -50.17         53.75           -10.52        -10.13        9.62           
4.27  -0.605 0.169  -0.013 0.69           1.02           1.02            -6.65         -47.60        47.76          0.94        1.20        1.21         -4.88          -38.77         38.93           -1.76         -8.83         8.83           
4.30  -0.584 0.163  -0.006 0.66           0.67           0.69            -15.37        -17.82        22.92          0.90        0.91        0.92         -11.15         -12.98         16.87           -4.22         -4.84         6.05           
4.33  -0.554 0.175  -0.005 0.96           0.89           0.96            21.66         -0.59         21.67          1.19        1.14        1.19         17.22          -0.46          17.22           4.44          -0.13         4.44           
4.37  -0.530 0.173  -0.010 0.73           0.74           0.74            -5.33         11.16         12.30          0.98        0.98        0.99         -3.96          8.34           9.21            -1.36         2.82          3.09           
4.40  -0.505 0.174  -0.018 0.74           0.77           0.77            2.69          18.09         18.26          0.99        1.01        1.02         2.01           13.70          13.83           0.68          4.39          4.43           
4.43  -0.480 0.184  -0.035 0.83           0.93           0.98            21.64         33.64         37.76          1.07        1.14        1.18         16.68          26.68          30.33           4.96          6.96          7.43           
4.47  -0.468 0.187  -0.051 0.37           0.58           0.59            15.68         52.84         53.45          0.61        0.76        0.77         9.32           37.64          38.26           6.36          15.20         15.19          
4.50  -0.453 0.196  -0.083 0.53           1.08           1.11            28.41         64.47         65.19          0.76        1.21        1.23         19.37          53.69          54.57           9.04          10.79         10.62          
4.53  -0.443 0.207  -0.100 0.44           0.57           0.66            48.83         59.51         63.97          0.64        0.73        0.80         31.60          42.41          47.76           17.23         17.09         16.20          
4.57  -0.432 0.213  -0.124 0.38           0.81           0.83            31.34         66.52         67.22          0.61        0.94        0.96         18.94          52.37          53.30           12.40         14.15         13.92          
4.60  -0.426 0.225  -0.139 0.41           0.47           0.59            61.33         65.31         70.62          0.57        0.62        0.72         38.84          43.76          51.37           22.49         21.55         19.25          
4.63  -0.418 0.242  -0.157 0.55           0.60           0.78            65.70         67.77         73.14          0.69        0.73        0.89         46.52          49.34          57.52           19.19         18.42         15.62          
4.67  -0.404 0.240  -0.168 0.43           0.53           0.53            -9.60         36.73         37.42          0.68        0.74        0.75         -6.06          25.11          25.67           -3.53         11.61         11.75          
4.70  -0.391 0.251  -0.188 0.53           0.72           0.80            42.28         57.12         60.87          0.73        0.88        0.95         28.99          43.31          47.55           13.29         13.81         13.32          
4.73  -0.373 0.236  -0.185 0.71           0.56           0.72            -39.36        -10.02        39.99          0.92        0.81        0.93         -29.45         -6.93          30.00           -9.91         -3.09         9.99           
4.77  -0.356 0.238  -0.186 0.49           0.49           0.49            6.56          5.73          8.68           0.74        0.74        0.74         4.35           3.79           5.76            2.21          1.94          2.92           
4.80  -0.341 0.210  -0.203 0.96           0.68           1.09            -61.95        48.33         65.43          1.10        0.87        1.21         -50.38         35.87          54.61           -11.57        12.46         10.82          
4.83  -0.313 0.174  -0.221 1.37           1.01           1.47            -51.61        32.48         54.72          1.54        1.23        1.63         -44.29         26.20          47.54           -7.32         6.28          7.19           
4.87  -0.296 0.154  -0.232 0.78           0.60           0.84            -50.26        33.57         53.95          0.96        0.82        1.01         -38.66         23.82          42.42           -11.60        9.76          11.53          
4.90  -0.281 0.144  -0.248 0.55           0.66           0.73            -34.68        46.37         51.48          0.77        0.85        0.90         -24.03         34.06          39.00           -10.65        12.31         12.48          
4.93  -0.264 0.123  -0.269 0.79           0.80           1.01            -50.57        50.89         59.97          0.97        0.98        1.15         -39.11         39.43          49.15           -11.46        11.46         10.82          
4.97  -0.244 0.112  -0.288 0.71           0.85           0.92            -29.60        43.44         47.84          0.94        1.05        1.10         -22.02         34.00          38.18           -7.57         9.44          9.65           
5.00  -0.232 0.117  -0.298 0.37           0.45           0.47            22.76         40.51         43.59          0.61        0.66        0.68         13.64          26.30          28.84           9.12          14.21         14.75          
5.03  -0.211 0.102  -0.313 0.77           0.78           0.89            -33.99        35.22         44.31          0.98        0.99        1.08         -25.82         26.86          35.01           -8.17         8.35          9.30           
5.07  -0.191 0.076  -0.320 0.99           0.63           1.01            -53.40        19.34         54.30          1.16        0.87        1.18         -43.43         13.86          44.37           -9.96         5.48          9.92           
5.10  -0.171 0.059  -0.324 0.79           0.62           0.80            -39.87        11.82         40.73          0.99        0.87        1.00         -30.60         8.43           31.37           -9.27         3.39          9.36           
5.13  -0.147 0.046  -0.326 0.83           0.74           0.84            -27.50        4.43          27.76          1.06        0.99        1.06         -21.27         3.31           21.48           -6.23         1.11          6.28           
5.17  -0.130 0.053  -0.320 0.55           0.54           0.57            22.02         -18.02        27.43          0.79        0.78        0.81         15.19          -12.32         19.21           6.83          -5.70         8.22           
5.20  -0.120 0.049  -0.310 0.31           0.42           0.44            -24.24        -47.03        49.33          0.55        0.62        0.63         -13.52         -29.81         31.86           -10.73        -17.21        17.48          
5.23  -0.110 0.055  -0.302 0.36           0.39           0.43            30.31         -36.93        43.60          0.59        0.61        0.63         17.95          -22.62         27.83           12.35         -14.31        15.77          
5.27  -0.108 0.057  -0.270 0.10           0.98           0.98            59.81         -87.10        87.11          0.31        1.02        1.03         15.86          -72.98         73.04           43.95         -14.12        14.07          
5.30  -0.110 0.061  -0.251 0.12           0.56           0.57            122.44        -96.88        96.76          0.21        0.58        0.59         29.81          -71.68         71.98           92.63         -25.20        24.78          
5.33  -0.110 0.080  -0.224 0.57           0.81           0.99            89.02         -89.32        89.44          0.62        0.85        1.02         65.35          -72.22         75.27           23.68         -17.10        14.17          
5.37  -0.107 0.085  -0.209 0.18           0.48           0.50            57.14         -78.46        78.99          0.38        0.58        0.60         23.23          -53.64         54.93           33.91         -24.82        24.05          
5.40  -0.099 0.092  -0.200 0.31           0.34           0.40            41.54         -46.82        54.19          0.52        0.54        0.58         23.11          -27.17         33.73           18.43         -19.65        20.46          
5.43  -0.097 0.102  -0.173 0.31           0.81           0.87            80.87         -86.47        86.70          0.43        0.86        0.92         45.97          -69.65         70.90           34.90         -16.82        15.81          
5.47  -0.104 0.117  -0.164 0.49           0.34           0.56            113.82        -125.56       110.58         0.45        0.28        0.53         83.20          -79.06         84.20           30.62         -46.49        26.38          
5.50  -0.102 0.127  -0.147 0.30           0.53           0.61            77.71         -83.03        83.91          0.43        0.62        0.68         43.41          -59.29         62.63           34.31         -23.73        21.29          
5.53  -0.095 0.137  -0.145 0.36           0.20           0.36            56.58         -10.02        56.75          0.54        0.45        0.54         33.71          -4.45          33.89           22.87         -5.57         22.86          
5.57  -0.095 0.136  -0.131 0.02           0.43           0.43            -39.73        -87.94        87.94          0.27        0.51        0.51         -2.77          -58.32         58.34           -36.96        -29.62        29.61          
5.60  -0.096 0.157  -0.133 0.63           0.07           0.63            94.07         130.64        94.05          0.66        0.21        0.66         71.83          14.17          71.89           22.24         116.47        22.17          
5.63  -0.101 0.171  -0.140 0.44           0.26           0.49            109.29        123.13        107.14         0.43        0.25        0.48         75.73          64.64          77.37           33.56         58.50         29.77          
5.67  -0.102 0.158  -0.159 0.39           0.56           0.68            -93.04        92.11         91.73          0.45        0.60        0.72         -59.33         67.64          71.33           -33.71        24.47         20.41          
5.70  -0.115 0.167  -0.177 0.49           0.68           0.74            144.70        125.93        122.81         0.32        0.57        0.64         117.82         105.15         103.54          26.88         20.78         19.27          
5.73  -0.117 0.160  -0.197 0.24           0.60           0.64            -107.57       96.95         96.49          0.29        0.62        0.66         -52.06         73.29          74.35           -55.50        23.66         22.14          
5.77  -0.136 0.172  -0.208 0.67           0.65           0.75            146.29        148.14        137.64         0.48        0.46        0.59         129.51         131.52         121.11          16.78         16.62         16.54          
5.80  -0.135 0.169  -0.238 0.10           0.89           0.89            -68.30        87.67         87.68          0.30        0.93        0.93         -17.58         72.10          72.18           -50.72        15.57         15.50          
5.83  -0.136 0.169  -0.256 0.05           0.54           0.54            -173.15       95.49         95.49          0.20        0.57        0.57         -1.79          69.76          69.76           -171.35       25.72         25.72          
5.87  -0.141 0.174  -0.271 0.21           0.48           0.51            133.19        107.47        106.62         0.19        0.47        0.50         55.56          77.05          77.70           77.63         30.42         28.92          
5.90  -0.139 0.163  -0.294 0.34           0.69           0.77            -77.95        84.06         84.66          0.47        0.76        0.83         -46.24         64.98          67.24           -31.72        19.08         17.42          
5.93  -0.121 0.146  -0.320 0.73           0.96           1.08            -42.39        55.46         59.77          0.93        1.12        1.22         -32.00         44.84          49.59           -10.39        10.62         10.18          
5.97  -0.120 0.156  -0.344 0.29           0.71           0.76            87.91         89.14         89.20          0.39        0.75        0.81         48.11          69.72          71.14           39.79         19.42         18.06          
6.00  -0.112 0.144  -0.372 0.45           0.87           0.94            -55.94        73.08         74.49          0.63        0.97        1.04         -36.62         58.81          61.09           -19.32        14.27         13.40          
6.03  -0.112 0.140  -0.391 0.09           0.57           0.57            -87.15        89.53         89.54          0.27        0.62        0.63         -20.04         65.80          66.09           -67.11        23.73         23.45          
6.07  -0.105 0.134  -0.414 0.28           0.74           0.77            -46.62        74.67         75.25          0.49        0.84        0.87         -24.90         58.00          59.03           -21.72        16.67         16.22          
6.10  -0.088 0.104  -0.433 1.02           0.75           1.16            -60.16        47.53         64.08          1.16        0.94        1.29         -49.42         36.20          54.03           -10.74        11.33         10.04          
6.13  -0.094 0.123  -0.442 0.59           0.32           0.65            105.35        119.81        103.90         0.58        0.29        0.64         80.74          71.21          81.64           24.61         48.60         22.27          
6.17  -0.099 0.129  -0.452 0.23           0.35           0.39            131.11        115.50        112.71         0.20        0.33        0.37         59.71          72.29          74.35           71.40         43.21         38.36          
6.20  -0.096 0.125  -0.464 0.13           0.37           0.38            -54.71        78.14         78.62          0.34        0.48        0.50         -18.13         47.82          49.02           -36.58        30.32         29.59          
6.23  -0.107 0.150  -0.473 0.81           0.42           0.86            113.41        139.55        112.11         0.75        0.28        0.80         95.54          104.72         95.20           17.87         34.83         16.91          
6.27  -0.123 0.166  -0.467 0.69           0.54           0.72            136.53        -157.87       134.11         0.54        0.32        0.57         117.86         -140.94        115.91          18.67         -16.93        18.20          
6.30  -0.140 0.175  -0.444 0.55           0.85           0.88            151.96        -124.99       123.26         0.35        0.73        0.78         132.31         -108.74        107.64          19.66         -16.25        15.63          
6.33  -0.149 0.176  -0.430 0.28           0.49           0.49            168.68        -124.04       123.80         0.06        0.41        0.41         114.63         -93.55         93.51           54.06         -30.50        30.29          
6.37  -0.166 0.167  -0.414 0.60           0.70           0.76            -151.40       -138.16       133.65         0.40        0.54        0.61         -133.84        -120.32        116.54          -17.56        -17.84        17.11          
6.40  -0.169 0.155  -0.400 0.36           0.42           0.55            -101.87       -100.19       97.78          0.40        0.45        0.58         -63.83         -67.20         72.29           -38.03        -32.99        25.49          
6.43  -0.189 0.156  -0.386 0.60           0.73           0.73            176.50        -144.72       144.62         0.35        0.55        0.55         173.98         -129.38        129.27          2.51          -15.34        15.35          
6.47  -0.194 0.135  -0.358 0.65           0.88           1.08            -103.18       -99.68        97.85          0.64        0.87        1.07         -80.72         -83.22         84.51           -22.47        -16.46        13.34          
6.50  -0.209 0.151  -0.337 0.65           0.76           0.89            134.04        -126.49       120.44         0.51        0.64        0.80         113.38         -108.30        104.72          20.66         -18.19        15.72          
6.53  -0.217 0.140  -0.321 0.40           0.55           0.64            -129.20       -117.26       113.54         0.31        0.49        0.58         -90.69         -90.44         90.37           -38.51        -26.82        23.17          
6.57  -0.221 0.132  -0.299 0.29           0.66           0.71            -115.10       -100.53       99.80          0.29        0.66        0.71         -63.53         -78.82         79.59           -51.57        -21.71        20.21          
6.60  -0.235 0.135  -0.277 0.41           0.76           0.77            167.13        -121.71       121.46         0.18        0.67        0.67         148.78         -103.11        102.99          18.35         -18.60        18.47          
6.63  -0.236 0.136  -0.247 0.05           0.92           0.92            147.16        -92.80        92.80          0.21        0.94        0.94         8.05           -77.40         77.41           139.10        -15.40        15.40          
6.67  -0.233 0.121  -0.211 0.45           1.09           1.18            -77.83        -84.99        85.36          0.56        1.14        1.23         -52.05         -72.41         73.63           -25.78        -12.58        11.72          
6.70  -0.240 0.138  -0.191 0.54           0.61           0.79            111.88        -109.30       104.78         0.50        0.58        0.77         84.52          -85.22         86.39           27.36         -24.08        18.39          
6.73  -0.243 0.144  -0.172 0.22           0.59           0.62            120.34        -101.08       100.52         0.24        0.59        0.62         54.71          -76.68         77.35           65.63         -24.39        23.17          
6.77  -0.242 0.164  -0.142 0.60           0.90           1.08            86.49         -87.65        88.05          0.66        0.94        1.11         64.41          -72.25         75.10           22.08         -15.41        12.95          
6.80  -0.233 0.144  -0.122 0.67           0.67           0.90            -65.22        -65.10        71.88          0.81        0.80        1.01         -48.86         -48.70         58.22           -16.36        -16.40        13.65          
6.83  -0.229 0.146  -0.105 0.13           0.54           0.54            30.97         -77.73        77.83          0.37        0.64        0.64         10.69          -55.32         55.55           20.29         -22.41        22.28          
6.87  -0.227 0.154  -0.085 0.24           0.60           0.64            74.61         -83.95        84.36          0.39        0.67        0.71         36.16          -62.23         63.83           38.45         -21.72        20.53          
6.90  -0.223 0.146  -0.068 0.27           0.53           0.57            -61.52        -76.02        77.25          0.44        0.63        0.68         -31.81         -53.52         56.10           -29.70        -22.50        21.16          
6.93  -0.222 0.136  -0.051 0.32           0.51           0.60            -87.32        -88.32        88.58          0.41        0.57        0.66         -50.23         -62.51         66.19           -37.09        -25.81        22.38          
6.97  -0.214 0.132  -0.042 0.26           0.36           0.37            -21.10        -46.39        48.20          0.51        0.56        0.57         -10.84         -27.52         29.03           -10.26        -18.87        19.17          
7.00  -0.208 0.110  -0.047 0.71           0.23           0.72            -74.72        36.95         75.02          0.81        0.46        0.82         -57.39         17.80          57.92           -17.33        19.14         17.09          
7.03  -0.203 0.092  -0.049 0.57           0.16           0.57            -74.06        19.18         74.13          0.68        0.41        0.68         -53.31         7.60           53.45           -20.75        11.59         20.69          
7.07  -0.189 0.070  -0.047 0.76           0.40           0.76            -58.11        -6.39         58.17          0.91        0.65        0.92         -44.68         -3.94          44.75           -13.43        -2.45         13.42          
7.10  -0.192 0.065  -0.057 0.18           0.31           0.34            -122.25       108.16        106.23         0.22        0.33        0.36         -44.41         62.04          64.78           -77.84        46.12         41.44          
7.13  -0.188 0.054  -0.088 0.36           0.94           1.00            -68.15        81.78         82.26          0.51        1.01        1.06         -41.14         67.58          68.79           -27.01        14.19         13.47          
7.17  -0.184 0.055  -0.114 0.13           0.78           0.78            9.99          80.45         80.46          0.38        0.86        0.86         3.44           63.78          63.79           6.55          16.67         16.67          
7.20  -0.180 0.063  -0.136 0.29           0.69           0.74            66.04         80.11         80.78          0.45        0.77        0.82         35.87          61.52          63.20           30.17         18.59         17.58          
7.23  -0.176 0.077  -0.153 0.42           0.50           0.65            75.40         77.98         80.64          0.54        0.61        0.73         48.63          54.25          60.87           26.77         23.73         19.77          
7.27  -0.171 0.088  -0.172 0.38           0.59           0.68            64.85         74.25         76.41          0.53        0.70        0.78         39.83          54.24          58.31           25.03         20.02         18.10          
7.30  -0.166 0.097  -0.180 0.29           0.29           0.38            61.25         60.71         68.58          0.47        0.46        0.53         33.14          32.56          42.40           28.11         28.15         26.18          
7.33  -0.158 0.115  -0.195 0.61           0.52           0.76            65.71         61.15         70.75          0.75        0.68        0.88         48.03          42.33          55.17           17.68         18.82         15.58          
7.37  -0.155 0.135  -0.205 0.59           0.29           0.66            82.40         74.52         83.14          0.67        0.43        0.73         60.82          40.79          63.29           21.58         33.73         19.85          
7.40  -0.138 0.147  -0.209 0.62           0.53           0.64            34.78         14.53         36.55          0.84        0.77        0.85         25.00          9.87           26.46           9.79          4.66          10.10          
7.43  -0.131 0.166  -0.224 0.62           0.51           0.77            68.53         63.74         72.91          0.75        0.66        0.87         50.34          43.87          57.04           18.20         19.87         15.87          
7.47  -0.124 0.188  -0.216 0.69           0.30           0.73            74.15         -51.34        75.02          0.80        0.50        0.83         56.56          -28.25         58.10           17.60         -23.10        16.92          
7.50  -0.111 0.199  -0.224 0.51           0.46           0.56            39.24         31.12         45.44          0.72        0.69        0.76         26.53          20.26          31.83           12.71         10.86         13.61          
7.53  -0.101 0.208  -0.235 0.40           0.43           0.50            41.66         45.30         53.40          0.61        0.63        0.68         25.92          28.90          36.34           15.74         16.40         17.06          
7.57  -0.092 0.227  -0.229 0.65           0.33           0.67            63.90         -29.65        64.74          0.79        0.56        0.81         47.40          -16.87         48.47           16.50         -12.78        16.27          
7.60  -0.087 0.242  -0.225 0.48           0.19           0.49            71.41         -35.99        71.90          0.60        0.42        0.61         48.30          -15.33         49.12           23.11         -20.66        22.78          
7.63  -0.091 0.261  -0.217 0.59           0.30           0.65            104.31        -119.06       103.05         0.58        0.28        0.64         79.66          -68.33         80.59           24.65         -50.73        22.47          
7.67  -0.090 0.272  -0.217 0.31           0.04           0.31            84.39         31.97         84.40          0.42        0.28        0.42         48.06          3.91           48.12           36.32         28.06         36.28          
