time  x      y      z      groundspeedxy  groundspeedxz  groundspeedxyz  trackanglexy  trackanglexz  trackanglexyz  airspeedxy  airspeedxz  airspeedxyz  courseanglexy  courseanglexz  courseanglexyz  driftanglexy  driftanglexz  driftanglexyz  
0.00  -1.153 0.165  -0.114 
0.03  -1.152 0.176  -0.102 0.33           0.37           0.49            86.76         -87.14        87.85          0.42        0.46        0.56         50.46          -53.92         61.35           36.30         -33.22        26.50          
0.07  -1.145 0.184  -0.091 0.32           0.40           0.46            45.88         -55.58        60.76          0.53        0.58        0.62         26.01          -34.62         40.21           19.87         -20.95        20.55          
0.10  -1.141 0.197  -0.074 0.40           0.53           0.66            74.37         -78.27        80.54          0.53        0.63        0.74         47.12          -55.43         61.04           27.25         -22.84        19.50          
0.13  -1.134 0.220  -0.067 0.74           0.29           0.76            73.44         -43.18        74.02          0.84        0.50        0.87         56.92          -23.19         57.89           16.52         -19.99        16.12          
0.17  -1.125 0.240  -0.060 0.66           0.36           0.69            64.75         -38.55        66.18          0.79        0.57        0.83         48.22          -22.81         50.09           16.53         -15.73        16.08          
0.20  -1.115 0.249  -0.049 0.41           0.44           0.52            41.67         -47.12        54.41          0.61        0.64        0.70         25.99          -30.53         37.42           15.69         -16.59        16.99          
0.23  -1.106 0.263  -0.041 0.49           0.34           0.54            59.22         -42.80        62.45          0.66        0.55        0.70         40.10          -24.92         43.89           19.11         -17.88        18.57          
0.27  -1.094 0.273  -0.031 0.49           0.48           0.57            39.64         -38.77        49.09          0.70        0.70        0.76         26.46          -25.76         34.73           13.18         -13.01        14.36          
0.30  -1.075 0.273  -0.020 0.56           0.65           0.65            -0.40         -30.78        30.78          0.81        0.87        0.87         -0.28          -22.37         22.37           -0.12         -8.41         8.41           
0.33  -1.066 0.275  -0.006 0.27           0.48           0.49            11.84         -56.56        56.81          0.52        0.65        0.66         6.17           -37.99         38.25           5.67          -18.58        18.56          
0.37  -1.050 0.279  0.003  0.51           0.57           0.58            12.64         -28.79        30.69          0.76        0.80        0.81         8.50           -20.11         21.58           4.14          -8.68         9.11           
0.40  -1.038 0.282  0.015  0.36           0.52           0.52            12.66         -47.52        48.11          0.60        0.71        0.71         7.45           -32.47         33.01           5.20          -15.05        15.10          
0.43  -1.017 0.281  0.026  0.64           0.72           0.72            -1.39         -27.09        27.11          0.89        0.94        0.94         -1.00          -20.17         20.19           -0.39         -6.92         6.93           
0.47  -0.993 0.284  0.038  0.72           0.79           0.80            7.80          -26.79        27.62          0.96        1.02        1.03         5.78           -20.47         21.14           2.02          -6.32         6.47           
0.50  -0.969 0.291  0.051  0.74           0.81           0.83            15.84         -28.24        31.28          0.98        1.04        1.06         11.86          -21.69         24.21           3.98          -6.56         7.06           
0.53  -0.951 0.298  0.068  0.60           0.77           0.79            19.84         -43.00        45.00          0.84        0.97        0.99         14.02          -32.83         34.67           5.83          -10.17        10.32          
0.57  -0.934 0.308  0.075  0.60           0.54           0.63            32.17         -20.65        36.26          0.82        0.78        0.85         22.88          -14.19         26.20           9.29          -6.46         10.06          
0.60  -0.922 0.320  0.079  0.49           0.38           0.50            42.90         -18.12        44.58          0.69        0.62        0.70         28.72          -10.92         30.16           14.18         -7.20         14.42          
0.63  -0.899 0.332  0.074  0.77           0.69           0.79            29.55         13.20         31.53          0.99        0.93        1.01         22.43          9.69           24.07           7.12          3.51          7.46           
0.67  -0.884 0.331  0.066  0.46           0.51           0.51            -4.27         26.46         26.71          0.71        0.74        0.74         -2.76          17.83          18.01           -1.51         8.63          8.70           
0.70  -0.878 0.339  0.047  0.30           0.60           0.64            50.43         71.74         72.97          0.49        0.72        0.76         27.51          52.52          54.54           22.93         19.22         18.42          
0.73  -0.864 0.343  0.028  0.43           0.68           0.70            19.10         53.63         54.49          0.67        0.86        0.87         12.10          40.04          40.93           7.01          13.59         13.56          
0.77  -0.860 0.335  0.000  0.28           0.86           0.90            -60.76        80.82         81.18          0.46        0.93        0.97         -32.34         65.50          66.35           -28.42        15.32         14.83          
0.80  -0.860 0.332  -0.032 0.08           0.96           0.96            -86.06        89.66         89.66          0.27        0.99        0.99         -17.92         75.04          75.10           -68.14        14.62         14.57          
0.83  -0.862 0.323  -0.068 0.29           1.08           1.11            -102.78       93.42         93.31          0.34        1.09        1.13         -56.72         80.18          80.50           -46.06        13.24         12.81          
0.87  -0.864 0.319  -0.092 0.15           0.75           0.76            -119.07       95.48         95.40          0.22        0.77        0.78         -35.74         76.52          76.71           -83.33        18.96         18.69          
0.90  -0.864 0.309  -0.128 0.30           1.07           1.12            -87.07        89.18         89.21          0.40        1.11        1.15         -48.42         76.13          76.61           -38.65        13.06         12.60          
0.93  -0.874 0.290  -0.161 0.64           1.03           1.17            -118.72       107.51        105.29         0.57        0.98        1.13         -96.01         93.47          93.01           -22.71        14.04         12.29          
0.97  -0.875 0.268  -0.200 0.67           1.17           1.34            -93.11        91.77         91.54          0.70        1.18        1.36         -72.16         79.59          80.94           -20.95        12.18         10.60          
1.00  -0.871 0.263  -0.217 0.20           0.53           0.55            -49.47        76.01         76.55          0.41        0.64        0.66         -21.63         53.69          54.80           -27.84        22.32         21.75          
1.03  -0.859 0.256  -0.245 0.42           0.91           0.93            -28.56        66.25         66.84          0.65        1.03        1.05         -17.92         53.48          54.24           -10.64        12.77         12.60          
1.07  -0.844 0.253  -0.265 0.43           0.73           0.74            -12.43        54.70         55.03          0.68        0.90        0.91         -7.89          41.62          41.97           -4.53         13.08         13.06          
1.10  -0.831 0.248  -0.281 0.44           0.63           0.65            -19.24        49.47         50.67          0.68        0.82        0.83         -12.24         36.02          37.19           -7.00         13.45         13.48          
1.13  -0.815 0.254  -0.295 0.51           0.64           0.66            21.33         42.46         44.85          0.74        0.84        0.86         14.31          30.88          33.03           7.02          11.58         11.82          
1.17  -0.798 0.261  -0.305 0.54           0.60           0.63            19.81         31.58         35.47          0.78        0.83        0.85         13.61          22.45          25.59           6.20          9.13          9.88           
1.20  -0.774 0.262  -0.312 0.72           0.74           0.74            3.57          15.06         15.44          0.97        0.99        0.99         2.65           11.28          11.57           0.92          3.78          3.87           
1.23  -0.751 0.272  -0.316 0.74           0.69           0.75            23.03         11.02         25.06          0.98        0.94        0.98         17.28          8.11           18.89           5.75          2.91          6.17           
1.27  -0.727 0.273  -0.319 0.75           0.75           0.75            4.18          5.70          7.05           1.00        1.00        1.00         3.13           4.27           5.29            1.05          1.43          1.76           
1.30  -0.710 0.287  -0.312 0.64           0.53           0.67            39.22         -21.89        42.29          0.85        0.77        0.87         28.46          -14.94         31.14           10.76         -6.95         11.15          
1.33  -0.690 0.294  -0.307 0.64           0.63           0.66            19.31         -13.93        23.23          0.88        0.87        0.90         13.94          -9.97          16.92           5.36          -3.96         6.31           
1.37  -0.671 0.292  -0.297 0.56           0.63           0.64            -7.47         -29.57        30.22          0.80        0.86        0.86         -5.16          -21.33         21.84           -2.32         -8.25         8.38           
1.40  -0.653 0.303  -0.293 0.64           0.55           0.65            33.23         -10.33        34.21          0.86        0.79        0.87         24.10          -7.10          24.91           9.13          -3.24         9.31           
1.43  -0.629 0.304  -0.289 0.72           0.73           0.73            2.22          -10.19        10.42          0.97        0.98        0.98         1.65           -7.60          7.77            0.57          -2.59         2.65           
1.47  -0.609 0.312  -0.285 0.65           0.62           0.66            21.12         -11.90        23.74          0.89        0.87        0.90         15.31          -8.49          17.31           5.81          -3.41         6.43           
1.50  -0.586 0.318  -0.275 0.71           0.75           0.77            13.99         -23.39        26.52          0.96        0.99        1.00         10.36          -17.61         20.12           3.63          -5.78         6.41           
1.53  -0.571 0.325  -0.263 0.51           0.58           0.62            23.73         -36.56        40.77          0.75        0.80        0.82         15.97          -25.78         29.31           7.76          -10.79        11.46          
1.57  -0.543 0.322  -0.240 0.84           1.09           1.09            -6.32         -40.38        40.62          1.08        1.29        1.29         -4.87          -33.18         33.40           -1.45         -7.21         7.22           
1.60  -0.530 0.323  -0.218 0.40           0.77           0.77            4.70          -59.15        59.18          0.65        0.93        0.93         2.89           -45.74         45.77           1.82          -13.42        13.41          
1.63  -0.517 0.324  -0.199 0.39           0.68           0.68            5.21          -55.02        55.08          0.64        0.85        0.85         3.18           -41.05         41.11           2.03          -13.97        13.97          
1.67  -0.510 0.315  -0.172 0.33           0.83           0.87            -51.61        -75.70        76.36          0.52        0.93        0.96         -29.70         -60.57         61.76           -21.92        -15.13        14.60          
1.70  -0.506 0.313  -0.140 0.12           0.96           0.96            -28.22        -83.77        83.78          0.36        1.02        1.02         -8.96          -69.64         69.67           -19.25        -14.13        14.11          
1.73  -0.503 0.312  -0.105 0.11           1.06           1.07            -29.28        -84.70        84.71          0.35        1.12        1.12         -8.99          -71.81         71.83           -20.29        -12.89        12.88          
1.77  -0.496 0.305  -0.074 0.28           0.95           0.97            -44.48        -77.73        77.99          0.49        1.04        1.05         -23.73         -64.08         64.58           -20.75        -13.64        13.41          
1.80  -0.493 0.301  -0.047 0.16           0.83           0.83            -45.99        -82.19        82.27          0.38        0.89        0.90         -17.78         -66.12         66.33           -28.21        -16.07        15.94          
1.83  -0.485 0.303  -0.030 0.25           0.55           0.55            16.77         -64.21        64.44          0.49        0.69        0.70         8.37           -45.30         45.60           8.40          -18.90        18.84          
1.87  -0.472 0.295  0.012  0.45           1.32           1.34            -33.98        -73.50        73.80          0.67        1.41        1.43         -22.00         -63.71         64.15           -11.97        -9.79         9.65           
1.90  -0.458 0.281  0.027  0.60           0.62           0.75            -44.45        -46.12        55.03          0.80        0.81        0.92         -31.81         -33.32         42.11           -12.65        -12.80        12.92          
1.93  -0.447 0.272  0.051  0.43           0.80           0.84            -38.45        -65.30        66.64          0.64        0.93        0.97         -24.41         -51.18         52.92           -14.04        -14.12        13.72          
1.97  -0.438 0.264  0.054  0.36           0.29           0.38            -40.36        -20.21        42.81          0.58        0.54        0.58         -24.01         -10.92         25.90           -16.35        -9.29         16.91          
2.00  -0.425 0.256  0.044  0.46           0.50           0.56            -33.38        39.77         46.71          0.68        0.71        0.75         -21.72         26.72          32.70           -11.66        13.06         14.01          
2.03  -0.404 0.248  0.041  0.67           0.62           0.67            -22.05        6.39          22.80          0.90        0.87        0.91         -16.09         4.56           16.66           -5.96         1.83          6.14           
2.07  -0.394 0.228  0.028  0.68           0.52           0.79            -61.74        51.70         66.04          0.83        0.70        0.92         -46.29         35.45          51.68           -15.45        16.25         14.36          
2.10  -0.374 0.217  0.003  0.68           0.95           1.00            -27.95        50.97         53.32          0.90        1.12        1.17         -20.51         41.01          43.43           -7.44         9.96          9.90           
2.13  -0.354 0.209  -0.016 0.63           0.81           0.85            -23.58        44.11         46.75          0.87        1.00        1.04         -16.97         34.13          36.63           -6.61         9.98          10.12          
2.17  -0.337 0.202  -0.043 0.55           0.97           0.99            -20.25        58.04         58.70          0.79        1.12        1.14         -13.93         47.14          47.87           -6.32         10.90         10.82          
2.20  -0.315 0.194  -0.068 0.71           1.00           1.03            -21.03        48.54         50.08          0.95        1.18        1.21         -15.59         39.40          40.94           -5.44         9.14          9.14           
2.23  -0.296 0.199  -0.082 0.60           0.72           0.74            15.15         37.25         38.91          0.84        0.93        0.95         10.69          27.93          29.37           4.46          9.32          9.54           
2.27  -0.286 0.195  -0.115 0.34           1.02           1.03            -22.27        72.23         72.38          0.58        1.12        1.13         -12.80         59.99          60.20           -9.47         12.24         12.17          
2.30  -0.270 0.199  -0.131 0.49           0.67           0.69            15.71         45.97         46.99          0.73        0.87        0.88         10.39          34.00          34.95           5.32          11.97         12.04          
2.33  -0.269 0.208  -0.156 0.27           0.75           0.80            80.57         86.65         86.84          0.40        0.81        0.85         42.01          68.63          69.75           38.56         18.02         17.09          
2.37  -0.260 0.204  -0.169 0.28           0.45           0.47            -28.50        57.22         58.71          0.51        0.62        0.64         -15.03         37.52          39.13           -13.47        19.70         19.57          
2.40  -0.262 0.206  -0.182 0.08           0.39           0.39            129.22        97.29         97.20          0.21        0.43        0.44         16.74          62.48          62.76           112.48        34.81         34.44          
2.43  -0.265 0.205  -0.212 0.10           0.92           0.92            -174.64       95.92         95.92          0.15        0.93        0.93         -3.31          80.44          80.44           -171.33       15.48         15.48          
2.47  -0.255 0.193  -0.245 0.48           1.02           1.08            -49.35        72.28         73.33          0.67        1.12        1.18         -32.84         60.03          61.61           -16.51        12.25         11.72          
2.50  -0.252 0.195  -0.261 0.10           0.50           0.50            28.16         79.75         79.80          0.34        0.60        0.60         7.98           55.38          55.51           20.18         24.37         24.29          
2.53  -0.253 0.189  -0.286 0.17           0.76           0.78            -103.53       92.97         92.90          0.27        0.79        0.80         -37.79         74.45          74.78           -65.73        18.52         18.12          
2.57  -0.242 0.184  -0.324 0.36           1.19           1.20            -25.26        74.03         74.16          0.60        1.28        1.29         -14.99         63.24          63.44           -10.27        10.79         10.72          
2.60  -0.244 0.182  -0.347 0.11           0.69           0.70            -129.22       95.53         95.49          0.20        0.71        0.72         -23.94         75.05          75.15           -105.28       20.48         20.34          
2.63  -0.242 0.178  -0.375 0.13           0.83           0.84            -55.08        84.81         84.85          0.34        0.89        0.90         -18.36         68.58          68.74           -36.72        16.23         16.11          
2.67  -0.249 0.178  -0.409 0.21           1.03           1.03            178.57        101.49        101.49         0.05        1.01        1.01         6.51           87.45          87.45           172.06        14.04         14.04          
2.70  -0.248 0.175  -0.437 0.10           0.84           0.85            -69.93        87.56         87.58          0.30        0.89        0.89         -18.93         71.23          71.35           -51.00        16.33         16.23          
2.73  -0.244 0.171  -0.462 0.16           0.78           0.79            -43.32        81.72         81.80          0.38        0.86        0.86         -16.35         64.93          65.14           -26.97        16.79         16.66          
2.77  -0.255 0.172  -0.496 0.32           1.06           1.06            177.16        107.75        107.75         0.08        1.02        1.02         167.78         94.19          94.19           9.38          13.56         13.56          
2.80  -0.254 0.168  -0.529 0.10           0.97           0.98            -87.27        89.71         89.72          0.27        1.01        1.01         -21.77         75.34          75.41           -65.49        14.38         14.30          
2.83  -0.258 0.168  -0.556 0.10           0.81           0.81            -178.59       96.93         96.93          0.15        0.82        0.82         -0.90          79.29          79.29           -177.69       17.64         17.64          
2.87  -0.256 0.157  -0.562 0.35           0.20           0.40            -79.82        72.26         81.10          0.47        0.37        0.51         -48.01         31.96          51.88           -31.80        40.30         29.22          
2.90  -0.255 0.157  -0.603 0.03           1.22           1.22            -12.26        88.82         88.82          0.28        1.25        1.25         -1.13          77.28          77.28           -11.13        11.54         11.54          
2.93  -0.258 0.155  -0.617 0.11           0.44           0.45            -146.89       102.39        102.27         0.17        0.46        0.46         -21.76         70.25          70.44           -125.14       32.14         31.83          
2.97  -0.258 0.162  -0.631 0.22           0.42           0.47            89.63         89.80         89.83          0.33        0.49        0.54         41.23          59.10          62.08           48.39         30.70         27.75          
3.00  -0.264 0.172  -0.647 0.35           0.51           0.58            123.33        112.40        109.25         0.30        0.47        0.55         78.90          82.99          84.05           44.43         29.41         25.20          
3.03  -0.275 0.174  -0.646 0.32           0.31           0.32            168.96        -177.67       168.73         0.09        0.07        0.09         136.24         -168.73        135.64          32.72         -8.94         33.09          
3.07  -0.282 0.191  -0.647 0.57           0.23           0.57            113.45        177.44        113.45         0.52        0.03        0.52         87.25          22.01          87.25           26.21         155.43        26.20          
3.10  -0.304 0.206  -0.647 0.79           0.66           0.79            145.78        177.60        145.73         0.60        0.41        0.60         132.31         176.13         132.26          13.47         1.47          13.47          
3.13  -0.304 0.224  -0.670 0.54           0.66           0.86            90.61         90.50         90.39          0.59        0.71        0.89         65.72          69.76          74.07           24.89         20.73         16.32          
3.17  -0.333 0.254  -0.671 1.25           0.85           1.25            133.22        176.83        133.18         1.09        0.60        1.09         123.59         175.52         123.56          9.63          1.31          9.62           
3.20  -0.370 0.273  -0.674 1.25           1.11           1.25            152.34        175.08        152.02         1.03        0.86        1.04         145.89         173.65         145.54          6.44          1.43          6.48           
3.23  -0.374 0.282  -0.677 0.29           0.15           0.31            113.14        141.11        112.00         0.30        0.16        0.32         63.45          34.61          64.72           49.69         106.50        47.28          
3.27  -0.394 0.294  -0.676 0.71           0.61           0.71            149.90        -176.77       149.78         0.51        0.37        0.51         135.64         -174.57        135.50          14.26         -2.21         14.28          
3.30  -0.407 0.293  -0.675 0.40           0.40           0.40            -175.89       -174.28       172.98         0.15        0.15        0.16         -169.12        -164.99        161.74          -6.78         -9.29         11.23          
3.33  -0.415 0.286  -0.666 0.32           0.35           0.42            -135.53       -129.72       122.77         0.22        0.27        0.35         -84.05         -85.14         86.23           -51.48        -44.58        36.54          
3.37  -0.419 0.280  -0.658 0.23           0.28           0.34            -126.62       -119.35       114.15         0.22        0.27        0.33         -58.85         -65.43         69.97           -67.78        -53.92        44.19          
3.40  -0.439 0.267  -0.642 0.70           0.74           0.84            -145.67       -141.84       133.85         0.52        0.56        0.69         -129.83        -125.94        118.68          -15.84        -15.90        15.16          
3.43  -0.441 0.256  -0.621 0.32           0.65           0.72            -101.32       -95.57        95.01          0.37        0.67        0.74         -59.40         -73.92         75.47           -41.92        -21.66        19.54          
3.47  -0.445 0.250  -0.593 0.21           0.84           0.86            -126.31       -98.59        98.42          0.21        0.84        0.86         -54.06         -81.52         81.69           -72.26        -17.08        16.73          
3.50  -0.456 0.246  -0.559 0.36           1.07           1.07            -160.19       -108.30       108.18         0.15        1.01        1.02         -125.03        -94.77         94.74           -35.16        -13.52        13.44          
3.53  -0.465 0.239  -0.536 0.35           0.75           0.78            -141.55       -111.29       110.42         0.22        0.70        0.74         -96.21         -91.93         91.84           -45.34        -19.36        18.58          
3.57  -0.481 0.236  -0.493 0.48           1.37           1.37            -168.76       -110.08       110.03         0.24        1.30        1.31         -156.99        -99.70         99.68           -11.77        -10.37        10.35          
3.60  -0.503 0.232  -0.459 0.68           1.22           1.22            -168.95       -122.97       122.77         0.43        1.10        1.11         -162.58        -112.00        111.84          -6.36         -10.97        10.92          
3.63  -0.529 0.246  -0.418 0.87           1.45           1.51            151.19        -121.76       120.37         0.66        1.34        1.40         140.73         -112.61        111.52          10.46         -9.15         8.86           
3.67  -0.548 0.250  -0.380 0.61           1.29           1.30            167.73        -117.58       117.43         0.37        1.19        1.20         159.48         -106.89        106.79          8.25          -10.70        10.65          
3.70  -0.574 0.251  -0.348 0.75           1.22           1.22            178.68        -128.22       128.21         0.50        1.08        1.08         178.02         -117.75        117.75          0.66          -10.46        10.46          
3.73  -0.601 0.243  -0.314 0.85           1.30           1.32            -165.10       -129.10       128.46         0.61        1.16        1.18         -159.07        -119.47        118.91          -6.04         -9.63         9.55           
3.77  -0.626 0.250  -0.278 0.80           1.34           1.36            164.14        -124.75       124.24         0.56        1.22        1.24         157.11         -115.03        114.61          7.02          -9.72         9.62           
3.80  -0.644 0.250  -0.249 0.52           0.99           0.99            -178.43       -121.70       121.70         0.27        0.88        0.88         -176.97        -107.77        107.76          -1.46         -13.93        13.93          
3.83  -0.666 0.256  -0.222 0.71           1.08           1.09            164.04        -129.13       128.39         0.47        0.94        0.96         155.66         -117.21        116.60          8.38          -11.91        11.79          
3.87  -0.679 0.255  -0.196 0.38           0.87           0.87            -175.46       -115.90       115.88         0.13        0.79        0.79         -166.90        -99.40         99.39           -8.56         -16.50        16.49          
3.90  -0.684 0.267  -0.170 0.38           0.79           0.86            113.91        -101.23       100.27         0.36        0.78        0.85         74.37          -82.86         83.48           39.54         -18.38        16.80          
3.93  -0.694 0.283  -0.149 0.56           0.70           0.85            121.64        -114.57       110.16         0.48        0.64        0.80         95.02          -93.73         93.00           26.62         -20.83        17.16          
3.97  -0.701 0.283  -0.131 0.22           0.58           0.58            179.18        -112.05       112.05         0.03        0.53        0.53         5.20           -86.35         86.36           173.98        -25.70        25.70          
4.00  -0.701 0.286  -0.106 0.09           0.73           0.74            83.13         -89.20        89.21          0.27        0.78        0.78         18.01          -70.41         70.53           65.11         -18.79        18.68          
4.03  -0.693 0.299  -0.087 0.46           0.64           0.75            60.10         -69.03        72.31          0.62        0.76        0.86         39.69          -51.23         56.25           20.41         -17.80        16.06          
4.07  -0.698 0.316  -0.076 0.55           0.35           0.63            106.98        -117.37       104.74         0.53        0.32        0.62         80.29          -73.83         81.62           26.69         -43.54        23.12          
4.10  -0.692 0.336  -0.064 0.63           0.43           0.73            71.07         -61.66        73.86          0.75        0.59        0.84         52.60          -39.75         57.17           18.47         -21.91        16.69          
4.13  -0.684 0.352  -0.041 0.54           0.72           0.86            63.90         -70.64        74.07          0.69        0.83        0.96         44.82          -54.18         59.61           19.08         -16.46        14.45          
4.17  -0.671 0.369  -0.035 0.62           0.41           0.65            53.05         -25.27        54.67          0.80        0.65        0.82         38.55          -15.80         40.22           14.49         -9.47         14.45          
4.20  -0.663 0.382  -0.035 0.47           0.24           0.47            59.00         -3.03         59.01          0.63        0.49        0.63         39.22          -1.49          39.23           19.78         -1.54         19.78          
4.23  -0.653 0.401  -0.039 0.64           0.33           0.65            61.67         20.48         62.14          0.79        0.57        0.80         45.55          11.60          46.12           16.12         8.88          16.03          
4.27  -0.645 0.421  -0.048 0.63           0.37           0.69            68.29         50.68         70.30          0.76        0.56        0.81         50.39          30.43          53.34           17.90         20.25         16.96          
4.30  -0.631 0.426  -0.065 0.45           0.67           0.69            19.21         50.31         51.44          0.70        0.85        0.87         12.42          37.28          38.39           6.80          13.03         13.05          
4.33  -0.624 0.430  -0.074 0.27           0.35           0.38            33.08         50.66         54.13          0.50        0.55        0.57         17.10          29.94          33.15           15.98         20.71         20.98          
4.37  -0.609 0.433  -0.089 0.44           0.62           0.63            11.44         46.05         46.59          0.69        0.82        0.82         7.31           33.33          33.83           4.13          12.72         12.76          
4.40  -0.594 0.432  -0.106 0.46           0.68           0.68            -5.00         48.31         48.40          0.71        0.87        0.87         -3.23          35.91          35.99           -1.77         12.40         12.40          
4.43  -0.575 0.419  -0.110 0.70           0.59           0.71            -33.17        10.18         34.13          0.92        0.84        0.92         -24.60         7.17           25.40           -8.57         3.01          8.73           
4.47  -0.559 0.414  -0.119 0.50           0.55           0.57            -19.87        30.53         34.67          0.74        0.77        0.79         -13.29         21.08          24.32           -6.58         9.45          10.34          
4.50  -0.547 0.415  -0.128 0.36           0.45           0.45            6.00          37.40         37.66          0.61        0.66        0.66         3.53           24.16          24.36           2.47          13.24         13.29          
4.53  -0.528 0.392  -0.132 0.90           0.58           0.90            -51.04        12.47         51.48          1.07        0.82        1.08         -40.59         8.71           41.03           -10.46        3.76          10.45          
4.57  -0.513 0.386  -0.125 0.48           0.50           0.53            -20.37        -25.35        31.05          0.72        0.73        0.75         -13.44         -16.96         21.18           -6.93         -8.40         9.87           
4.60  -0.500 0.376  -0.123 0.49           0.41           0.50            -35.79        -10.25        36.63          0.71        0.66        0.72         -23.95         -6.35          24.61           -11.84        -3.89         12.02          
4.63  -0.493 0.376  -0.111 0.21           0.41           0.41            -5.02         -59.16        59.20          0.46        0.58        0.58         -2.29          -37.28         37.31           -2.74         -21.89        21.89          
4.67  -0.485 0.365  -0.098 0.41           0.47           0.58            -53.68        -59.16        65.14          0.59        0.64        0.72         -33.79         -39.48         46.71           -19.89        -19.68        18.43          
4.70  -0.482 0.356  -0.077 0.28           0.63           0.68            -70.98        -81.86        82.47          0.43        0.71        0.76         -37.45         -61.56         63.42           -33.53        -20.30        19.05          
4.73  -0.474 0.358  -0.061 0.25           0.53           0.53            14.08         -62.37        62.57          0.50        0.68        0.68         7.06           -43.36         43.60           7.01          -19.01        18.97          
4.77  -0.480 0.344  -0.034 0.47           0.83           0.94            -111.77       -102.07       100.68         0.44        0.82        0.93         -80.07         -84.64         85.27           -31.70        -17.43        15.40          
4.80  -0.463 0.331  -0.013 0.63           0.81           0.90            -37.92        -52.14        56.38          0.84        0.98        1.06         -27.39         -40.54         45.00           -10.53        -11.59        11.37          
4.83  -0.466 0.327  0.003  0.14           0.49           0.50            -127.47       -99.94        99.70          0.20        0.51        0.52         -33.51         -70.94         71.39           -93.96        -29.00        28.31          
4.87  -0.465 0.323  0.015  0.14           0.36           0.39            -85.89        -88.46        88.55          0.29        0.44        0.46         -27.49         -54.25         56.01           -58.40        -34.21        32.54          
4.90  -0.465 0.319  0.021  0.12           0.17           0.21            -85.37        -86.75        87.34          0.29        0.31        0.33         -24.89         -33.48         38.93           -60.49        -53.27        48.41          
4.93  -0.445 0.314  0.042  0.62           0.88           0.89            -13.46        -47.03        47.72          0.86        1.07        1.08         -9.59          -37.15         37.82           -3.87         -9.87         9.90           
4.97  -0.444 0.319  0.041  0.16           0.05           0.16            78.56         47.60         78.82          0.32        0.28        0.32         29.20          7.06           29.79           49.36         40.54         49.03          
5.00  -0.446 0.337  0.045  0.53           0.11           0.54            94.99         -114.21       94.90          0.57        0.23        0.58         69.04          -26.87         69.39           25.95         -87.34        25.50          
5.03  -0.433 0.345  0.042  0.46           0.40           0.47            31.43         11.45         32.77          0.69        0.65        0.69         20.47          7.05           21.47           10.96         4.40          11.30          
5.07  -0.440 0.356  0.040  0.40           0.22           0.41            122.59        165.47        122.24         0.34        0.07        0.34         84.31          58.97          84.38           38.28         106.50        37.85          
5.10  -0.446 0.365  0.035  0.34           0.26           0.38            125.49        140.41        121.56         0.28        0.17        0.33         79.63          72.75          81.04           45.86         67.66         40.52          
5.13  -0.457 0.375  0.021  0.45           0.54           0.61            138.64        128.62        123.16         0.31        0.43        0.52         105.95         101.36         99.34           32.69         27.25         23.83          
5.17  -0.477 0.391  0.002  0.75           0.81           0.93            141.70        136.32        128.90         0.57        0.65        0.80         125.96         120.97         114.82          15.73         15.35         14.08          
5.20  -0.497 0.398  -0.013 0.63           0.75           0.78            159.21        141.79        138.84         0.40        0.57        0.61         146.52         126.09         123.29          12.69         15.69         15.55          
5.23  -0.509 0.407  -0.032 0.48           0.69           0.74            143.23        123.70        120.83         0.31        0.59        0.65         114.73         102.93         101.61          28.50         20.77         19.22          
5.27  -0.527 0.418  -0.054 0.61           0.84           0.89            150.02        129.00        126.27         0.41        0.71        0.77         132.44         113.13         111.16          17.58         15.87         15.11          
5.30  -0.539 0.418  -0.077 0.37           0.79           0.79            179.39        118.48        118.48         0.12        0.70        0.70         178.17         100.23         100.23          1.22          18.25         18.25          
5.33  -0.556 0.412  -0.105 0.52           0.97           0.98            -161.87       120.79        120.32         0.30        0.87        0.88         -146.58        106.47         106.18          -15.29        14.32         14.14          
5.37  -0.570 0.402  -0.124 0.51           0.70           0.77            -143.55       125.33        122.13         0.34        0.60        0.67         -117.63        105.32         103.64          -25.93        20.01         18.48          
5.40  -0.584 0.398  -0.121 0.45           0.44           0.46            -163.78       -168.04       160.21         0.22        0.20        0.24         -145.13        -153.08        139.23          -18.66        -14.96        20.98          
5.43  -0.595 0.384  -0.141 0.53           0.67           0.79            -129.15       119.99        115.21         0.42        0.59        0.72         -101.82        98.44          96.90           -27.33        21.55         18.31          
5.47  -0.597 0.374  -0.156 0.32           0.46           0.55            -103.31       99.31         97.67          0.36        0.48        0.58         -60.53         68.62          72.16           -42.78        30.69         25.51          
5.50  -0.603 0.362  -0.179 0.39           0.72           0.80            -114.30       102.90        101.55         0.37        0.71        0.79         -76.01         82.79          83.57           -38.29        20.11         17.98          
5.53  -0.608 0.364  -0.188 0.16           0.30           0.31            152.82        117.84        117.01         0.13        0.29        0.29         32.74          67.14          67.86           120.08        50.69         49.14          
5.57  -0.611 0.362  -0.204 0.13           0.51           0.51            -153.14       103.27        103.18         0.15        0.51        0.51         -23.69         74.77          74.87           -129.45       28.50         28.30          
5.60  -0.602 0.367  -0.207 0.33           0.31           0.34            26.97         18.14         31.18          0.56        0.55        0.57         15.33          10.01          18.06           11.64         8.13          13.12          
5.63  -0.604 0.378  -0.211 0.32           0.15           0.34            104.61        123.86        103.66         0.35        0.21        0.37         61.52          35.62          63.17           43.10         88.24         40.49          
5.67  -0.599 0.381  -0.226 0.18           0.46           0.47            33.41         70.39         70.87          0.42        0.59        0.60         14.09          46.88          47.65           19.32         23.51         23.22          
5.70  -0.590 0.382  -0.234 0.29           0.37           0.38            6.35          40.28         40.53          0.54        0.59        0.59         3.40           24.33          24.51           2.95          15.95         16.01          
5.73  -0.585 0.388  -0.237 0.22           0.17           0.24            52.66         37.10         56.54          0.42        0.39        0.43         24.34          14.63          27.58           28.31         22.47         28.96          
5.77  -0.586 0.394  -0.240 0.20           0.08           0.21            99.57         113.51        98.93          0.29        0.23        0.30         41.49          18.91          43.48           58.08         94.60         55.45          
5.80  -0.571 0.402  -0.230 0.50           0.53           0.58            25.91         -32.06        38.40          0.73        0.76        0.79         17.35          -21.94         27.01           8.56          -10.12        11.39          
5.83  -0.552 0.409  -0.214 0.61           0.74           0.77            20.91         -39.74        42.45          0.85        0.95        0.97         14.88          -30.04         32.47           6.03          -9.70         9.98           
5.87  -0.529 0.403  -0.192 0.73           0.97           0.99            -13.95        -43.15        44.12          0.97        1.17        1.18         -10.40         -34.72         35.63           -3.55         -8.44         8.49           
5.90  -0.520 0.401  -0.168 0.26           0.77           0.78            -15.59        -70.98        71.06          0.51        0.89        0.89         -7.97          -55.51         55.63           -7.62         -15.47        15.42          
5.93  -0.502 0.384  -0.146 0.74           0.85           0.98            -41.64        -49.74        55.92          0.94        1.03        1.14         -31.44         -39.06         45.46           -10.21        -10.67        10.46          
5.97  -0.494 0.384  -0.125 0.24           0.67           0.67            -0.36         -69.11        69.11          0.49        0.80        0.80         -0.18          -52.06         52.06           -0.18         -17.04        17.04          
6.00  -0.474 0.372  -0.103 0.71           0.90           0.97            -31.14        -47.28        51.12          0.94        1.09        1.15         -23.21         -37.55         41.36           -7.93         -9.73         9.76           
6.03  -0.453 0.364  -0.079 0.66           0.95           0.98            -22.83        -49.86        51.53          0.90        1.12        1.15         -16.63         -40.07         41.75           -6.20         -9.79         9.77           
6.07  -0.432 0.360  -0.058 0.65           0.90           0.91            -9.96         -44.55        44.99          0.90        1.09        1.10         -7.20          -35.33         35.75           -2.75         -9.22         9.24           
6.10  -0.411 0.359  -0.038 0.62           0.86           0.86            -3.05         -43.32        43.36          0.87        1.05        1.05         -2.18          -33.94         33.99           -0.87         -9.37         9.38           
6.13  -0.393 0.362  -0.017 0.55           0.85           0.85            8.87          -50.40        50.63          0.79        1.03        1.03         6.09           -39.57         39.80           2.78          -10.83        10.83          
6.17  -0.374 0.369  0.002  0.62           0.80           0.83            22.29         -44.65        46.93          0.85        0.99        1.02         15.90          -34.48         36.63           6.38          -10.17        10.30          
6.20  -0.366 0.371  0.012  0.26           0.40           0.40            13.91         -50.50        51.07          0.51        0.59        0.59         7.12           -31.46         31.98           6.79          -19.04        19.09          
6.23  -0.355 0.387  0.016  0.56           0.32           0.57            57.28         -19.73        57.95          0.73        0.56        0.73         40.44          -11.11         41.17           16.84         -8.62         16.78          
6.27  -0.351 0.405  0.024  0.55           0.26           0.60            75.83         -58.96        76.90          0.66        0.45        0.70         54.31          -30.28         56.48           21.53         -28.68        20.42          
6.30  -0.350 0.412  0.018  0.21           0.16           0.26            84.33         82.60         85.49          0.34        0.31        0.38         37.76          30.62          44.27           46.57         51.98         41.22          
6.33  -0.354 0.426  0.019  0.42           0.11           0.42            104.99        -170.64       104.98         0.43        0.14        0.43         71.04          -7.33          71.06           33.95         -163.31       33.92          
6.37  -0.369 0.450  0.003  0.86           0.66           0.98            122.67        134.74        118.30         0.76        0.52        0.89         106.54         114.64         104.00          16.14         20.10         14.30          
6.40  -0.367 0.452  -0.006 0.09           0.29           0.30            42.98         76.30         76.63          0.32        0.42        0.43         11.31          41.37          42.09           31.67         34.93         34.54          
6.43  -0.376 0.445  -0.021 0.34           0.52           0.55            -143.28       121.72        119.31         0.20        0.44        0.48         -95.99         92.77          92.52           -47.29        28.95         26.79          
6.47  -0.381 0.429  -0.034 0.50           0.41           0.63            -105.83       109.20        102.40         0.49        0.41        0.63         -76.52         73.59          79.47           -29.31        35.61         22.93          
6.50  -0.380 0.413  -0.055 0.49           0.63           0.80            -87.47        88.00         88.43          0.56        0.68        0.84         -61.17         66.50          71.16           -26.30        21.50         17.27          
6.53  -0.380 0.407  -0.068 0.17           0.41           0.44            -86.02        88.39         88.51          0.31        0.49        0.52         -32.42         57.57          59.49           -53.60        30.82         29.02          
6.57  -0.388 0.401  -0.094 0.33           0.80           0.83            -143.37       109.42        108.83         0.20        0.76        0.78         -94.97         91.31          91.26           -48.41        18.12         17.57          
6.60  -0.382 0.392  -0.113 0.31           0.61           0.66            -52.84        72.07         73.43          0.50        0.73        0.77         -29.55         53.01          55.29           -23.30        19.06         18.14          
6.63  -0.380 0.399  -0.133 0.20           0.59           0.62            70.16         83.49         83.79          0.37        0.67        0.69         30.32          61.59          62.72           39.85         21.90         21.07          
6.67  -0.379 0.391  -0.152 0.22           0.58           0.62            -85.56        88.32         88.43          0.35        0.64        0.68         -39.38         65.36          66.76           -46.17        22.97         21.67          
6.70  -0.371 0.383  -0.178 0.34           0.81           0.84            -44.92        72.78         73.50          0.54        0.91        0.94         -25.96         57.60          58.77           -18.96        15.18         14.74          
6.73  -0.371 0.387  -0.198 0.13           0.60           0.61            90.40         90.08         90.08          0.28        0.65        0.66         26.84          67.32          67.77           63.55         22.76         22.31          
6.77  -0.360 0.386  -0.215 0.34           0.62           0.62            -7.22         57.06         57.15          0.59        0.78        0.78         -4.16          41.51          41.61           -3.07         15.55         15.55          
6.80  -0.357 0.381  -0.228 0.19           0.40           0.43            -59.70        75.81         76.94          0.39        0.52        0.54         -25.62         47.94          50.38           -34.08        27.87         26.56          
6.83  -0.347 0.386  -0.242 0.35           0.52           0.55            28.49         54.13         56.06          0.58        0.70        0.72         16.67          37.34          39.34           11.82         16.79         16.72          
6.87  -0.339 0.387  -0.262 0.23           0.66           0.66            10.23         69.69         69.73          0.48        0.78        0.78         4.91           52.17          52.23           5.31          17.52         17.50          
6.90  -0.324 0.398  -0.289 0.54           0.92           0.97            34.10         60.98         62.55          0.76        1.06        1.11         23.47          49.13          50.99           10.63         11.85         11.56          
6.93  -0.322 0.402  -0.305 0.14           0.49           0.50            58.77         81.18         81.45          0.35        0.58        0.60         20.84          56.08          56.92           37.93         25.09         24.53          
6.97  -0.307 0.403  -0.319 0.43           0.60           0.60            3.91          43.76         43.84          0.68        0.80        0.80         2.48           31.25          31.31           1.43          12.52         12.53          
7.00  -0.296 0.406  -0.340 0.37           0.71           0.72            16.15         60.37         60.70          0.61        0.86        0.87         9.62           45.82          46.20           6.53          14.55         14.50          
7.03  -0.296 0.420  -0.346 0.43           0.18           0.46            91.95         94.61         91.80          0.49        0.30        0.52         61.11          37.49          63.06           30.84         57.12         28.73          
7.07  -0.288 0.427  -0.353 0.31           0.32           0.38            39.13         42.32         50.69          0.53        0.54        0.57         21.70          24.01          30.85           17.43         18.31         19.83          
7.10  -0.296 0.439  -0.354 0.44           0.24           0.45            122.34        170.03        122.18         0.37        0.04        0.38         88.02          72.71          88.03           34.33         97.32         34.15          
7.13  -0.296 0.461  -0.358 0.64           0.12           0.66            90.18         91.00         90.18          0.69        0.27        0.70         68.96          25.49          69.28           21.22         65.51         20.90          
7.17  -0.294 0.470  -0.355 0.30           0.12           0.31            76.13         -52.40        76.77          0.43        0.33        0.44         41.78          -15.98         43.17           34.36         -36.42        33.60          
7.20  -0.295 0.494  -0.351 0.72           0.14           0.74            92.57         -102.96       92.52          0.76        0.26        0.77         73.28          -32.96         73.57           19.29         -70.01        18.95          
7.23  -0.297 0.500  -0.335 0.17           0.47           0.49            111.98        -97.75        97.35          0.24        0.50        0.52         39.85          -68.01         69.06           72.13         -29.74        28.28          
7.27  -0.288 0.511  -0.333 0.44           0.26           0.44            54.13         -12.61        54.48          0.62        0.51        0.62         34.93          -6.44          35.27           19.21         -6.17         19.21          
7.30  -0.287 0.526  -0.337 0.43           0.11           0.44            85.89         74.27         86.02          0.51        0.30        0.53         56.85          21.31          57.67           29.05         52.95         28.35          
7.33  -0.293 0.548  -0.323 0.68           0.46           0.80            104.05        -111.26       101.89         0.67        0.43        0.79         82.70          -78.73         83.85           21.35         -32.54        18.04          
7.37  -0.283 0.555  -0.308 0.37           0.54           0.58            37.32         -57.38        60.09          0.59        0.71        0.74         22.32          -40.07         43.11           15.00         -17.31        16.98          
7.40  -0.287 0.570  -0.294 0.46           0.42           0.61            103.87        -105.21       100.36         0.46        0.43        0.61         72.40          -70.75         76.78           31.47         -34.46        23.57          
7.43  -0.278 0.578  -0.273 0.36           0.69           0.73            39.33         -66.05        67.35          0.58        0.82        0.85         23.39          -49.93         51.67           15.94         -16.13        15.68          
7.47  -0.268 0.585  -0.256 0.36           0.59           0.64            39.47         -61.92        63.96          0.58        0.74        0.78         23.48          -44.67         47.20           15.99         -17.25        16.77          
7.50  -0.265 0.591  -0.234 0.19           0.67           0.69            59.06         -81.68        81.92          0.38        0.75        0.76         24.97          -62.36         63.03           34.08         -19.32        18.88          
7.53  -0.257 0.596  -0.212 0.28           0.68           0.70            34.36         -69.71        70.28          0.51        0.80        0.81         18.31          -52.63         53.48           16.05         -17.08        16.80          
7.57  -0.249 0.599  -0.195 0.26           0.59           0.60            21.49         -65.66        66.00          0.50        0.73        0.74         11.00          -47.51         47.96           10.49         -18.15        18.04          
7.60  -0.241 0.592  -0.170 0.32           0.77           0.80            -40.63        -71.78        72.42          0.53        0.88        0.91         -22.84         -56.16         57.17           -17.79        -15.62        15.26          
7.63  -0.226 0.573  -0.144 0.74           0.89           1.07            -52.09        -59.49        64.83          0.91        1.04        1.19         -39.61         -47.56         53.90           -12.48        -11.93        10.93          
7.67  -0.222 0.566  -0.126 0.24           0.58           0.62            -60.96        -78.21        78.94          0.43        0.68        0.71         -30.07         -57.00         58.70           -30.89        -21.21        20.24          
7.70  -0.200 0.521  -0.105 1.49           0.92           1.62            -63.26        -43.14        65.50          1.62        1.11        1.74         -55.33         -34.32         57.97           -7.93         -8.82         7.53           
7.73  -0.187 0.504  -0.099 0.64           0.42           0.66            -53.55        -25.26        55.11          0.81        0.65        0.83         -39.24         -15.89         40.85           -14.32        -9.38         14.26          
7.77  -0.174 0.493  -0.080 0.51           0.70           0.77            -39.40        -55.21        58.89          0.73        0.86        0.92         -26.76         -41.46         45.49           -12.64        -13.75        13.40          
7.80  -0.157 0.481  -0.078 0.62           0.49           0.62            -38.00        -4.83         38.16          0.83        0.74        0.83         -27.31         -3.20          27.45           -10.69        -1.63         10.71          
7.83  -0.149 0.465  -0.079 0.52           0.25           0.52            -61.57        3.43          61.59          0.68        0.50        0.68         -42.67         1.71           42.69           -18.90        1.72          18.90          
7.87  -0.139 0.457  -0.079 0.40           0.32           0.40            -37.96        1.58          37.98          0.62        0.57        0.62         -23.55         0.88           23.56           -14.42        0.70          14.42          
7.90  -0.129 0.448  -0.083 0.38           0.30           0.40            -43.98        23.58         46.64          0.59        0.54        0.60         -26.84         12.90          29.05           -17.13        10.69         17.59          
7.93  -0.131 0.448  -0.091 0.05           0.25           0.25            -170.63       101.58        101.57         0.20        0.31        0.31         -2.34          50.39          50.41           -168.29       51.19         51.16          
7.97  -0.116 0.421  -0.108 0.92           0.68           1.06            -61.61        49.58         65.47          1.06        0.86        1.18         -49.69         36.79          54.39           -11.92        12.79         11.09          
8.00  -0.116 0.416  -0.130 0.16           0.64           0.66            -86.06        89.04         89.07          0.30        0.69        0.71         -30.93         67.93          68.50           -55.13        21.11         20.57          
8.03  -0.109 0.396  -0.153 0.62           0.72           0.92            -69.92        72.82         76.72          0.74        0.83        1.01         -51.45         56.02          62.77           -18.47        16.80         13.95          
8.07  -0.106 0.396  -0.178 0.10           0.78           0.78            -7.12         82.60         82.60          0.35        0.84        0.84         -2.04          65.53          65.53           -5.08         17.07         17.07          
8.10  -0.109 0.398  -0.194 0.12           0.47           0.48            152.25        103.16        103.07         0.15        0.48        0.49         21.85          72.94          73.06           130.41        30.22         30.00          
8.13  -0.102 0.407  -0.212 0.36           0.59           0.65            51.23         67.60         69.86          0.55        0.72        0.77         30.46          48.88          52.17           20.77         18.71         17.69          
8.17  -0.093 0.406  -0.236 0.27           0.79           0.79            -6.92         69.88         69.89          0.52        0.91        0.91         -3.62          54.90          54.92           -3.30         14.98         14.97          
8.20  -0.086 0.392  -0.261 0.47           0.77           0.88            -63.45        74.20         76.16          0.62        0.87        0.97         -42.41         58.19          61.65           -21.04        16.01         14.52          
8.23  -0.087 0.397  -0.293 0.14           0.95           0.96            100.11        91.51         91.49          0.27        0.98        0.99         31.94          76.66          76.80           68.17         14.85         14.69          
8.27  -0.087 0.396  -0.310 0.02           0.51           0.51            -85.74        89.86         89.86          0.25        0.57        0.57         -3.85          63.66          63.67           -81.89        26.20         26.19          
8.30  -0.074 0.371  -0.334 0.84           0.82           1.11            -62.64        61.71         69.54          0.98        0.96        1.22         -49.59         48.47          58.46           -13.05        13.24         11.08          
8.33  -0.067 0.357  -0.360 0.47           0.80           0.91            -65.14        75.68         77.40          0.62        0.90        0.99         -43.67         60.01          63.19           -21.47        15.67         14.21          
8.37  -0.048 0.339  -0.383 0.79           0.90           1.05            -43.67        50.88         57.29          0.98        1.08        1.21         -33.57         40.52          47.26           -10.11        10.36         10.03          
8.40  -0.052 0.339  -0.387 0.11           0.16           0.16            176.21        135.24        135.17         0.14        0.18        0.18         3.14           39.33          39.39           173.07        95.91         95.78          
8.43  -0.036 0.311  -0.389 0.96           0.47           0.96            -61.27        10.01         61.39          1.10        0.72        1.10         -49.79         6.53           49.92           -11.48        3.48          11.46          
8.47  -0.037 0.303  -0.394 0.24           0.15           0.29            -90.83        91.33         90.70          0.35        0.29        0.38         -44.70         31.81          49.43           -46.13        59.52         41.27          
8.50  -0.032 0.289  -0.392 0.44           0.16           0.44            -71.16        -28.82        71.47          0.57        0.40        0.57         -46.55         -11.21         47.05           -24.61        -17.61        24.42          
8.53  -0.018 0.250  -0.376 1.23           0.62           1.31            -70.26        -48.02        71.57          1.34        0.81        1.41         -60.12         -34.76         61.91           -10.14        -13.26        9.66           
8.57  -0.030 0.258  -0.361 0.42           0.60           0.63            148.85        -126.95       124.40         0.24        0.49        0.53         116.52         -102.78        101.67          32.34         -24.17        22.73          
8.60  -0.009 0.218  -0.353 1.35           0.66           1.37            -62.52        -19.65        62.91          1.48        0.90        1.50         -53.91         -14.30         54.37           -8.61         -5.35         8.54           
8.63  -0.013 0.224  -0.345 0.22           0.28           0.34            122.43        -114.92       110.56         0.23        0.29        0.34         54.58          -62.52         67.23           67.85         -52.40        43.33          
8.67  -0.011 0.203  -0.334 0.64           0.33           0.72            -85.17        -80.46        85.68          0.71        0.44        0.78         -64.54         -46.58         66.96           -20.62        -33.87        18.72          
8.70  -0.003 0.191  -0.315 0.42           0.63           0.72            -55.33        -67.70        70.57          0.60        0.76        0.84         -35.31         -50.06         54.24           -20.02        -17.64        16.33          
8.73  0.001  0.170  -0.287 0.65           0.83           1.05            -78.88        -81.24        83.08          0.74        0.90        1.11         -59.62         -65.32         70.12           -19.26        -15.92        12.97          
8.77  -0.001 0.170  -0.279 0.05           0.26           0.26            157.59        -100.77       100.74         0.20        0.32        0.32         5.62           -51.42         51.50           151.97        -49.36        49.24          
8.80  0.005  0.146  -0.259 0.76           0.62           0.96            -76.32        -73.17        79.26          0.85        0.73        1.04         -59.78         -54.11         65.59           -16.54        -19.07        13.67          
8.83  -0.001 0.139  -0.237 0.27           0.68           0.71            -134.08       -106.20       105.55         0.21        0.66        0.69         -73.34         -84.87         85.09           -60.75        -21.32        20.46          
8.87  -0.002 0.132  -0.215 0.23           0.66           0.69            -94.13        -91.43        91.35          0.32        0.70        0.73         -44.00         -70.36         71.35           -50.13        -21.07        19.99          
8.90  0.004  0.115  -0.190 0.53           0.77           0.92            -70.30        -76.53        78.74          0.66        0.87        1.00         -49.47         -60.22         64.57           -20.83        -16.31        14.17          
8.93  0.005  0.112  -0.169 0.07           0.62           0.63            -82.24        -89.08        89.08          0.27        0.67        0.68         -15.83         -67.33         67.47           -66.41        -21.75        21.61          
8.97  0.006  0.113  -0.156 0.05           0.40           0.40            3.22          -82.19        82.19          0.30        0.50        0.50         0.57           -52.29         52.29           2.65          -29.91        29.91          
9.00  0.012  0.112  -0.144 0.16           0.39           0.39            -6.52         -66.82        66.84          0.41        0.54        0.54         -2.50          -41.77         41.80           -4.02         -25.05        25.04          
9.03  0.014  0.110  -0.144 0.11           0.08           0.11            -43.60        2.05          43.62          0.34        0.33        0.34         -12.75         0.49           12.76           -30.85        1.56          30.86          
9.07  0.017  0.117  -0.148 0.24           0.12           0.26            73.02         54.02         74.28          0.40        0.34        0.41         36.00          16.99          38.24           37.03         37.03         36.04          
9.10  0.027  0.105  -0.134 0.50           0.51           0.64            -49.71        -51.07        59.68          0.69        0.70        0.80         -33.64         -34.93         43.97           -16.07        -16.14        15.71          
9.13  0.027  0.126  -0.132 0.66           0.06           0.66            91.60         -107.36       91.60          0.70        0.24        0.70         70.54          -14.23         70.61           21.07         -93.13        20.99          
9.17  0.017  0.136  -0.132 0.42           0.30           0.42            135.05        -175.95       134.98         0.30        0.05        0.30         98.99          -155.84        98.97           36.06         -20.11        36.01          
9.20  0.012  0.146  -0.133 0.31           0.14           0.31            115.47        164.58        115.28         0.30        0.12        0.30         66.80          17.04          66.97           48.67         147.53        48.31          
9.23  0.011  0.162  -0.125 0.49           0.23           0.55            94.74         -100.03       94.29          0.54        0.31        0.58         67.00          -47.86         68.98           27.74         -52.17        25.31          
9.27  -0.003 0.185  -0.132 0.81           0.46           0.83            121.27        154.52        120.26         0.71        0.26        0.74         103.79         130.30         103.27          17.48         24.22         16.99          
9.30  0.009  0.194  -0.131 0.46           0.36           0.46            37.84         -1.94         37.86          0.67        0.61        0.67         24.64          -1.15          24.66           13.20         -0.79         13.20          
9.33  -0.003 0.212  -0.132 0.65           0.37           0.65            125.16        179.05        125.16         0.54        0.12        0.54         103.02         177.12         103.02          22.14         1.93          22.14          
9.37  -0.006 0.231  -0.138 0.58           0.20           0.61            97.30         111.45        96.94          0.60        0.26        0.63         72.83          46.52          73.63           24.47         64.93         23.31          
9.40  -0.015 0.248  -0.153 0.57           0.52           0.72            117.69        120.73        111.48         0.50        0.44        0.67         91.60          91.81          91.20           26.09         28.92         20.28          
9.43  -0.029 0.268  -0.157 0.75           0.44           0.76            124.62        163.81        124.10         0.64        0.22        0.65         105.96         144.98         105.67          18.66         18.83         18.43          
9.47  -0.022 0.275  -0.163 0.28           0.27           0.34            44.09         43.36         53.53          0.49        0.49        0.52         23.27          22.75          30.99           20.82         20.61         22.54          
9.50  -0.037 0.287  -0.173 0.59           0.55           0.66            141.32        147.33        134.28         0.43        0.36        0.52         119.78         125.54         114.07          21.54         21.79         20.21          
9.53  -0.044 0.309  -0.197 0.68           0.74           0.99            106.46        105.10        101.27         0.66        0.72        0.98         85.13          85.55          86.71           21.33         19.55         14.56          
9.57  -0.041 0.322  -0.207 0.39           0.32           0.50            75.99         73.02         79.07          0.51        0.46        0.60         47.64          41.87          54.78           28.35         31.16         24.29          
9.60  -0.056 0.336  -0.218 0.62           0.56           0.70            136.79        143.90        130.06         0.47        0.39        0.58         115.54         121.61         110.68          21.25         22.29         19.39          
9.63  -0.065 0.341  -0.234 0.32           0.56           0.58            147.79        118.96        117.59         0.17        0.49        0.52         96.72          92.35          92.22           51.07         26.61         25.37          
9.67  -0.067 0.354  -0.256 0.39           0.66           0.76            98.43         94.99         94.30          0.43        0.68        0.78         63.41          73.59          75.75           35.02         21.40         18.55          
9.70  -0.071 0.367  -0.270 0.41           0.42           0.57            108.04        107.71        102.85         0.41        0.42        0.57         72.57          72.89          77.60           35.47         34.83         25.24          
9.73  -0.082 0.381  -0.294 0.52           0.80           0.89            130.11        114.86        112.10         0.41        0.73        0.83         102.20         96.78          95.95           27.90         18.08         16.15          
9.77  -0.092 0.394  -0.299 0.50           0.34           0.53            125.83        150.47        123.76         0.41        0.17        0.44         96.19          104.85         95.73           29.64         45.62         28.02          
9.80  -0.097 0.407  -0.309 0.42           0.32           0.51            109.56        115.95        106.01         0.41        0.31        0.50         74.26          68.89          77.18           35.29         47.07         28.83          
9.83  -0.112 0.413  -0.322 0.48           0.59           0.62            158.12        138.98        136.23         0.27        0.44        0.47         137.78         116.97         114.80          20.34         22.01         21.43          
9.87  -0.130 0.420  -0.328 0.59           0.60           0.62            161.77        161.16        154.63         0.36        0.37        0.41         149.38         148.49         139.57          12.39         12.67         15.07          
9.90  -0.157 0.434  -0.327 0.92           0.81           0.92            151.92        -177.55       151.84         0.71        0.56        0.71         142.36         -176.45        142.27          9.56          -1.09         9.57           
9.93  -0.176 0.445  -0.325 0.65           0.56           0.66            149.04        -174.71       148.74         0.46        0.32        0.46         132.76         -170.52        132.42          16.28         -4.19         16.32          
9.97  -0.189 0.451  -0.318 0.41           0.43           0.47            154.73        -150.54       143.64         0.22        0.25        0.30         125.25         -120.57        114.38          29.48         -29.97        29.26          
10.00 -0.210 0.460  -0.311 0.70           0.69           0.74            158.14        -161.17       152.23         0.48        0.46        0.53         146.91         -151.02        139.47          11.23         -10.15        12.76          
10.03 -0.220 0.463  -0.303 0.32           0.39           0.40            161.72        -140.71       138.58         0.11        0.25        0.27         117.27         -101.75        100.92          44.45         -38.96        37.66          
10.07 -0.241 0.472  -0.295 0.68           0.67           0.72            157.29        -159.96       150.96         0.46        0.44        0.51         145.13         -148.73        137.26          12.15         -11.22        13.70          
10.10 -0.256 0.466  -0.273 0.48           0.80           0.82            -157.22       -123.80       122.80         0.27        0.69        0.72         -136.18        -106.33        105.75          -21.04        -17.47        17.05          
10.13 -0.272 0.462  -0.262 0.48           0.57           0.58            -166.11       -144.75       143.17         0.25        0.40        0.41         -152.03        -123.38        121.87          -14.08        -21.37        21.30          
10.17 -0.283 0.461  -0.237 0.34           0.82           0.82            -174.58       -114.11       114.09         0.09        0.75        0.75         -159.47        -96.47         96.46           -15.11        -17.64        17.63          
10.20 -0.304 0.465  -0.212 0.64           0.98           0.98            169.42        -130.38       130.03         0.40        0.84        0.84         162.84         -117.22        116.93          6.58          -13.16        13.10          
10.23 -0.311 0.464  -0.194 0.21           0.57           0.57            -172.33       -111.12       111.09         0.05        0.54        0.54         -32.66         -85.36         85.37           -139.68       -25.76        25.73          
10.27 -0.327 0.465  -0.171 0.47           0.84           0.84            175.10        -124.16       124.12         0.22        0.73        0.73         169.59         -107.59        107.56          5.50          -16.57        16.55          
10.30 -0.343 0.471  -0.146 0.54           0.91           0.93            160.58        -123.64       122.94         0.31        0.80        0.82         145.08         -108.57        108.11          15.50         -15.07        14.82          
10.33 -0.360 0.474  -0.116 0.50           1.02           1.03            168.11        -118.42       118.27         0.26        0.93        0.94         156.57         -104.74        104.65          11.53         -13.68        13.62          
10.37 -0.376 0.476  -0.096 0.49           0.78           0.78            173.77        -128.86       128.76         0.24        0.65        0.65         167.35         -111.42        111.35          6.41          -17.44        17.41          
10.40 -0.386 0.466  -0.074 0.44           0.74           0.80            -136.06       -115.10       113.12         0.31        0.68        0.74         -102.12        -95.53         95.05           -33.94        -19.56        18.07          
10.43 -0.404 0.474  -0.049 0.57           0.89           0.92            155.12        -125.70       124.29         0.36        0.77        0.81         138.23         -110.46        109.49          16.90         -15.25        14.80          
10.47 -0.410 0.456  -0.027 0.56           0.70           0.88            -108.75       -104.78       101.76         0.53        0.68        0.87         -82.42         -84.09         85.33           -26.33        -20.68        16.43          
10.50 -0.416 0.440  -0.008 0.54           0.59           0.77            -111.15       -109.49       104.64         0.51        0.56        0.75         -83.89         -84.41         85.87           -27.26        -25.08        18.77          
10.53 -0.420 0.433  0.008  0.22           0.50           0.53            -124.64       -104.73       103.80         0.22        0.50        0.53         -55.94         -75.57         76.48           -68.70        -29.15        27.32          
10.57 -0.420 0.409  0.033  0.75           0.76           1.06            -89.83        -89.83        89.88          0.79        0.80        1.09         -71.34         -71.59         76.67           -18.49        -18.24        13.21          
10.60 -0.424 0.393  0.041  0.47           0.26           0.53            -104.62       -116.90       103.06         0.48        0.27        0.53         -74.18         -61.15         75.86           -30.44        -55.75        27.20          
10.63 -0.423 0.386  0.050  0.22           0.28           0.36            -79.32        -81.53        83.34          0.36        0.40        0.46         -36.88         -43.56         50.46           -42.43        -37.97        32.87          
10.67 -0.417 0.372  0.049  0.46           0.18           0.46            -67.19        8.33          67.23          0.60        0.43        0.60         -44.56         3.47           44.61           -22.63        4.86          22.62          
10.70 -0.417 0.354  0.039  0.54           0.31           0.62            -89.94        89.89         89.95          0.60        0.40        0.67         -65.16         50.82          68.07           -24.78        39.07         21.87          
10.73 -0.412 0.337  0.022  0.53           0.52           0.73            -72.76        72.31         77.46          0.65        0.64        0.82         -51.35         50.58          60.18           -21.41        21.73         17.28          
10.77 -0.411 0.330  0.002  0.22           0.60           0.64            -85.26        88.26         88.36          0.35        0.66        0.70         -39.57         66.06          67.37           -45.69        22.20         20.99          
10.80 -0.408 0.313  -0.025 0.50           0.82           0.95            -80.11        83.95         84.82          0.60        0.88        1.01         -55.72         67.49          70.50           -24.39        16.46         14.32          
10.83 -0.408 0.296  -0.054 0.50           0.88           1.01            -87.74        88.71         88.88          0.57        0.92        1.05         -61.65         72.91          75.05           -26.09        15.80         13.83          
10.87 -0.409 0.296  -0.081 0.03           0.81           0.81            -156.11       91.99         91.99          0.22        0.84        0.84         -3.22          74.67          74.67           -152.89       17.32         17.32          
10.90 -0.406 0.295  -0.108 0.09           0.82           0.82            -29.82        84.68         84.68          0.33        0.88        0.88         -7.63          68.27          68.30           -22.19        16.41         16.39          
10.93 -0.403 0.291  -0.142 0.13           1.02           1.02            -50.60        85.19         85.22          0.35        1.07        1.07         -17.17         71.68          71.76           -33.43        13.52         13.45          
10.97 -0.404 0.285  -0.176 0.17           1.02           1.04            -98.51        91.43         91.41          0.28        1.05        1.06         -37.23         77.64          77.80           -61.28        13.79         13.60          
11.00 -0.407 0.289  -0.207 0.15           0.93           0.94            127.88        95.69         95.64          0.20        0.94        0.95         36.86          80.31          80.39           91.02         15.38         15.25          
11.03 -0.411 0.280  -0.251 0.31           1.33           1.36            -115.51       95.69         95.57          0.30        1.33        1.36         -66.93         84.92          85.03           -48.59        10.77         10.54          
11.07 -0.417 0.280  -0.292 0.17           1.25           1.25            -177.61       97.99         97.99          0.08        1.24        1.24         -5.38          86.43          86.43           -172.23       11.56         11.56          
11.10 -0.411 0.276  -0.315 0.21           0.71           0.72            -32.74        75.47         75.66          0.44        0.81        0.82         -14.95         58.04          58.40           -17.79        17.43         17.27          
11.13 -0.398 0.271  -0.336 0.43           0.75           0.76            -19.12        57.24         57.87          0.67        0.91        0.92         -12.11         43.89          44.59           -7.01         13.34         13.28          
11.17 -0.395 0.275  -0.362 0.14           0.79           0.80            47.79         83.07         83.14          0.36        0.86        0.86         16.89          66.20          66.39           30.90         16.87         16.74          
11.20 -0.380 0.275  -0.383 0.44           0.75           0.75            -0.55         54.17         54.17          0.69        0.92        0.92         -0.35          41.49          41.49           -0.20         12.68         12.68          
11.23 -0.366 0.272  -0.402 0.41           0.70           0.70            -10.07        54.63         54.84          0.66        0.87        0.87         -6.27          41.08          41.30           -3.80         13.55         13.54          
11.27 -0.353 0.270  -0.421 0.41           0.70           0.71            -10.23        54.99         55.20          0.66        0.87        0.87         -6.36          41.41          41.63           -3.87         13.58         13.57          
11.30 -0.333 0.274  -0.429 0.60           0.64           0.65            12.07         23.27         25.65          0.85        0.88        0.89         8.54           16.80          18.64           3.53          6.47          7.02           
11.33 -0.320 0.277  -0.436 0.40           0.44           0.45            12.56         25.79         28.02          0.65        0.67        0.68         7.76           16.47          18.04           4.80          9.32          9.98           
11.37 -0.303 0.275  -0.425 0.51           0.60           0.61            -5.64         -32.28        32.59          0.76        0.83        0.83         -3.79          -22.99         23.24           -1.84         -9.29         9.35           
11.40 -0.286 0.278  -0.418 0.52           0.55           0.56            9.30          -20.90        22.56          0.77        0.79        0.80         6.30           -14.44         15.65           3.00          -6.46         6.91           
11.43 -0.279 0.278  -0.407 0.20           0.40           0.40            -5.40         -59.54        59.58          0.45        0.57        0.57         -2.41          -37.14         37.18           -2.99         -22.40        22.40          
11.47 -0.270 0.287  -0.389 0.37           0.59           0.65            46.12         -63.70        66.27          0.58        0.73        0.78         27.91          -45.87         49.21           18.21         -17.83        17.06          
11.50 -0.263 0.293  -0.378 0.29           0.40           0.45            43.55         -58.49        62.09          0.50        0.58        0.61         23.54          -36.77         40.86           20.01         -21.72        21.23          
11.53 -0.248 0.299  -0.360 0.50           0.71           0.73            21.01         -49.13        50.61          0.74        0.89        0.91         14.02          -36.93         38.38           6.98          -12.20        12.23          
11.57 -0.247 0.307  -0.339 0.24           0.64           0.68            83.87         -87.76        87.90          0.36        0.70        0.74         40.35          -66.78         68.05           43.53         -20.98        19.85          
11.60 -0.237 0.319  -0.313 0.46           0.83           0.91            50.90         -69.69        71.38          0.65        0.95        1.01         33.44          -55.40         57.88           17.46         -14.29        13.50          
11.63 -0.231 0.316  -0.294 0.21           0.58           0.59            -21.62        -70.85        71.02          0.45        0.71        0.71         -9.75          -51.33         51.59           -11.86        -19.53        19.43          
11.67 -0.222 0.308  -0.266 0.37           0.90           0.93            -39.87        -71.80        72.41          0.58        1.01        1.04         -23.88         -58.19         59.11           -15.99        -13.61        13.30          
11.70 -0.208 0.302  -0.245 0.45           0.74           0.76            -23.74        -56.65        57.70          0.68        0.90        0.92         -15.26         -43.31         44.46           -8.48         -13.35        13.24          
11.73 -0.199 0.302  -0.216 0.29           0.91           0.91            -3.61         -71.79        71.79          0.54        1.02        1.02         -1.93          -58.30         58.31           -1.69         -13.48        13.48          
11.77 -0.183 0.308  -0.205 0.49           0.56           0.59            21.91         -35.38        39.22          0.73        0.77        0.79         14.53          -24.60         27.75           7.38          -10.79        11.47          
11.80 -0.169 0.299  -0.200 0.50           0.46           0.52            -30.81        -19.28        34.66          0.73        0.70        0.74         -20.69         -12.49         23.65           -10.12        -6.79         11.01          
11.83 -0.151 0.290  -0.198 0.61           0.55           0.62            -27.32        -6.43         27.87          0.84        0.80        0.84         -19.49         -4.41          19.91           -7.83         -2.01         7.95           
11.87 -0.137 0.280  -0.188 0.52           0.53           0.60            -33.65        -35.38        44.23          0.74        0.75        0.80         -22.83         -24.18         31.61           -10.83        -11.20        12.62          
11.90 -0.122 0.276  -0.172 0.46           0.67           0.68            -16.66        -48.22        49.20          0.71        0.85        0.86         -10.83         -35.59         36.53           -5.83         -12.63        12.67          
11.93 -0.113 0.280  -0.182 0.30           0.42           0.44            24.37         50.44         52.27          0.53        0.61        0.63         13.22          32.12          33.83           11.15         18.32         18.43          
11.97 -0.095 0.275  -0.183 0.56           0.54           0.56            -15.32        1.67          15.40          0.80        0.79        0.80         -10.61         1.14           10.67           -4.71         0.53          4.73           
12.00 -0.075 0.272  -0.201 0.61           0.81           0.82            -7.77         41.55         41.89          0.86        1.01        1.02         -5.52          32.12          32.42           -2.25         9.43          9.46           
