time     x        y        groundspeed  track angle  AV track angle  BA angle  AV BA angle  turn  tempo  amplitude  stop  stop time  
0.000    145.235  58.700   4.677                                     -70.017   70.017       
0.083    144.959  58.425   10.458       -71.565      71.565          -57.995   57.995       
0.167    144.684  57.047   16.863       -78.690      78.690          -69.444   69.444       
0.250    144.408  55.669   14.790       -63.435      63.435          -79.695   79.695       
0.333    143.582  54.842   11.924       -56.310      56.310          -60.946   60.946       
0.417    143.306  54.015   15.245       -40.601      40.601          -59.036   59.036       
0.500    141.652  53.189   15.599       -32.005      32.005          -45.000   45.000       
0.583    141.101  52.637   8.268        -36.870      36.870          -28.610   28.610       
0.667    140.550  52.362   10.588       -38.660      38.660          -30.964   30.964       
0.750    139.723  51.535   10.458       -18.435      18.435          -32.005   32.005       
0.833    138.897  51.811   11.692       8.130        8.130           -11.310   11.310       
0.917    137.794  51.811   10.458       18.435       18.435          -18.435   18.435       
1.000    137.243  52.362   4.677        45.001       45.001          -8.746    8.746        
1.083    137.243  52.362   3.307        90.000       90.000          4.399     4.399        
1.167    137.243  52.913   4.961        0.000        0.000           12.995    12.995       
1.250    136.416  52.362   8.268        0.000        0.000           3.576     3.576        1     
1.333    135.865  52.913   19.354       19.983       19.983          4.764     4.764        
1.417    133.385  53.464   23.675       12.095       12.095          12.995    12.995       
1.500    132.007  53.740   13.331       7.125        7.125           15.255    15.255       
1.583    131.180  53.740   13.228       0.000        0.000           10.305    10.305       
1.667    129.802  53.740   19.842       0.000        0.000           11.310    11.310       
1.750    127.873  53.740   19.911       4.764        4.764           5.194     5.194        
1.833    126.495  54.015   16.285       23.962       23.962          10.305    10.305       
1.917    125.393  54.842   14.790       26.565       26.565          29.055    29.055       
2.000    124.290  55.118   10.058       9.462        9.462           33.690    33.690       2     0.750    0.718      
2.083    123.739  55.118   3.307        0.000        0.000           24.444    24.444       
2.167    123.739  55.118   0.000        0.000        0.000           24.444    24.444                                 1     0.417      
2.250    123.739  55.118   0.000        0.000        0.000           24.444    24.444       
2.333    123.739  55.118   0.000        0.000        0.000           24.444    24.444       
2.417    123.739  55.118   0.000        0.000        0.000           24.444    24.444       
2.500    123.739  55.118   0.000        0.000        0.000           24.444    24.444       
2.583    123.739  55.118   10.058       -9.462       9.462           24.444    24.444       
2.667    122.086  54.842   12.038       -15.945      15.945          19.983    19.983       
2.750    121.810  54.567   17.263       16.699       16.699          21.801    21.801       3     0.750    0.925      
2.833    119.330  55.669   18.853       15.255       15.255          24.444    24.444       
2.917    118.779  55.393   11.575       0.000        0.000           26.565    26.565       
3.000    117.401  55.669   19.980       24.444       24.444          26.565    26.565       
3.083    115.747  56.771   17.577       41.186       41.186          32.471    32.471       
3.167    115.196  57.598   12.593       66.801       66.801          45.000    45.000       
3.250    114.920  58.700   19.283       30.964       30.964          48.814    48.814       
3.333    112.440  59.252   21.496       22.620       22.620          28.610    28.610       
3.417    111.613  60.078   14.224       35.538       35.538          36.870    36.870       
3.500    110.511  60.629   15.599       32.005       32.005          32.005    32.005       
3.583    109.409  61.456   18.487       26.565       26.565          45.000    45.000       
3.667    107.755  62.007   22.490       17.103       17.103          41.186    41.186       
3.750    105.826  62.559   19.980       24.444       24.444          22.620    22.620       
3.833    104.724  63.385   16.535       36.870       36.870          38.660    38.660       
3.917    103.621  64.212   18.487       26.565       26.565          45.000    45.000       
4.000    101.968  64.763   21.496       22.620       22.620          36.870    36.870       
4.083    100.314  65.590   22.184       26.565       26.565          33.690    33.690       
4.167    98.661   66.417   19.911       41.634       41.634          34.992    34.992       
4.250    97.834   67.795   22.972       30.256       30.256          53.130    53.130       
4.333    95.354   68.346   28.925       30.964       30.964          29.055    29.055       
4.417    93.700   70.275   32.106       34.509       34.509          45.000    45.000       
4.500    90.944   71.377   32.946       17.526       17.526          32.471    32.471       
4.583    88.464   71.929   23.031       21.037       21.037          14.036    14.036       
4.667    87.362   72.755   25.829       39.806       39.806          30.964    30.964       
4.750    85.157   74.684   28.448       35.538       35.538          48.366    48.366       
4.833    83.503   75.511   21.496       22.620       22.620          57.995    57.995       
4.917    81.850   76.062   25.882       26.565       26.565          33.690    33.690       
5.000    79.645   77.440   27.371       25.017       25.017          50.194    50.194       
5.083    77.716   77.992   19.911       4.764        4.764           23.199    23.199       4     2.333    9.610      
5.167    76.338   77.716   18.487       -10.305      10.305          5.711     5.711        
5.250    74.684   77.440   20.719       -28.611      28.611          0.000     0.000        
5.333    73.307   76.062   26.662       -29.745      29.745          -23.962   23.962       
5.417    70.826   75.236   27.520       -32.735      32.735          -23.962   23.962       
5.500    69.448   73.582   22.972       -59.744      59.744          -30.964   30.964       
5.583    68.897   71.929   19.980       -65.556      65.556          -48.366   48.366       
5.667    68.070   70.551   18.189       -90.000      90.000          -48.366   48.366       
5.750    68.897   68.897   20.453       -104.036     104.036         -71.565   71.565       
5.833    68.897   67.244   16.285       -66.038      66.038          -79.695   79.695       
5.917    67.795   66.417   19.283       -59.036      59.036          -48.814   48.814       
6.000    67.244   64.488   26.662       -60.255      60.255          -50.194   50.194       
6.083    65.590   62.559   25.829       -50.194      50.194          -45.000   45.000       
6.167    64.488   61.181   21.559       -32.471      32.471          -40.601   40.601       
6.250    62.559   60.629   28.110       -28.072      28.072          -5.711    5.711        
6.333    60.354   58.976   30.757       -36.254      36.254          -30.964   30.964       
6.417    58.425   57.598   31.067       -25.201      25.201          -26.565   26.565       
6.500    55.669   56.771   25.882       -26.565      26.565          -5.194    5.194        
6.583    54.567   55.669   25.294       -11.310      11.310          -21.801   21.801       5     1.500    12.390     
6.667    51.535   55.944   31.591       6.009        6.009           -8.746    8.746        
6.750    49.330   56.220   33.726       11.310       11.310          5.711     5.711        
6.833    46.023   57.047   27.718       17.354       17.354          11.310    11.310       
6.917    44.921   57.598   16.369       45.000       45.000          18.435    18.435       
7.000    44.094   58.976   23.848       56.310       56.310          35.538    35.538       
7.083    42.716   60.905   29.254       47.291       47.291          40.601    40.601       
7.167    40.787   62.559   26.918       42.510       42.510          40.601    40.601       
7.250    39.409   63.937   28.256       20.556       20.556          50.194    50.194       
7.333    36.378   64.212   26.145       18.435       18.435          10.305    10.305       
7.417    35.275   65.314   22.490       36.027       36.027          29.745    29.745       
7.500    33.346   66.417   26.918       47.490       47.490          26.565    26.565       
7.583    32.244   68.622   24.581       70.346       70.346          49.399    49.399       
7.667    31.968   70.275   17.577       48.814       48.814          83.660    83.660       
7.750    30.315   70.826   25.882       26.565       26.565          53.130    53.130       
7.833    28.110   72.204   19.911       4.764        4.764           50.194    50.194       6     1.250    7.128      
7.917    27.008   71.102   8.905        -21.801      21.801          0.000     0.000        
8.000    26.732   71.653   2.338        -45.000      45.000          7.125     7.125        
8.083    26.732   70.826   5.229        -71.565      71.565          -14.036   14.036       
8.167    26.456   70.826   1.654        -90.000      90.000          -12.529   12.529       
8.250    26.732   70.551   4.961        -90.000      90.000          -20.556   20.556       
8.333    26.456   69.999   5.229        -71.565      71.565          -29.055   29.055       
8.417    26.456   69.724   7.015        -135.000     135.000         -33.690   33.690       
8.500    27.283   69.173   8.905        -111.801     111.801         -90.000   90.000       
8.583    27.008   68.346   11.924       -123.690     123.690         -85.914   85.914       
8.667    28.386   67.519   9.642        -149.036     149.036         -114.444  114.444      
8.750    28.386   67.519   5.962        -56.310      56.310          -114.444  114.444      
8.833    27.834   66.692   14.790       -63.435      63.435          -83.660   83.660       
8.917    27.283   65.314   9.921        -90.000      90.000          -54.462   54.462       
9.000    27.834   65.039   4.677        -135.000     135.000         -74.745   74.745       
9.083    27.834   64.763   6.818        -75.964      75.964          -75.964   75.964       
9.167    27.559   63.937   9.354        -45.000      45.000          -70.017   70.017       
9.250    26.732   63.661   13.331       -7.125       7.125           -45.000   45.000       
9.333    25.354   63.661   19.911       4.764        4.764           -16.699   16.699       
