time     x        y        groundspeed  track angle  AV track angle  BA angle  AV BA angle  turn  tempo  amplitude  stop  stop time  
0.000    153.503  84.054   36.415                                    -26.565   26.565       
0.083    151.574  82.677   20.719       -28.610      28.610          -41.186   41.186       
0.167    150.471  82.401   9.921        0.000        0.000           -24.444   24.444       
0.250    149.920  82.677   10.058       -9.462       9.462           -5.194    5.194        
0.333    148.818  82.125   13.635       -14.036      14.036          -14.036   14.036       
0.417    147.715  82.125   21.496       -22.620      22.620          -9.462    9.462        
0.500    145.511  80.747   16.863       11.310       11.310          -45.000   45.000       1     
0.583    144.959  82.677   15.245       49.399       49.399          -4.764    4.764        
0.667    143.857  82.677   10.588       38.660       38.660          0.000     0.000        
0.750    143.582  83.779   13.331       29.745       29.745          29.055    29.055       
0.833    141.928  83.779   14.973       -6.340       6.340           18.435    18.435       2     0.333    1.659      
0.917    141.101  83.503   10.458       -18.435      18.435          8.746     8.746        
1.000    140.274  83.228   10.458       -18.435      18.435          4.086     4.086        
1.083    139.448  82.952   14.224       -35.538      35.538          0.000     0.000        
1.167    138.345  81.850   12.593       -66.801      66.801          -22.620   22.620       
1.250    138.621  81.023   8.431        -101.310     101.310         -34.992   34.992       
1.333    138.621  80.472   8.268        -53.130      53.130          -45.000   45.000       
1.417    137.794  79.921   12.593       -66.801      66.801          -41.634   41.634       
1.500    137.794  78.543   13.635       -75.964      75.964          -71.565   71.565       
1.583    137.243  77.716   18.487       -63.435      63.435          -73.301   73.301       
1.667    136.416  75.787   14.790       -63.435      63.435          -70.017   70.017       
1.750    136.141  75.511   10.588       -51.340      51.340          -63.435   63.435       
1.833    135.314  74.409   12.915       -50.194      50.194          -59.036   59.036       
1.917    134.763  73.858   12.915       -39.806      39.806          -56.310   56.310       
2.000    133.660  73.031   14.224       -35.538      35.538          -52.125   52.125       
2.083    132.834  72.480   11.924       -56.310      56.310          -45.000   45.000       
2.167    132.558  71.377   7.395        -63.435      63.435          -56.310   56.310       3     1.333    4.379      
2.250    132.282  71.377   10.458       18.435       18.435          -48.814   48.814       
2.333    130.904  71.929   18.264       5.194        5.194           -6.340    6.340        
2.417    129.251  71.653   18.487       -10.305      10.305          -16.699   16.699       
2.500    127.873  71.377   19.911       4.764        4.764           -15.945   15.945       
2.583    125.944  71.929   19.911       4.764        4.764           5.711     5.711        
2.667    124.566  71.653   18.264       -5.194       5.194           0.000     0.000        
2.750    122.912  71.653   12.038       15.945       15.945          -12.529   12.529       
2.833    122.637  72.204   8.268        53.130       53.130          12.529    12.529       
2.917    122.086  72.755   17.886       33.690       33.690          23.198    23.198       
3.000    120.157  73.858   25.022       7.595        7.595           26.565    26.565       
3.083    117.952  73.307   21.559       -4.399       4.399           19.983    19.983       
3.167    116.574  73.582   22.490       17.103       17.103          14.036    14.036       
3.250    114.369  74.409   24.076       15.945       15.945          18.435    18.435       
3.333    112.716  74.684   22.184       26.565       26.565          21.801    21.801       
3.417    111.062  76.062   16.285       23.963       23.963          21.037    21.037       
3.500    110.235  75.787   11.692       -8.130       8.130           30.964    30.964       
3.583    109.133  75.787   14.128       -20.556      20.556          4.764     4.764        4     1.417    3.246      
3.667    108.031  74.960   19.911       -4.764       4.764           -5.194    5.194        5     0.083    0.297      
3.750    105.826  75.511   33.112       -2.862       2.862           4.764     4.764        6     0.083    0.322      
3.833    102.519  74.684   32.487       -14.744      14.744          -9.462    9.462        
3.917    100.590  74.133   23.384       -8.130       8.130           -8.746    8.746        7     0.167    0.470      
4.000    98.661   74.133   28.304       6.710        6.710           4.764     4.764        
4.083    95.905   74.684   35.348       10.784       10.784          10.305    10.305       
4.167    92.873   75.236   31.461       3.013        3.013           18.435    18.435       8     0.250    0.719      
4.250    90.669   74.960   27.271       -14.036      14.036          8.746     8.746        
4.333    88.464   74.133   20.916       -18.435      18.435          0.000     0.000        
4.417    87.362   73.858   21.559       -4.399       4.399           4.764     4.764        
4.500    84.881   73.858   26.456       0.000        0.000           0.000     0.000        
4.583    82.952   73.858   22.184       -26.565      26.565          16.699    16.699       
4.667    81.574   72.204   28.110       -28.072      28.072          -21.801   21.801       
4.750    78.818   71.653   31.199       -32.005      32.005          -15.255   15.255       
4.833    77.165   69.448   19.283       -59.036      59.036          -45.000   45.000       
4.917    77.165   68.897   16.535       -53.130      53.130          -45.000   45.000       
5.000    75.511   67.244   21.496       -22.620      22.620          -38.660   38.660       9     0.833    2.845      
5.083    73.858   67.519   19.911       4.764        4.764           -15.255   15.255       
5.167    72.204   67.519   24.858       3.814        3.814           -5.194    5.194        
5.250    69.724   67.795   28.159       3.366        3.366           4.399     4.399        
5.333    67.519   67.795   18.189       0.000        0.000           5.194     5.194        
5.417    66.692   67.795   14.882       0.000        0.000           0.000     0.000        
5.500    65.039   67.795   18.853       15.255       15.255          5.194     5.194        
5.583    63.661   68.622   24.076       15.945       15.945          6.340     6.340        
5.667    61.181   68.897   36.528       5.194        5.194           12.529    12.529       
5.750    57.598   69.173   35.348       10.784       10.784          5.194     5.194        
5.833    55.393   69.999   27.371       25.017       25.017          10.305    10.305       
5.917    53.464   71.102   20.184       34.992       34.992          32.471    32.471       
6.000    52.637   71.929   12.914       39.805       39.805          41.186    41.186       
6.083    51.811   72.480   9.642        30.964       30.964          28.610    28.610       
6.167    51.259   72.755   6.818        14.036       14.036          30.964    30.964       
6.250    50.708   72.755   3.307        0.000        0.000           24.444    24.444       
6.333    50.708   72.755   0.000        0.000        0.000           24.444    24.444                                 1     0.083      
6.417    50.708   72.755   4.961        -90.000      90.000          24.444    24.444       10    1.417    3.741      
6.500    50.708   71.929   9.354        -45.000      45.000          10.305    10.305       
6.583    49.606   71.653   10.588       -51.340      51.340          11.310    11.310       
6.667    49.606   70.551   15.599       -32.005      32.005          -21.801   21.801       
6.750    47.401   70.275   22.184       -26.565      26.565          -12.995   12.995       
6.833    46.299   68.897   20.719       -28.610      28.610          -28.611   28.611       
6.917    44.370   68.622   21.749       -8.746       8.746           -22.620   22.620       
7.000    42.716   68.346   25.294       -11.310      11.310          -9.462    9.462        
7.083    40.236   67.795   25.022       -7.595       7.595           -24.444   24.444       
7.167    38.582   67.795   23.675       -12.095      12.095          -15.255   15.255       
7.250    36.378   66.968   15.599       -32.005      32.005          -9.462    9.462        
7.333    36.378   66.417   14.790       -26.565      26.565          -21.801   21.801       
7.417    34.173   65.866   23.208       -4.086       4.086           -29.055   29.055       11    1.000    2.201      
7.500    32.519   66.141   13.635       14.036       14.036          -11.310   11.310       
7.583    31.968   66.417   13.228       0.000        0.000           0.000     0.000        
7.667    30.315   66.141   14.973       6.340        6.340           -6.340    6.340        
7.750    29.488   66.692   14.128       -20.556      20.556          6.340     6.340        12    0.333    0.669      
7.833    28.110   65.314   12.914       -50.194      50.194          -21.801   21.801       
7.917    28.110   65.039   10.458       -71.565      71.565          -33.690   33.690       
8.000    27.559   63.661   10.588       -38.660      38.660          -41.633   41.633       13    0.250    1.138      
8.083    26.732   63.937   7.395        26.565       26.565          -26.565   26.565       
8.167    26.456   64.212   4.961        0.000        0.000           -10.305   10.305       
8.250    25.905   63.937   2.338        -135.000     135.000         -16.699   16.699       
8.333    26.732   63.937   2.338        -45.000      45.000          -22.620   22.620       14    0.333    0.422      
8.417    25.630   63.661   25.294       -11.310      11.310          -21.801   21.801       
