time     x        y        groundspeed  track angle  AV track angle  BA angle  AV BA angle  turn  tempo  amplitude  stop  stop time  
0.000    146.329  74.956   30.172                                    66.037    66.037       
0.083    144.676  75.783   17.885       56.310       56.310          74.745    74.745       
0.167    144.676  77.436   18.263       84.806       84.806          77.905    77.905       
0.250    144.400  78.814   15.599       57.995       57.995          65.556    65.556       
0.333    143.298  79.641   10.587       38.660       38.660          65.556    65.556       
0.417    143.022  79.916   5.962        56.310       56.310          60.945    60.945       
0.500    142.747  80.467   12.592       66.801       66.801          70.017    70.017       
0.583    142.196  81.845   23.674       65.225       65.225          68.962    68.962       
0.667    141.093  84.050   18.486       100.305      100.305         71.565    71.565       
0.750    142.747  84.877   17.576       138.814      138.814         100.305   100.305      
0.833    143.298  85.979   14.789       116.565      116.565         108.435   108.435      
0.917    143.849  87.081   14.789       116.565      116.565         114.444   114.444      
1.000    144.400  88.183   20.115       99.462       99.462          120.964   120.964      
1.083    144.400  90.388   20.915       108.435      108.435         102.995   102.995      
1.167    145.503  91.490   11.923       123.690      123.690         116.565   116.565      
1.250    145.503  92.041   6.614        90.000       90.000          118.610   118.610      
1.333    145.503  92.593   4.677        135.000      135.000         114.444   114.444      
1.417    146.054  92.593   7.394        153.435      153.435         118.610   118.610      
1.500    146.605  93.144   1.653        90.000       90.000          121.607   121.607      
1.583    146.054  92.868   3.697        -26.565      26.565          116.565   116.565      
1.667    146.054  92.868   0.000        0.000        0.000           116.565   116.565                                1     0.500      
1.750    146.054  92.868   0.000        0.000        0.000           116.565   116.565      
1.833    146.054  92.868   0.000        0.000        0.000           116.565   116.565      
1.917    146.054  92.868   0.000        0.000        0.000           116.565   116.565      
2.000    146.054  92.868   0.000        0.000        0.000           116.565   116.565      
2.083    146.054  92.868   0.000        0.000        0.000           116.565   116.565      
2.167    146.054  92.868   3.697        -26.565      26.565          116.565   116.565      
2.250    145.503  92.593   8.904        -21.802      21.802          109.983   109.983      
2.333    144.676  92.317   15.686       -18.435      18.435          90.000    90.000       
2.417    143.022  91.766   16.862       -11.310      11.310          48.814    48.814       
2.500    141.920  91.766   19.910       -4.764       4.764           41.634    41.634       
2.583    139.716  91.490   25.293       11.310       11.310          18.435    18.435       
2.667    137.787  92.593   25.239       31.608       31.608          26.565    26.565       
2.750    136.133  93.695   17.808       21.802       21.802          32.471    32.471       
2.833    135.031  93.695   17.262       16.699       16.699          24.444    24.444       
2.917    133.377  94.522   22.489       17.103       17.103          29.055    29.055       
3.000    131.448  94.797   14.789       26.565       26.565          19.983    19.983       
3.083    131.173  95.624   7.015        45.000       45.000          32.471    32.471       
3.167    130.622  95.624   3.307        0.000        0.000           28.301    28.301       
3.250    130.622  95.624   3.697        -116.565     116.565         28.301    28.301       
3.333    130.897  95.073   10.457       -71.565      71.565          10.305    10.305       
3.417    130.071  93.970   24.580       -19.654      19.654          -23.962   23.962       
3.500    127.039  93.695   28.108       0.000        0.000           -6.340    6.340        
3.583    125.386  93.970   22.489       17.103       17.103          4.086     4.086        
3.667    123.457  94.797   27.717       17.354       17.354          23.962    23.962       
3.750    120.977  95.348   16.862       -11.310      11.310          17.103    17.103       1     
3.833    120.701  94.246   6.817        -75.964      75.964          -4.764    4.764        
3.917    120.701  94.246   6.817        -75.964      75.964          -4.764    4.764        
4.000    120.425  93.144   16.284       -66.037      66.037          -28.611   28.611       
4.083    119.599  91.766   23.030       -68.963      68.963          -26.565   26.565       
4.167    119.048  89.561   23.674       -77.905      77.905          -34.992   34.992       
4.250    118.772  87.908   26.455       -90.000      90.000          -66.038   66.038       
4.333    119.048  85.152   28.108       -90.000      90.000          -84.806   84.806       
4.417    118.772  83.223   33.439       -81.469      81.469          -84.806   84.806       
4.500    118.221  79.641   33.439       -81.469      81.469          -85.601   85.601       
4.583    117.945  77.712   25.880       -63.435      63.435          -67.380   67.380       
4.667    116.292  75.783   22.489       -72.897      72.897          -45.000   45.000       
4.750    116.843  74.129   17.576       -138.814     138.814         -80.538   80.538       
4.833    118.496  73.854   21.045       -135.000     135.000         -102.995  102.995      
4.917    119.323  71.649   14.973       -96.340      96.340          -109.654  109.654      
5.000    118.772  71.373   16.534       -53.130      53.130          -113.963  113.963      
5.083    117.670  69.444   16.285       -66.038      66.038          -71.565   71.565       
5.167    117.670  68.893   11.923       -33.690      33.690          -75.964   75.964       
5.250    116.016  68.342   20.183       -34.992      34.992          -41.987   41.987       
5.333    114.914  66.964   16.285       -66.038      66.038          -48.366   48.366       
5.417    114.914  65.862   17.808       -68.199      68.199          -71.565   71.565       
5.500    113.812  64.209   24.802       -36.870      36.870          -48.366   48.366       
5.583    111.607  63.382   24.413       -28.301      28.301          -36.027   36.027       
5.667    110.229  62.280   18.707       -45.000      45.000          -47.291   47.291       
5.750    109.403  61.177   22.245       -48.013      48.013          -45.000   45.000       
5.833    107.749  59.524   31.805       -27.897      27.897          -48.366   48.366       
5.917    104.718  58.697   31.805       -27.897      27.897          -32.471   32.471       
6.000    103.064  57.044   30.756       -36.254      36.254          -38.660   38.660       
6.083    100.584  55.666   42.252       -30.579      30.579          -34.992   34.992       
6.167    97.002   53.461   42.155       -25.560      25.560          -33.690   33.690       
6.250    94.246   52.634   37.740       -28.811      28.811          -21.038   21.038       
6.333    91.490   50.430   36.413       -39.472      39.472          -30.256   30.256       
6.417    89.561   48.776   31.762       -38.660      38.660          -33.690   33.690       
6.500    87.357   47.123   33.926       -46.975      46.975          -28.610   28.610       
6.583    85.703   44.643   28.254       -69.444      69.444          -51.340   51.340       
6.667    85.703   42.714   21.558       -122.471     122.471         -75.964   75.964       
6.750    87.632   41.612   21.558       -122.471     122.471         -116.565  116.565      
6.833    87.632   39.683   26.661       -97.125      97.125          -108.435  108.435      
6.917    88.183   37.202   23.207       -94.086      94.086          -112.620  112.620      
7.000    87.908   35.825   16.534       -90.000      90.000          -100.305  100.305      
7.083    88.183   34.447   10.057       -99.462      99.462          -99.462   99.462       2     3.333    8.852      
7.167    88.183   34.171   8.431        11.310       11.310          -98.746   98.746       
7.250    86.806   34.722   8.904        21.801       21.801          -61.390   61.390       
7.333    86.806   34.722   0.000        0.000        0.000           -61.390   61.390                                 2     0.167      
7.417    86.806   34.722   0.000        0.000        0.000           -61.390   61.390       
7.500    86.806   34.722   18.707       45.000       45.000          -61.390   61.390       
7.583    84.601   36.927   33.926       43.025       43.025          -12.095   12.095       
7.667    82.672   38.580   37.740       28.811       28.811          15.255    15.255       
7.750    79.090   39.958   41.435       28.610       28.610          18.435    18.435       
7.833    76.609   41.887   33.926       46.975       46.975          39.289    39.289       
7.917    75.231   44.092   30.889       74.476       74.476          53.973    53.973       
8.000    75.231   46.847   31.933       68.749       68.749          71.565    71.565       
8.083    73.302   49.052   34.046       60.945       60.945          59.744    59.744       
8.167    72.476   51.808   37.156       57.724       57.724          73.301    73.301       
8.250    69.996   54.288   31.589       42.879       42.879          45.000    45.000       
8.333    68.618   55.390   24.802       36.870       36.870          37.875    37.875       
8.417    66.689   56.768   25.239       31.608       31.608          36.870    36.870       
8.500    65.035   57.595   24.074       15.945       15.945          36.870    36.870       
8.583    62.831   57.870   30.889       15.524       15.524          5.711     5.711        
8.667    60.075   58.973   36.263       24.228       24.228          22.620    22.620       
8.750    57.319   60.351   38.458       25.463       25.463          36.870    36.870       
8.833    54.288   61.728   35.501       27.759       27.759          18.435    18.435       
8.917    52.083   63.106   42.349       38.660       38.660          26.565    26.565       
9.000    48.776   66.138   34.879       31.430       31.430          48.013    48.013       
9.083    47.123   66.138   26.661       7.125        7.125           21.801    21.801       
9.167    44.367   66.689   38.173       17.650       17.650          19.983    19.983       
9.250    41.060   68.067   42.155       25.560       25.560          24.444    24.444       
9.333    38.029   69.720   34.087       14.036       14.036          24.444    24.444       
9.417    35.549   69.444   33.110       2.862        2.862           4.764     4.764        
9.500    32.518   69.996   29.762       0.000        0.000           10.305    10.305       
9.583    30.589   69.444   28.876       -13.241      13.241          -12.529   12.529       
9.667    27.833   68.893   23.148       0.000        0.000           -18.435   18.435       
9.750    26.731   69.444   10.057       -9.462       9.462           0.000     0.000        3     2.667    9.577      
9.833    26.179   68.618   18.486       -79.695      79.695          -18.435   18.435       
