time  x      y      z      groundspeedxy  groundspeedxz  groundspeedxyz  trackanglexy  trackanglexz  trackanglexyz  airspeedxy  airspeedxz  airspeedxyz  courseanglexy  courseanglexz  courseanglexyz  driftanglexy  driftanglexz  driftanglexyz  
0.00  -0.905 0.257  -0.637 
0.03  -0.896 0.251  -0.603 0.32           1.04           1.05            -34.14        -75.43        75.64          0.54        1.13        1.14         -19.10         -63.04         63.39           -15.03        -12.40        12.26          
0.07  -0.895 0.242  -0.572 0.30           0.96           1.00            -82.60        -87.72        87.82          0.41        1.00        1.04         -45.50         -73.23         73.93           -37.10        -14.49        13.89          
0.10  -0.893 0.240  -0.549 0.07           0.67           0.67            -44.73        -85.62        85.63          0.31        0.73        0.74         -9.57          -65.76         65.82           -35.16        -19.86        19.81          
0.13  -0.896 0.242  -0.517 0.11           0.96           0.96            154.65        -95.86        95.85          0.16        0.97        0.97         17.06          -81.00         81.01           137.59        -14.85        14.84          
0.17  -0.895 0.242  -0.504 0.06           0.41           0.41            23.23         -82.79        82.80          0.30        0.51        0.51         4.19           -53.44         53.48           19.04         -29.34        29.31          
0.20  -0.896 0.243  -0.493 0.05           0.33           0.33            161.47        -97.74        97.74          0.21        0.39        0.39         4.19           -58.12         58.15           157.28        -39.62        39.59          
0.23  -0.906 0.243  -0.485 0.30           0.39           0.39            176.36        -141.29       141.20         0.06        0.25        0.25         160.34         -102.51        102.47          16.02         -38.78        38.73          
0.27  -0.916 0.244  -0.474 0.29           0.44           0.44            175.27        -131.52       131.44         0.05        0.33        0.33         149.27         -97.03         97.01           26.00         -34.49        34.44          
0.30  -0.919 0.244  -0.462 0.10           0.37           0.37            -168.56       -104.47       104.45         0.16        0.39        0.39         -6.85          -66.50         66.53           -161.71       -37.97        37.92          
0.33  -0.925 0.238  -0.455 0.25           0.28           0.32            -140.20       -134.84       127.44         0.17        0.20        0.26         -71.08         -74.14         77.66           -69.12        -60.70        49.78          
0.37  -0.922 0.234  -0.445 0.16           0.33           0.35            -46.80        -70.46        71.63          0.38        0.47        0.49         -17.93         -40.57         42.47           -28.87        -29.89        29.17          
0.40  -0.923 0.224  -0.442 0.30           0.10           0.31            -96.80        -111.62       96.52          0.37        0.23        0.38         -54.13         -22.60         55.30           -42.67        -89.03        41.22          
0.43  -0.917 0.214  -0.433 0.37           0.32           0.45            -62.32        -57.88        68.07          0.53        0.50        0.60         -37.63         -32.79         45.13           -24.69        -25.09        22.94          
0.47  -0.899 0.204  -0.432 0.62           0.56           0.63            -26.89        -3.05         27.02          0.86        0.81        0.86         -19.29         -2.11          19.39           -7.60         -0.94         7.62           
0.50  -0.883 0.199  -0.427 0.50           0.50           0.53            -18.61        -18.62        25.47          0.74        0.74        0.76         -12.43         -12.44         17.32           -6.17         -6.18         8.15           
0.53  -0.859 0.188  -0.422 0.80           0.74           0.81            -23.74        -10.66        25.56          1.03        0.99        1.04         -18.13         -7.98          19.61           -5.60         -2.68         5.95           
0.57  -0.835 0.176  -0.407 0.80           0.84           0.91            -27.25        -32.37        39.24          1.03        1.06        1.12         -20.84         -25.10         31.12           -6.41         -7.27         8.12           
0.60  -0.813 0.171  -0.397 0.69           0.74           0.76            -12.40        -24.71        27.02          0.94        0.98        0.99         -9.12          -18.56         20.41           -3.28         -6.15         6.61           
0.63  -0.786 0.163  -0.381 0.81           0.91           0.94            -16.23        -30.69        33.47          1.06        1.13        1.15         -12.44         -24.22         26.61           -3.79         -6.48         6.86           
0.67  -0.767 0.158  -0.361 0.62           0.86           0.87            -16.60        -46.04        47.18          0.86        1.05        1.06         -11.85         -36.13         37.22           -4.75         -9.91         9.96           
0.70  -0.743 0.154  -0.346 0.72           0.83           0.84            -8.15         -30.98        31.68          0.97        1.05        1.06         -6.05          -23.96         24.55           -2.10         -7.02         7.13           
0.73  -0.720 0.155  -0.328 0.69           0.88           0.88            1.73          -37.99        38.01          0.94        1.08        1.08         1.27           -29.83         29.85           0.46          -8.16         8.16           
0.77  -0.701 0.168  -0.319 0.68           0.63           0.74            35.29         -27.48        41.30          0.90        0.86        0.94         26.03          -19.75         31.22           9.26          -7.74         10.08          
0.80  -0.678 0.184  -0.308 0.85           0.77           0.91            35.06         -24.49        39.92          1.07        1.00        1.12         27.34          -18.55         31.65           7.72          -5.94         8.27           
0.83  -0.652 0.183  -0.304 0.77           0.79           0.79            -3.36         -10.00        10.53          1.02        1.03        1.03         -2.54          -7.59          8.00            -0.82         -2.41         2.54           
0.87  -0.638 0.202  -0.300 0.70           0.43           0.71            53.58         -15.40        54.13          0.88        0.68        0.88         40.29          -9.78          40.86           13.29         -5.63         13.27          
0.90  -0.628 0.210  -0.300 0.39           0.31           0.39            37.38         0.91          37.39          0.60        0.56        0.60         22.84          0.50           22.84           14.54         0.41          14.55          
0.93  -0.620 0.220  -0.310 0.39           0.38           0.49            51.68         51.08         60.54          0.58        0.57        0.65         31.82          31.27          40.97           19.86         19.81         19.57          
0.97  -0.615 0.220  -0.327 0.16           0.53           0.53            6.49          72.24         72.26          0.41        0.65        0.65         2.56           50.83          50.84           3.93          21.42         21.41          
1.00  -0.606 0.228  -0.349 0.36           0.72           0.75            41.14         67.91         69.07          0.57        0.84        0.87         24.36          51.93          53.57           16.78         15.98         15.50          
1.03  -0.603 0.237  -0.372 0.28           0.70           0.75            73.24         83.35         83.79          0.43        0.77        0.82         39.19          64.60          66.12           34.04         18.75         17.68          
1.07  -0.602 0.246  -0.397 0.28           0.75           0.80            81.04         86.66         86.87          0.40        0.80        0.85         43.35          68.59          69.81           37.69         18.07         17.06          
1.10  -0.586 0.241  -0.423 0.50           0.91           0.93            -18.78        58.72         59.25          0.74        1.06        1.08         -12.55         47.15          47.74           -6.23         11.57         11.51          
1.13  -0.577 0.233  -0.449 0.36           0.82           0.85            -42.70        70.98         71.82          0.57        0.93        0.96         -25.46         56.26          57.53           -17.24        14.72         14.29          
1.17  -0.557 0.231  -0.477 0.60           1.03           1.04            -6.34         54.98         55.06          0.85        1.20        1.20         -4.47          45.12          45.20           -1.87         9.86          9.86           
1.20  -0.538 0.233  -0.500 0.58           0.89           0.90            6.89          49.55         49.69          0.83        1.07        1.07         4.82           39.33          39.48           2.06          10.22         10.22          
1.23  -0.511 0.219  -0.511 0.90           0.87           0.96            -27.14        22.50         33.39          1.13        1.10        1.17         -21.34         17.52          26.67           -5.81         4.98          6.72           
1.27  -0.504 0.211  -0.518 0.31           0.31           0.39            -48.00        47.28         57.19          0.52        0.51        0.56         -26.90         26.32          35.32           -21.10        20.96         21.87          
1.30  -0.488 0.200  -0.510 0.58           0.53           0.63            -35.78        -27.61        41.68          0.80        0.76        0.83         -25.22         -18.87         30.20           -10.56        -8.74         11.49          
1.33  -0.482 0.191  -0.483 0.33           0.85           0.89            -55.24        -77.03        77.67          0.52        0.93        0.97         -31.88         -61.92         63.15           -23.35        -15.11        14.52          
1.37  -0.477 0.176  -0.457 0.49           0.78           0.90            -71.41        -78.50        80.12          0.61        0.86        0.98         -48.71         -62.02         65.56           -22.70        -16.48        14.57          
1.40  -0.480 0.156  -0.420 0.60           1.12           1.27            -98.88        -94.72        94.17          0.61        1.13        1.27         -75.03         -81.96         82.88           -23.85        -12.75        11.29          
1.43  -0.490 0.144  -0.379 0.46           1.25           1.30            -128.83       -103.32       102.80         0.36        1.22        1.27         -96.04         -91.78         91.71           -32.78        -11.54        11.09          
1.47  -0.502 0.133  -0.345 0.50           1.11           1.16            -138.12       -109.85       108.96         0.36        1.05        1.10         -110.45        -96.88         96.55           -27.67        -12.97        12.40          
1.50  -0.507 0.113  -0.322 0.60           0.70           0.91            -104.80       -102.82       99.78          0.59        0.68        0.90         -80.69         -81.97         83.89           -24.12        -20.85        15.89          
1.53  -0.516 0.108  -0.286 0.32           1.13           1.14            -150.19       -104.03       103.89         0.16        1.09        1.11         -98.51         -91.23         91.21           -51.68        -12.80        12.68          
1.57  -0.523 0.104  -0.257 0.23           0.89           0.90            -146.33       -102.18       102.06         0.14        0.87        0.88         -63.77         -85.95         85.99           -82.57        -16.23        16.07          
1.60  -0.511 0.102  -0.237 0.36           0.68           0.68            -10.81        -58.30        58.48          0.61        0.84        0.84         -6.41          -43.60         43.80           -4.40         -14.70        14.68          
1.63  -0.512 0.103  -0.223 0.06           0.45           0.45            152.29        -96.52        96.51          0.20        0.49        0.49         7.61           -65.81         65.85           144.68        -30.71        30.66          
1.67  -0.500 0.108  -0.209 0.40           0.55           0.58            25.43         -48.94        51.17          0.64        0.74        0.76         15.73          -34.21         36.35           9.70          -14.73        14.82          
1.70  -0.501 0.109  -0.197 0.04           0.35           0.35            152.45        -95.16        95.15          0.22        0.41        0.41         4.24           -57.57         57.60           148.21        -37.58        37.55          
1.73  -0.492 0.107  -0.174 0.27           0.74           0.74            -9.19         -68.72        68.76          0.52        0.87        0.87         -4.80          -53.12         53.17           -4.39         -15.60        15.59          
1.77  -0.493 0.104  -0.155 0.11           0.56           0.57            -103.69       -92.69        92.65          0.25        0.60        0.61         -25.71         -68.14         68.50           -77.98        -24.56        24.15          
1.80  -0.495 0.109  -0.137 0.17           0.55           0.57            112.71        -96.69        96.44          0.24        0.58        0.60         39.70          -71.35         72.00           73.02         -25.34        24.45          
1.83  -0.498 0.110  -0.113 0.08           0.72           0.72            151.20        -95.68        95.67          0.18        0.74        0.74         12.42          -76.06         76.08           138.79        -19.62        19.60          
1.87  -0.493 0.103  -0.093 0.25           0.61           0.65            -55.44        -76.77        77.46          0.44        0.71        0.74         -27.57         -56.84         58.26           -27.87        -19.94        19.20          
1.90  -0.486 0.096  -0.076 0.31           0.58           0.62            -44.38        -67.10        68.68          0.52        0.71        0.74         -24.83         -48.23         50.46           -19.55        -18.88        18.22          
1.93  -0.474 0.098  -0.057 0.36           0.67           0.68            9.17          -58.07        58.20          0.61        0.83        0.83         5.42           -43.31         43.46           3.76          -14.76        14.75          
1.97  -0.465 0.109  -0.041 0.41           0.53           0.62            51.44         -61.28        65.70          0.60        0.69        0.76         32.32          -42.62         48.16           19.12         -18.65        17.54          
2.00  -0.458 0.108  -0.034 0.22           0.31           0.31            -7.95         -44.10        44.40          0.47        0.52        0.52         -3.74          -24.41         24.63           -4.21         -19.70        19.77          
2.03  -0.448 0.114  -0.033 0.35           0.29           0.35            34.95         -7.61         35.44          0.57        0.54        0.57         20.41          -4.07          20.75           14.54         -3.54         14.69          
2.07  -0.447 0.122  -0.036 0.24           0.12           0.26            76.72         62.67         77.88          0.39        0.32        0.40         37.60          19.38          40.25           39.11         43.29         37.63          
2.10  -0.453 0.131  -0.042 0.33           0.26           0.38            123.11        134.37        118.48         0.28        0.20        0.34         75.62          68.97          77.96           47.48         65.40         40.52          
2.13  -0.456 0.138  -0.050 0.22           0.24           0.31            114.60        113.03        107.30         0.26        0.27        0.34         52.21          54.25          62.19           62.39         58.77         45.12          
2.17  -0.462 0.139  -0.077 0.20           0.85           0.85            169.19        103.45        103.44         0.06        0.83        0.83         35.37          86.32          86.32           133.82        17.13         17.11          
2.20  -0.470 0.143  -0.090 0.24           0.45           0.46            156.27        119.35        118.63         0.10        0.39        0.40         72.32          85.49          85.63           83.95         33.86         33.00          
2.23  -0.468 0.142  -0.110 0.05           0.59           0.59            -23.28        85.74         85.74          0.29        0.66        0.66         -3.69          63.58          63.59           -19.59        22.16         22.15          
2.27  -0.470 0.133  -0.126 0.27           0.48           0.54            -104.21       98.03         97.03          0.32        0.51        0.57         -55.02         68.71          71.20           -49.19        29.32         25.83          
2.30  -0.469 0.130  -0.142 0.10           0.49           0.50            -60.31        84.43         84.51          0.31        0.57        0.58         -15.61         58.54          58.91           -44.70        25.89         25.61          
2.33  -0.467 0.132  -0.160 0.06           0.55           0.56            39.81         85.32         85.34          0.30        0.63        0.63         7.27           61.89          61.94           32.54         23.44         23.40          
2.37  -0.455 0.142  -0.180 0.48           0.71           0.77            38.33         57.93         60.69          0.70        0.87        0.92         25.47          43.89          47.03           12.85         14.04         13.66          
2.40  -0.444 0.148  -0.191 0.37           0.45           0.48            30.26         44.82         49.05          0.59        0.65        0.67         18.04          29.01          32.75           12.22         15.81         16.30          
2.43  -0.432 0.149  -0.204 0.35           0.51           0.52            7.88          47.82         48.05          0.60        0.71        0.71         4.59           32.63          32.84           3.29          15.19         15.21          
2.47  -0.424 0.159  -0.218 0.38           0.52           0.59            45.83         59.05         62.97          0.59        0.68        0.74         28.01          40.75          45.35           17.83         18.31         17.61          
2.50  -0.422 0.156  -0.223 0.09           0.14           0.16            -63.19        71.98         74.70          0.30        0.32        0.33         -15.95         23.94          27.83           -47.24        48.04         46.87          
2.53  -0.414 0.161  -0.230 0.27           0.31           0.35            31.63         42.07         47.54          0.50        0.53        0.55         16.57          23.56          27.83           15.06         18.51         19.71          
2.57  -0.412 0.167  -0.233 0.19           0.12           0.22            70.78         58.59         73.16          0.36        0.33        0.38         30.00          18.24          33.61           40.79         40.35         39.55          
2.60  -0.413 0.171  -0.242 0.13           0.25           0.29            96.85         93.58         93.18          0.27        0.35        0.37         29.42          47.28          50.68           67.43         46.30         42.49          
2.63  -0.413 0.177  -0.247 0.19           0.16           0.25            89.22         89.11         89.41          0.31        0.30        0.35         36.62          32.93          44.59           52.60         56.17         44.82          
2.67  -0.415 0.176  -0.256 0.09           0.27           0.27            -143.66       105.70        105.39         0.19        0.31        0.32         -16.65         55.35          55.91           -127.01       50.35         49.48          
2.70  -0.417 0.182  -0.261 0.21           0.16           0.26            103.16        107.66        100.67         0.29        0.25        0.33         46.09          37.33          52.19           57.07         70.33         48.48          
2.73  -0.415 0.175  -0.254 0.22           0.20           0.29            -76.22        -74.96        79.73          0.37        0.36        0.41         -34.83         -32.41         43.29           -41.39        -42.55        36.45          
2.77  -0.411 0.175  -0.249 0.14           0.21           0.21            -7.68         -51.06        51.23          0.38        0.42        0.42         -2.70          -23.41         23.54           -4.98         -27.65        27.69          
2.80  -0.406 0.174  -0.237 0.15           0.39           0.39            -8.72         -67.57        67.61          0.40        0.53        0.54         -3.26          -41.97         42.03           -5.46         -25.60        25.59          
2.83  -0.395 0.181  -0.231 0.39           0.36           0.42            33.13         -26.45        39.37          0.61        0.60        0.64         20.28          -15.73         24.92           12.85         -10.72        14.45          
2.87  -0.373 0.177  -0.219 0.66           0.75           0.76            -10.43        -29.45        30.71          0.91        0.97        0.98         -7.57          -22.19         23.22           -2.86         -7.26         7.49           
2.90  -0.359 0.181  -0.211 0.46           0.51           0.52            15.93         -29.98        32.76          0.70        0.73        0.74         10.29          -20.16         22.27           5.63          -9.82         10.49          
2.93  -0.351 0.182  -0.202 0.22           0.34           0.34            7.77          -49.27        49.46          0.47        0.54        0.54         3.66           -28.57         28.73           4.11          -20.70        20.73          
2.97  -0.333 0.197  -0.200 0.70           0.54           0.70            40.12         -7.65         40.48          0.90        0.79        0.91         29.86          -5.23          30.17           10.26         -2.42         10.31          
3.00  -0.316 0.213  -0.199 0.69           0.51           0.69            42.52         -2.63         42.56          0.89        0.76        0.89         31.62          -1.76          31.65           10.91         -0.86         10.91          
3.03  -0.319 0.225  -0.198 0.37           0.09           0.37            102.87        -157.95       102.81         0.40        0.17        0.40         64.82          -11.14         64.92           38.04         -146.81       37.90          
3.07  -0.318 0.243  -0.202 0.55           0.12           0.56            86.68         75.09         86.75          0.62        0.31        0.63         62.74          22.93          63.28           23.93         52.16         23.47          
3.10  -0.330 0.258  -0.210 0.59           0.44           0.64            129.29        147.67        126.00         0.47        0.27        0.53         105.15         117.60         103.52          24.14         30.07         22.48          
3.13  -0.347 0.274  -0.221 0.68           0.59           0.76            135.20        144.81        129.39         0.54        0.41        0.63         115.98         124.46         111.67          19.22         20.35         17.72          
3.17  -0.350 0.272  -0.238 0.12           0.50           0.50            -146.42       101.33        101.24         0.17        0.51        0.52         -23.22         72.77          72.91           -123.19       28.56         28.33          
3.20  -0.365 0.281  -0.249 0.52           0.56           0.62            148.86        142.52        135.69         0.33        0.39        0.47         125.88         119.68         114.12          22.98         22.84         21.57          
3.23  -0.368 0.288  -0.255 0.22           0.21           0.30            112.87        113.96        107.01         0.26        0.25        0.33         51.79          50.32          60.27           61.08         63.64         46.74          
3.27  -0.375 0.291  -0.263 0.25           0.32           0.33            157.71        138.12        135.41         0.10        0.21        0.23         81.39          86.04          86.40           76.32         52.08         49.01          
3.30  -0.375 0.293  -0.273 0.06           0.31           0.32            77.07         87.52         87.57          0.27        0.41        0.41         12.55          49.78          50.27           64.52         37.74         37.29          
3.33  -0.369 0.294  -0.285 0.19           0.42           0.42            9.69          63.38         63.46          0.44        0.58        0.58         4.18           40.52          40.62           5.50          22.86         22.84          
3.37  -0.366 0.307  -0.296 0.40           0.33           0.51            77.10         74.19         79.90          0.52        0.46        0.60         48.95          42.87          55.90           28.15         31.31         24.01          
3.40  -0.352 0.294  -0.304 0.57           0.48           0.62            -44.60        32.12         49.46          0.77        0.70        0.81         -31.37         21.21          35.86           -13.23        10.91         13.60          
3.43  -0.337 0.296  -0.318 0.47           0.61           0.61            8.26          40.51         40.91          0.72        0.82        0.82         5.39           29.04          29.39           2.87          11.46         11.52          
3.47  -0.318 0.289  -0.338 0.61           0.83           0.86            -21.83        46.56         48.48          0.85        1.02        1.04         -15.56         36.28          38.13           -6.27         10.28         10.35          
3.50  -0.304 0.293  -0.353 0.45           0.62           0.64            18.59         46.64         48.01          0.69        0.82        0.83         11.99          33.77          35.05           6.60          12.88         12.97          
3.53  -0.289 0.291  -0.377 0.44           0.86           0.86            -9.55         59.57         59.69          0.69        1.01        1.01         -6.09          47.19          47.33           -3.46         12.38         12.36          
3.57  -0.279 0.303  -0.396 0.48           0.63           0.73            50.71         61.08         65.40          0.67        0.78        0.87         33.87          44.83          50.18           16.84         16.25         15.21          
3.60  -0.267 0.306  -0.405 0.37           0.46           0.47            14.40         39.33         40.65          0.62        0.68        0.68         8.60           25.76          26.82           5.80          13.57         13.83          
3.63  -0.264 0.306  -0.425 0.09           0.61           0.61            -16.07        81.44         81.45          0.34        0.69        0.69         -4.37          60.43          60.45           -11.70        21.01         21.00          
3.67  -0.261 0.310  -0.444 0.15           0.57           0.58            50.52         80.15         80.36          0.37        0.66        0.67         18.87          58.32          58.88           31.66         21.82         21.48          
3.70  -0.257 0.304  -0.450 0.19           0.22           0.27            -53.80        58.76         64.97          0.39        0.41        0.44         -23.08         27.20          33.73           -30.72        31.55         31.24          
3.73  -0.256 0.306  -0.477 0.06           0.80           0.80            56.44         87.63         87.64          0.29        0.84        0.85         9.94           70.42          70.46           46.50         17.21         17.18          
3.77  -0.255 0.305  -0.502 0.04           0.74           0.74            -42.64        87.95         87.95          0.28        0.79        0.79         -5.04          69.48          69.49           -37.60        18.47         18.46          
3.80  -0.251 0.294  -0.528 0.35           0.80           0.86            -69.64        81.32         81.97          0.49        0.87        0.93         -41.19         64.82          66.50           -28.46        16.50         15.46          
3.83  -0.253 0.317  -0.538 0.67           0.30           0.73            93.95         98.96         93.62          0.70        0.36        0.76         73.07          55.21          74.42           20.89         43.75         19.20          
3.87  -0.239 0.299  -0.555 0.68           0.66           0.85            -53.12        51.79         61.49          0.85        0.84        1.00         -39.56         38.22          48.77           -13.56        13.57         12.72          
3.90  -0.244 0.309  -0.603 0.34           1.45           1.48            117.71        96.29         96.16          0.32        1.44        1.47         73.10          86.35          86.43           44.61         9.94          9.73           
3.93  -0.246 0.319  -0.616 0.31           0.41           0.51            101.45        98.65         96.94          0.36        0.45        0.54         58.21          65.04          69.59           43.24         33.61         27.35          
3.97  -0.246 0.335  -0.639 0.49           0.67           0.84            89.93         89.95         89.96          0.55        0.72        0.87         63.11          69.59          73.30           26.82         20.35         16.65          
4.00  -0.251 0.360  -0.653 0.75           0.44           0.86            101.16        109.28        99.75          0.74        0.43        0.85         81.90          75.84          82.93           19.26         33.44         16.82          
4.03  -0.252 0.382  -0.666 0.67           0.41           0.78            91.27         92.08         91.08          0.71        0.47        0.81         70.55          59.85          73.21           20.72         32.24         17.88          
4.07  -0.279 0.399  -0.667 0.97           0.82           0.97            147.69        178.16        147.66         0.77        0.57        0.77         137.65         177.35         137.61          10.04         0.81          10.04          
4.10  -0.326 0.421  -0.664 1.57           1.43           1.57            155.18        -177.00       155.04         1.35        1.18        1.35         150.72         -176.36        150.57          4.46          -0.64         4.48           
4.13  -0.348 0.436  -0.655 0.79           0.72           0.84            146.87        -156.66       141.96         0.59        0.50        0.66         133.52         -145.16        128.39          13.35         -11.50        13.57          
4.17  -0.371 0.454  -0.644 0.86           0.75           0.93            141.00        -153.66       136.49         0.69        0.54        0.76         127.78         -141.73        123.47          13.22         -11.93        13.02          
4.20  -0.378 0.454  -0.637 0.21           0.29           0.29            174.04        -136.66       136.48         0.04        0.20        0.20         29.89          -79.11         79.18           144.15        -57.55        57.31          
4.23  -0.389 0.455  -0.623 0.35           0.55           0.55            177.41        -130.11       130.09         0.10        0.43        0.43         171.10         -103.69        103.68          6.30          -26.42        26.40          
4.27  -0.411 0.461  -0.610 0.69           0.77           0.79            163.87        -149.25       146.51         0.45        0.57        0.60         155.06         -136.28        133.24          8.81          -12.97        13.28          
4.30  -0.421 0.462  -0.591 0.27           0.64           0.64            175.48        -115.11       115.10         0.03        0.58        0.58         136.24         -92.22         92.21           39.24         -22.90        22.88          
4.33  -0.437 0.471  -0.579 0.56           0.60           0.66            151.34        -143.95       137.69         0.36        0.43        0.50         131.73         -123.81        118.17          19.61         -20.14        19.52          
4.37  -0.446 0.469  -0.544 0.30           1.07           1.08            -167.15       -105.63       105.60         0.08        1.04        1.04         -120.82        -92.18         92.18           -46.33        -13.45        13.42          
4.40  -0.458 0.474  -0.519 0.39           0.84           0.86            154.78        -115.14       114.62         0.20        0.77        0.79         122.42         -97.99         97.81           32.36         -17.15        16.81          
4.43  -0.466 0.479  -0.498 0.28           0.67           0.69            147.38        -110.53       110.01         0.15        0.63        0.65         84.68          -88.72         88.76           62.69         -21.81        21.26          
4.47  -0.474 0.476  -0.481 0.25           0.55           0.56            -153.72       -113.74       113.26         0.11        0.50        0.51         -74.69         -86.60         86.67           -79.03        -27.14        26.58          
4.50  -0.478 0.474  -0.455 0.13           0.79           0.80            -160.73       -99.01        98.99          0.13        0.79        0.80         -19.08         -80.90         80.91           -141.65       -18.11        18.08          
4.53  -0.481 0.470  -0.443 0.16           0.38           0.40            -126.44       -104.13       103.40         0.20        0.40        0.42         -39.08         -67.24         68.34           -87.36        -36.89        35.06          
4.57  -0.482 0.471  -0.405 0.04           1.15           1.15            129.16        -91.30        91.30          0.23        1.17        1.17         8.09           -78.94         78.95           121.07        -12.36        12.35          
4.60  -0.485 0.459  -0.377 0.38           0.84           0.92            -105.90       -97.10        96.51          0.39        0.85        0.92         -68.17         -80.06         80.88           -37.73        -17.03        15.63          
4.63  -0.483 0.444  -0.354 0.45           0.70           0.83            -80.93        -84.16        85.08          0.55        0.77        0.89         -54.22         -65.23         68.76           -26.71        -18.94        16.32          
4.67  -0.478 0.431  -0.331 0.41           0.69           0.79            -70.05        -78.22        79.75          0.55        0.78        0.87         -44.67         -59.84         63.26           -25.38        -18.38        16.50          
4.70  -0.475 0.419  -0.310 0.39           0.66           0.76            -77.94        -82.86        83.83          0.51        0.73        0.82         -49.03         -63.01         66.28           -28.91        -19.85        17.55          
4.73  -0.464 0.398  -0.281 0.70           0.92           1.10            -59.49        -67.17        71.09          0.86        1.04        1.20         -44.90         -54.36         59.74           -14.59        -12.80        11.35          
4.77  -0.458 0.383  -0.254 0.49           0.85           0.97            -70.04        -78.79        80.13          0.62        0.94        1.04         -47.72         -63.60         66.46           -22.32        -15.19        13.67          
4.80  -0.443 0.367  -0.240 0.66           0.60           0.77            -47.34        -42.06        54.68          0.85        0.80        0.94         -34.81         -30.03         42.12           -12.53        -12.03        12.56          
4.83  -0.423 0.354  -0.214 0.72           1.00           1.07            -32.13        -52.48        55.33          0.94        1.17        1.23         -24.02         -42.73         45.72           -8.12         -9.75         9.61           
4.87  -0.407 0.342  -0.192 0.60           0.82           0.90            -38.39        -54.55        58.20          0.81        0.98        1.05         -27.40         -42.58         46.53           -11.00        -11.98        11.67          
4.90  -0.396 0.327  -0.169 0.55           0.76           0.87            -51.55        -63.04        66.81          0.73        0.90        0.99         -36.05         -48.65         53.46           -15.50        -14.39        13.36          
4.93  -0.371 0.286  -0.120 1.44           1.63           2.05            -59.51        -63.39        69.12          1.58        1.76        2.15         -51.68         -56.09         62.89           -7.83         -7.30         6.23           
4.97  -0.371 0.289  -0.107 0.08           0.40           0.41            83.27         -88.57        88.60          0.27        0.47        0.48         17.94          -56.78         57.36           65.33         -31.78        31.24          
5.00  -0.374 0.295  -0.090 0.21           0.53           0.56            120.35        -101.58       100.94         0.23        0.54        0.56         51.30          -74.34         75.18           69.05         -27.23        25.76          
5.03  -0.379 0.305  -0.068 0.33           0.68           0.75            112.07        -100.35       99.45          0.33        0.68        0.75         67.21          -79.28         80.21           44.86         -21.07        19.25          
5.07  -0.390 0.312  -0.042 0.39           0.83           0.85            148.91        -113.98       113.25         0.22        0.76        0.79         113.20         -96.56         96.34           35.71         -17.42        16.91          
5.10  -0.401 0.322  -0.017 0.46           0.85           0.90            137.81        -113.78       112.26         0.32        0.78        0.84         106.45         -96.73         96.25           31.36         -17.06        16.01          
5.13  -0.410 0.318  0.001  0.29           0.60           0.61            -155.86       -116.13       115.60         0.12        0.54        0.55         -96.09         -91.34         91.31           -59.76        -24.78        24.28          
5.17  -0.414 0.316  0.038  0.14           1.10           1.10            -152.69       -96.65        96.64          0.14        1.10        1.10         -28.24         -83.61         83.62           -124.45       -13.04        13.02          
5.20  -0.423 0.303  0.059  0.48           0.70           0.80            -124.70       -113.17       110.01         0.40        0.64        0.75         -93.52         -92.18         91.85           -31.19        -21.00        18.16          
5.23  -0.430 0.291  0.075  0.40           0.52           0.63            -119.17       -112.05       108.15         0.35        0.48        0.60         -81.07         -83.50         84.73           -38.09        -28.55        23.42          
5.27  -0.428 0.279  0.083  0.38           0.23           0.44            -82.04        -76.69        83.14          0.48        0.37        0.53         -50.98         -36.11         55.10           -31.06        -40.58        28.04          
5.30  -0.428 0.273  0.097  0.16           0.42           0.45            -86.15        -88.51        88.61          0.31        0.49        0.52         -31.95         -58.13         59.90           -54.20        -30.38        28.71          
5.33  -0.424 0.257  0.096  0.49           0.10           0.49            -78.06        10.21         78.07          0.60        0.35        0.60         -53.88         2.99           53.90           -24.19        7.22          24.18          
5.37  -0.421 0.244  0.083  0.42           0.40           0.57            -74.85        74.20         78.93          0.54        0.53        0.67         -48.36         47.10          57.28           -26.49        27.10         21.65          
5.40  -0.415 0.235  0.068  0.30           0.48           0.54            -55.83        69.40         71.80          0.48        0.61        0.66         -30.56         46.84          50.64           -25.27        22.56         21.16          
5.43  -0.413 0.235  0.043  0.07           0.76           0.76            -22.57        85.02         85.03          0.32        0.82        0.82         -4.96          67.35          67.36           -17.61        17.67         17.66          
5.47  -0.417 0.228  0.017  0.24           0.79           0.82            -120.40       98.84         98.55          0.24        0.79        0.82         -58.38         80.73          81.03           -62.02        18.11         17.52          
5.50  -0.427 0.198  -0.014 0.93           0.97           1.31            -109.09       108.37        103.47         0.88        0.92        1.27         -93.54         93.40          92.45           -15.55        14.97         11.02          
5.53  -0.429 0.191  -0.045 0.21           0.93           0.96            -101.60       92.63         92.57          0.29        0.96        0.98         -45.22         77.48          77.77           -56.37        15.15         14.79          
5.57  -0.435 0.168  -0.073 0.72           0.88           1.12            -106.03       103.18        100.29         0.70        0.86        1.10         -85.91         86.66          87.41           -20.12        16.52         12.88          
5.60  -0.455 0.175  -0.104 0.62           1.09           1.11            159.97        122.30        121.63         0.40        0.98        1.00         147.46         109.86         109.39          12.51         12.44         12.24          
5.63  -0.449 0.173  -0.130 0.18           0.80           0.80            -19.18        77.81         77.84          0.42        0.88        0.89         -7.97          61.77          61.84           -11.21        16.04         16.00          
5.67  -0.451 0.167  -0.148 0.21           0.55           0.58            -107.86       96.77         96.36          0.27        0.57        0.61         -47.06         71.08          72.17           -60.80        25.70         24.19          
5.70  -0.447 0.144  -0.185 0.70           1.12           1.31            -80.61        84.16         85.03          0.78        1.17        1.35         -62.11         71.86          74.43           -18.50        12.30         10.59          
5.73  -0.439 0.122  -0.207 0.71           0.69           0.96            -68.44        67.97         74.21          0.83        0.82        1.05         -52.26         51.59          61.02           -16.18        16.38         13.19          
5.77  -0.437 0.117  -0.230 0.17           0.72           0.73            -67.77        84.95         85.06          0.35        0.78        0.79         -26.23         66.30          66.78           -41.54        18.65         18.28          
5.80  -0.443 0.126  -0.257 0.35           0.82           0.87            123.30        103.66        102.84         0.30        0.80        0.85         79.16          85.95          86.20           44.15         17.71         16.64          
5.83  -0.455 0.126  -0.277 0.36           0.69           0.69            179.99        121.43        121.43         0.11        0.60        0.60         179.97         100.68         100.68          0.02          20.75         20.75          
5.87  -0.463 0.119  -0.287 0.32           0.38           0.44            -137.87       128.79        123.03         0.22        0.30        0.37         -87.26         88.01          88.39           -50.60        40.78         34.64          
5.90  -0.469 0.114  -0.305 0.24           0.58           0.60            -135.76       107.32        106.62         0.19        0.56        0.58         -65.31         82.05          82.39           -70.45        25.27         24.23          
5.93  -0.486 0.121  -0.323 0.55           0.74           0.78            155.38        132.28        130.01         0.34        0.60        0.65         137.52         114.48         112.79          17.85         17.80         17.22          
5.97  -0.500 0.120  -0.332 0.44           0.50           0.50            -175.14       149.71        149.44         0.19        0.31        0.32         -168.67        126.02         125.74          -6.46         23.68         23.71          
6.00  -0.500 0.120  -0.345 0.02           0.39           0.39            -45.58        88.26         88.26          0.26        0.47        0.47         -2.62          55.89          55.91           -42.95        32.36         32.35          
6.03  -0.500 0.132  -0.355 0.38           0.31           0.49            93.57         94.41         92.77          0.44        0.38        0.54         59.10          53.50          65.05           34.46         40.91         27.73          
6.07  -0.499 0.132  -0.365 0.04           0.31           0.31            -24.78        83.86         83.87          0.28        0.42        0.42         -3.10          47.51          47.54           -21.68        36.35         36.32          
6.10  -0.495 0.132  -0.388 0.13           0.71           0.71            7.30          79.34         79.35          0.38        0.79        0.79         2.52           61.30          61.31           4.78          18.04         18.04          
6.13  -0.492 0.144  -0.398 0.37           0.30           0.47            76.03         73.08         79.10          0.49        0.45        0.57         46.36          40.61          53.56           29.68         32.47         25.54          
6.17  -0.492 0.152  -0.409 0.25           0.34           0.42            88.59         88.97         89.17          0.35        0.42        0.49         43.83          52.74          58.44           44.76         36.22         30.73          
6.20  -0.493 0.163  -0.416 0.32           0.21           0.38            97.07         101.18        96.00          0.38        0.29        0.43         56.88          43.89          61.07           40.19         57.28         34.92          
6.23  -0.494 0.176  -0.421 0.39           0.16           0.42            94.26         100.24        93.94          0.45        0.27        0.47         60.19          35.71          62.09           34.07         64.54         31.85          
6.27  -0.491 0.177  -0.432 0.11           0.33           0.33            19.68         72.13         72.24          0.35        0.47        0.47         5.87           41.72          41.91           13.81         30.41         30.33          
6.30  -0.493 0.182  -0.434 0.16           0.09           0.17            116.88        143.44        115.38         0.23        0.19        0.23         38.90          16.87          40.76           77.98         126.56        74.62          
6.33  -0.501 0.188  -0.437 0.28           0.25           0.30            142.06        153.67        137.28         0.17        0.11        0.21         80.11          74.64          81.63           61.95         79.03         55.65          
6.37  -0.499 0.183  -0.451 0.15           0.42           0.45            -74.71        84.51         84.82          0.33        0.51        0.53         -26.95         55.34          56.88           -47.76        29.17         27.94          
6.40  -0.494 0.188  -0.466 0.22           0.48           0.50            42.88         70.73         71.61          0.44        0.61        0.63         19.87          48.07          49.50           23.01         22.66         22.11          
6.43  -0.489 0.190  -0.485 0.17           0.59           0.59            27.18         74.85         74.99          0.41        0.70        0.70         11.07          54.58          54.84           16.12         20.27         20.14          
6.47  -0.480 0.195  -0.503 0.29           0.59           0.60            26.68         63.78         64.45          0.53        0.74        0.75         14.39          46.03          46.88           12.29         17.75         17.57          
6.50  -0.476 0.213  -0.515 0.57           0.38           0.67            78.23         72.37         80.12          0.66        0.52        0.76         56.59          44.83          61.12           21.64         27.54         18.99          
6.53  -0.477 0.230  -0.524 0.52           0.28           0.59            94.28         97.96         93.78          0.56        0.35        0.63         67.97          52.92          70.37           26.31         45.04         23.41          
6.57  -0.472 0.246  -0.539 0.50           0.48           0.67            70.70         69.62         75.70          0.63        0.61        0.77         48.76          47.09          57.47           21.94         22.53         18.23          
6.60  -0.485 0.263  -0.549 0.65           0.50           0.72            127.46        142.74        123.50         0.54        0.34        0.62         105.80         115.89         103.73          21.66         26.85         19.77          
6.63  -0.494 0.280  -0.545 0.55           0.30           0.57            118.80        -153.23       117.91         0.49        0.14        0.50         92.04          -97.33         91.97           26.76         -55.90        25.94          
6.67  -0.507 0.288  -0.543 0.47           0.40           0.48            147.49        -172.43       146.94         0.30        0.16        0.30         120.48         -160.49        119.95          27.02         -11.94        26.99          
6.70  -0.521 0.303  -0.537 0.60           0.45           0.62            133.19        -156.68       131.03         0.46        0.24        0.50         110.02         -132.01        108.67          23.16         -24.67        22.36          
6.73  -0.522 0.312  -0.521 0.28           0.49           0.57            98.80         -95.04        94.38          0.35        0.53        0.60         53.48          -67.14         69.88           45.32         -27.90        24.50          
6.77  -0.525 0.312  -0.507 0.07           0.43           0.43            168.70        -98.58        98.58          0.19        0.46        0.46         3.95           -66.42         66.43           164.74        -32.16        32.15          
6.80  -0.532 0.314  -0.492 0.24           0.49           0.49            168.64        -118.46       118.32         0.05        0.43        0.43         68.70          -87.57         87.58           99.93         -30.89        30.74          
6.83  -0.536 0.315  -0.470 0.13           0.68           0.69            164.58        -100.25       100.24         0.13        0.69        0.69         14.69          -79.23         79.24           149.89        -21.02        21.00          
6.87  -0.538 0.316  -0.455 0.04           0.47           0.47            159.36        -95.14        95.14          0.21        0.51        0.51         4.32           -65.81         65.82           155.04        -29.33        29.32          
6.90  -0.540 0.314  -0.438 0.08           0.49           0.49            -142.58       -97.24        97.21          0.19        0.52        0.52         -14.07         -68.79         68.88           -128.51       -28.45        28.32          
6.93  -0.541 0.315  -0.424 0.05           0.43           0.43            161.13        -96.07        96.06          0.21        0.47        0.47         4.33           -64.41         64.42           156.80        -31.66        31.64          
6.97  -0.536 0.314  -0.398 0.17           0.80           0.80            -1.03         -77.88        77.88          0.42        0.89        0.89         -0.41          -61.93         61.93           -0.61         -15.95        15.95          
7.00  -0.534 0.315  -0.380 0.05           0.54           0.54            6.71          -84.24        84.24          0.30        0.62        0.62         1.20           -60.43         60.43           5.52          -23.81        23.81          
7.03  -0.533 0.311  -0.355 0.12           0.76           0.77            -72.94        -87.37        87.40          0.31        0.81        0.82         -21.75         -69.45         69.66           -51.18        -17.92        17.74          
7.07  -0.529 0.321  -0.334 0.33           0.62           0.70            71.48         -80.26        81.31          0.47        0.71        0.78         41.53          -59.94         62.75           29.95         -20.32        18.56          
7.10  -0.522 0.321  -0.300 0.22           1.04           1.04            -1.73         -77.89        77.89          0.47        1.12        1.12         -0.81          -65.33         65.34           -0.92         -12.56        12.56          
7.13  -0.520 0.332  -0.287 0.32           0.39           0.50            80.62         -82.18        83.97          0.44        0.49        0.59         46.59          -51.80         58.83           34.04         -30.38        25.15          
7.17  -0.519 0.332  -0.271 0.04           0.50           0.50            10.47         -85.97        85.98          0.28        0.57        0.57         1.30           -60.14         60.14           9.17          -25.84        25.84          
7.20  -0.505 0.337  -0.253 0.45           0.69           0.71            19.85         -51.95        53.02          0.69        0.87        0.88         12.81          -38.84         39.92           7.03          -13.11        13.09          
7.23  -0.500 0.347  -0.235 0.34           0.57           0.64            62.77         -73.99        75.93          0.51        0.68        0.75         36.81          -53.31         56.94           25.96         -20.68        18.99          
7.27  -0.484 0.348  -0.219 0.46           0.65           0.65            2.65          -44.86        44.89          0.71        0.85        0.85         1.72           -32.85         32.88           0.93          -12.01        12.01          
7.30  -0.460 0.345  -0.197 0.72           0.97           0.98            -6.34         -42.78        42.98          0.97        1.17        1.17         -4.71          -34.44         34.63           -1.63         -8.34         8.36           
7.33  -0.449 0.347  -0.193 0.33           0.35           0.36            6.07          -20.25        21.00          0.58        0.60        0.60         3.48           -11.90         12.37           2.59          -8.35         8.63           
7.37  -0.427 0.344  -0.189 0.67           0.67           0.68            -6.34         -9.27         11.17          0.92        0.92        0.92         -4.61          -6.76          8.16            -1.73         -2.51         3.01           
7.40  -0.403 0.341  -0.187 0.74           0.74           0.75            -6.24         -5.57         8.34           0.99        0.99        0.99         -4.67          -4.17          6.25            -1.57         -1.40         2.09           
7.43  -0.381 0.357  -0.185 0.79           0.64           0.79            36.31         -6.35         36.62          1.00        0.89        1.00         27.79          -4.56          28.06           8.53          -1.79         8.57           
7.47  -0.371 0.372  -0.179 0.55           0.37           0.57            53.70         -26.91        55.46          0.73        0.60        0.75         37.60          -16.02         39.41           16.10         -10.89        16.05          
7.50  -0.356 0.370  -0.178 0.45           0.45           0.45            -5.70         -5.63         7.99           0.70        0.70        0.70         -3.66          -3.61          5.14            -2.04         -2.01         2.85           
7.53  -0.334 0.372  -0.179 0.66           0.65           0.66            5.92          4.56          7.46           0.91        0.90        0.91         4.29           3.30           5.41            1.63          1.26          2.05           
7.57  -0.335 0.400  -0.188 0.83           0.26           0.87            92.79         98.79         92.66          0.85        0.33        0.89         75.75          51.15          76.39           17.04         47.63         16.27          
7.60  -0.335 0.421  -0.203 0.62           0.44           0.76            89.22         88.91         89.37          0.67        0.51        0.80         67.31          59.57          71.19           21.92         29.34         18.18          
7.63  -0.329 0.427  -0.215 0.26           0.40           0.45            48.06         64.37         67.06          0.47        0.56        0.59         24.58          40.59          44.17           23.48         23.78         22.90          
7.67  -0.325 0.433  -0.226 0.23           0.36           0.41            57.01         70.04         72.42          0.42        0.50        0.54         26.96          42.28          46.18           30.05         27.76         26.24          
7.70  -0.321 0.449  -0.239 0.48           0.42           0.63            73.41         70.86         77.26          0.60        0.56        0.72         50.06          45.70          57.57           23.35         25.16         19.70          
7.73  -0.308 0.436  -0.247 0.54           0.44           0.58            -44.17        28.95         48.19          0.74        0.67        0.77         -30.54         18.56          34.17           -13.64        10.38         14.02          
7.77  -0.303 0.428  -0.254 0.27           0.25           0.35            -61.26        59.15         68.00          0.45        0.44        0.50         -32.01         29.85          40.32           -29.25        29.29         27.68          
7.80  -0.297 0.409  -0.277 0.62           0.73           0.94            -71.33        74.22         77.77          0.74        0.83        1.02         -52.64         57.44          63.91           -18.69        16.78         13.86          
7.83  -0.277 0.395  -0.292 0.73           0.74           0.85            -34.64        35.99         45.07          0.95        0.96        1.04         -26.00         27.15          35.29           -8.64         8.84          9.78           
7.87  -0.268 0.380  -0.319 0.52           0.86           0.98            -62.09        73.56         75.54          0.68        0.97        1.07         -43.04         59.17          62.47           -19.06        14.39         13.08          
7.90  -0.256 0.359  -0.340 0.72           0.71           0.94            -59.30        58.89         67.06          0.87        0.87        1.07         -45.06         44.61          54.58           -14.23        14.28         12.48          
7.93  -0.238 0.333  -0.370 0.96           1.06           1.33            -55.64        59.36         65.88          1.12        1.21        1.45         -45.03         49.12          56.81           -10.61        10.24         9.07           
7.97  -0.233 0.327  -0.391 0.22           0.63           0.66            -51.09        77.13         77.60          0.43        0.73        0.75         -24.05         57.61          58.60           -27.04        19.52         19.00          
8.00  -0.218 0.312  -0.408 0.63           0.70           0.82            -42.34        48.23         55.29          0.84        0.89        0.99         -30.73         36.15          43.28           -11.61        12.08         12.00          
8.03  -0.207 0.287  -0.422 0.83           0.53           0.93            -67.73        53.19         70.24          0.96        0.71        1.05         -53.74         36.72          57.24           -13.99        16.47         13.00          
8.07  -0.195 0.277  -0.445 0.46           0.77           0.82            -37.89        62.26         64.05          0.67        0.92        0.96         -24.66         48.28          50.47           -13.23        13.98         13.57          
8.10  -0.192 0.293  -0.471 0.49           0.79           0.93            78.47         82.92         83.95          0.59        0.86        0.99         54.06          66.20          69.35           24.41         16.73         14.59          
8.13  -0.187 0.288  -0.485 0.24           0.45           0.48            -47.86        69.07         70.60          0.45        0.58        0.61         -23.28         45.52          47.86           -24.58        23.56         22.73          
8.17  -0.186 0.284  -0.512 0.11           0.81           0.82            -76.41        88.23         88.24          0.29        0.86        0.87         -20.70         71.32          71.46           -55.71        16.91         16.78          
8.20  -0.187 0.271  -0.532 0.38           0.58           0.70            -93.94        92.61         92.18          0.44        0.62        0.73         -59.75         68.90          72.16           -34.20        23.71         20.02          
8.23  -0.192 0.259  -0.546 0.39           0.46           0.58            -112.70       109.07        104.92         0.37        0.44        0.57         -74.09         76.74          79.71           -38.61        32.32         25.21          
8.27  -0.196 0.248  -0.549 0.38           0.16           0.39            -110.54       147.53        110.03         0.37        0.14        0.38         -71.51         35.49          71.98           -39.03        112.04        38.05          
8.30  -0.189 0.230  -0.539 0.56           0.36           0.64            -68.58        -55.22        71.14          0.69        0.54        0.76         -49.01         -33.03         52.89           -19.57        -22.19        18.25          
8.33  -0.199 0.229  -0.529 0.29           0.41           0.41            -173.92       -134.69       134.54         0.05        0.29        0.30         -141.32        -97.49         97.45           -32.61        -37.20        37.08          
8.37  -0.196 0.217  -0.508 0.37           0.66           0.75            -78.09        -83.39        84.20          0.49        0.73        0.82         -47.83         -63.55         66.44           -30.26        -19.85        17.77          
8.40  -0.207 0.207  -0.486 0.45           0.72           0.79            -136.84       -116.68       114.44         0.31        0.65        0.72         -103.82        -96.61         95.99           -33.01        -20.06        18.46          
8.43  -0.233 0.207  -0.455 0.77           1.21           1.21            179.74        -129.51       129.51         0.52        1.07        1.07         179.61         -119.12        119.12          0.13          -10.40        10.40          
8.47  -0.238 0.206  -0.421 0.16           1.04           1.04            -172.51       -98.88        98.88          0.09        1.03        1.03         -13.23         -85.00         85.01           -159.27       -13.88        13.88          
8.50  -0.251 0.200  -0.382 0.44           1.23           1.25            -154.24       -108.85       108.61         0.24        1.18        1.19         -127.64        -97.24         97.14           -26.60        -11.61        11.47          
8.53  -0.267 0.199  -0.348 0.46           1.10           1.10            -174.83       -114.66       114.64         0.21        1.02        1.02         -168.77        -101.81        101.80          -6.06         -12.85        12.84          
8.57  -0.282 0.207  -0.325 0.51           0.82           0.86            152.36        -123.16       121.72         0.31        0.72        0.75         130.31         -106.18        105.35          22.06         -16.98        16.37          
8.60  -0.288 0.203  -0.309 0.21           0.53           0.54            -152.52       -110.13       109.80         0.12        0.51        0.52         -55.44         -82.52         82.65           -97.08        -27.61        27.15          
8.63  -0.296 0.191  -0.290 0.44           0.61           0.72            -123.68       -113.56       110.04         0.37        0.56        0.67         -89.28         -89.53         89.61           -34.40        -24.02        20.44          
8.67  -0.309 0.194  -0.279 0.41           0.53           0.53            167.95        -139.14       138.30         0.17        0.37        0.38         150.08         -113.21        112.60          17.87         -25.93        25.70          
8.70  -0.312 0.195  -0.263 0.09           0.46           0.46            167.09        -101.11       101.09         0.16        0.48        0.48         7.19           -70.38         70.40           159.90        -30.73        30.70          
8.73  -0.305 0.184  -0.254 0.38           0.36           0.48            -55.52        -53.87        63.43          0.56        0.55        0.63         -33.78         -32.19         42.57           -21.74        -21.69        20.86          
8.77  -0.291 0.180  -0.253 0.44           0.42           0.44            -18.67        -3.61         18.97          0.68        0.67        0.68         -11.95         -2.26          12.15           -6.72         -1.35         6.82           
8.80  -0.278 0.177  -0.249 0.41           0.42           0.43            -9.84         -14.66        17.43          0.66        0.67        0.67         -6.14          -9.22          11.02           -3.70         -5.44         6.41           
8.83  -0.259 0.174  -0.251 0.57           0.57           0.58            -9.66         5.72          11.17          0.82        0.82        0.82         -6.73          3.97           7.79            -2.93         1.75          3.38           
8.87  -0.234 0.170  -0.244 0.75           0.77           0.78            -9.77         -16.38        18.81          1.00        1.02        1.02         -7.34          -12.40         14.30           -2.43         -3.98         4.52           
8.90  -0.204 0.162  -0.234 0.93           0.95           0.98            -15.02        -18.18        22.98          1.17        1.19        1.21         -11.85         -14.41         18.36           -3.16         -3.77         4.63           
8.93  -0.186 0.173  -0.237 0.65           0.56           0.65            31.32         8.25          32.03          0.87        0.81        0.88         22.76          5.71           23.33           8.56          2.54          8.70           
8.97  -0.166 0.174  -0.240 0.58           0.59           0.59            3.81          9.59          10.29          0.83        0.84        0.84         2.67           6.73           7.23            1.15          2.86          3.06           
9.00  -0.143 0.180  -0.248 0.71           0.73           0.75            14.05         18.25         22.49          0.96        0.97        0.99         10.42          13.62          16.92           3.63          4.63          5.57           
9.03  -0.137 0.204  -0.261 0.74           0.44           0.84            75.24         64.86         77.06          0.84        0.59        0.93         58.44          42.43          61.82           16.80         22.43         15.24          
9.07  -0.126 0.212  -0.261 0.40           0.32           0.40            38.35         1.08          38.36          0.62        0.57        0.62         23.87          0.60           23.88           14.48         0.47          14.48          
9.10  -0.115 0.226  -0.261 0.53           0.34           0.53            49.30         1.22          49.31          0.72        0.59        0.72         33.98          0.70           33.99           15.32         0.51          15.32          
9.13  -0.110 0.242  -0.262 0.53           0.15           0.53            73.92         2.11          73.92          0.65        0.40        0.65         52.07          0.78           52.07           21.86         1.33          21.86          
9.17  -0.109 0.255  -0.251 0.38           0.31           0.49            87.72         -87.15        88.22          0.46        0.40        0.56         55.23          -48.98         61.51           32.50         -38.17        26.71          
9.20  -0.114 0.268  -0.252 0.41           0.13           0.41            107.30        165.41        107.25         0.41        0.13        0.41         71.92          13.95          71.98           35.38         151.47        35.27          
