time  x      y      z      groundspeedxy  groundspeedxz  groundspeedxyz  trackanglexy  trackanglexz  trackanglexyz  airspeedxy  airspeedxz  airspeedxyz  courseanglexy  courseanglexz  courseanglexyz  driftanglexy  driftanglexz  driftanglexyz  
0.00  -1.101 0.112  -0.048 
0.03  -1.081 0.105  -0.019 0.64           1.08           1.10            -18.54        -55.72        56.39          0.88        1.24        1.26         -13.38         -46.13         46.86           -5.16         -9.59         9.53           
0.07  -1.060 0.105  -0.004 0.63           0.76           0.76            -0.12         -34.12        34.12          0.88        0.97        0.97         -0.08          -25.83         25.83           -0.03         -8.28         8.28           
0.10  -1.033 0.112  0.016  0.83           1.00           1.02            14.80         -36.77        38.40          1.07        1.21        1.23         11.38          -29.65         31.12           3.42          -7.12         7.27           
0.13  -1.006 0.117  0.041  0.81           1.10           1.11            11.24         -43.53        44.14          1.06        1.30        1.31         8.61           -35.89         36.48           2.63          -7.64         7.67           
0.17  -0.977 0.122  0.059  0.89           1.03           1.04            10.14         -31.21        32.28          1.14        1.25        1.26         7.92           -25.25         26.18           2.22          -5.97         6.10           
0.20  -0.953 0.138  0.071  0.86           0.80           0.94            33.81         -26.80        39.99          1.08        1.03        1.14         26.41          -20.53         31.88           7.40          -6.27         8.11           
0.23  -0.924 0.148  0.088  0.92           1.01           1.05            18.79         -30.30        34.06          1.16        1.23        1.26         14.79          -24.40         27.69           3.99          -5.90         6.37           
0.27  -0.895 0.158  0.102  0.92           0.96           1.01            19.61         -25.83        31.01          1.16        1.19        1.23         15.45          -20.58         25.00           4.16          -5.25         6.01           
0.30  -0.862 0.177  0.111  1.16           1.05           1.19            29.01         -15.64        31.85          1.38        1.29        1.41         23.98          -12.66         26.49           5.03          -2.98         5.36           
0.33  -0.839 0.208  0.107  1.13           0.68           1.14            53.75         8.91          53.93          1.29        0.92        1.30         44.79          6.51           44.98           8.96          2.40          8.95           
0.37  -0.817 0.232  0.103  1.00           0.68           1.01            48.28         10.93         48.69          1.18        0.92        1.19         39.17          7.99           39.58           9.10          2.94          9.11           
0.40  -0.801 0.261  0.090  0.98           0.64           1.06            59.71         39.08         62.17          1.13        0.85        1.20         48.67          28.34          51.53           11.04         10.73         10.64          
0.43  -0.787 0.290  0.076  0.96           0.57           1.04            64.92         44.92         67.02          1.09        0.77        1.16         52.90          31.68          55.58           12.02         13.24         11.44          
0.47  -0.773 0.311  0.055  0.76           0.77           1.00            56.80         57.20         65.33          0.93        0.93        1.13         43.73          44.17          53.74           13.07         13.03         11.59          
0.50  -0.764 0.328  0.021  0.57           1.04           1.16            61.78         74.93         76.47          0.73        1.14        1.24         44.13          62.66          65.20           17.64         12.27         11.27          
0.53  -0.749 0.335  -0.008 0.50           0.99           1.01            24.96         62.77         63.41          0.74        1.13        1.15         16.71          51.41          52.19           8.25          11.35         11.22          
0.57  -0.742 0.349  -0.033 0.48           0.76           0.88            64.83         74.41         76.51          0.63        0.86        0.97         43.76          58.21          61.94           21.07         16.21         14.57          
0.60  -0.726 0.346  -0.072 0.49           1.27           1.27            -9.95         67.64         67.69          0.74        1.38        1.39         -6.59          58.02          58.08           -3.36         9.62          9.61           
0.63  -0.712 0.315  -0.103 1.03           1.01           1.38            -65.85        65.51         72.28          1.15        1.14        1.48         -54.44         54.01          63.00           -11.42        11.51         9.28           
0.67  -0.692 0.297  -0.132 0.80           1.05           1.18            -41.65        55.23         59.43          1.00        1.21        1.32         -32.13         45.48          50.08           -9.53         9.75          9.35           
0.70  -0.668 0.285  -0.150 0.82           0.92           0.99            -26.60        37.25         42.32          1.05        1.13        1.19         -20.46         29.54          34.15           -6.14         7.72          8.17           
0.73  -0.630 0.277  -0.166 1.16           1.22           1.25            -12.53        22.67         25.32          1.40        1.46        1.48         -10.32         18.88          21.18           -2.22         3.79          4.14           
0.77  -0.598 0.278  -0.186 0.98           1.15           1.15            2.74          31.75         31.82          1.23        1.37        1.37         2.18           26.23          26.29           0.56          5.52          5.53           
0.80  -0.562 0.293  -0.209 1.16           1.28           1.35            21.43         32.40         36.73          1.40        1.50        1.56         17.69          27.27          31.22           3.75          5.13          5.51           
0.83  -0.528 0.306  -0.233 1.07           1.23           1.29            21.37         36.19         39.68          1.30        1.44        1.49         17.36          30.30          33.53           4.01          5.89          6.15           
0.87  -0.493 0.319  -0.256 1.13           1.27           1.33            20.56         33.64         37.37          1.36        1.48        1.53         16.87          28.27          31.69           3.69          5.36          5.68           
0.90  -0.462 0.340  -0.281 1.12           1.18           1.34            34.08         37.93         45.90          1.34        1.39        1.52         28.07          31.56          39.12           6.01          6.37          6.77           
0.93  -0.439 0.369  -0.298 1.13           0.88           1.25            51.87         37.41         56.06          1.30        1.09        1.41         43.17          29.39          47.58           8.70          8.02          8.48           
0.97  -0.416 0.404  -0.322 1.26           1.00           1.45            56.26         45.34         61.04          1.42        1.19        1.58         47.82          36.73          53.10           8.44          8.62          7.94           
1.00  -0.389 0.435  -0.348 1.23           1.12           1.45            48.79         43.90         56.19          1.41        1.31        1.61         41.10          36.32          48.77           7.69          7.58          7.43           
1.03  -0.371 0.467  -0.359 1.10           0.62           1.15            61.82         32.89         63.15          1.24        0.84        1.28         51.57          23.58          53.14           10.25         9.30          10.01          
1.07  -0.354 0.505  -0.372 1.24           0.65           1.30            65.59         37.83         66.83          1.36        0.86        1.42         55.99          27.57          57.52           9.60          10.26         9.30           
1.10  -0.336 0.539  -0.388 1.14           0.70           1.22            61.74         40.09         63.91          1.27        0.91        1.35         51.78          29.88          54.34           9.96          10.21         9.57           
1.13  -0.326 0.570  -0.398 1.00           0.43           1.04            71.88         44.25         72.68          1.10        0.64        1.14         59.43          28.36          60.63           12.45         15.89         12.05          
1.17  -0.320 0.602  -0.411 0.97           0.44           1.05            79.25         65.41         80.06          1.05        0.59        1.12         65.70          42.56          67.36           13.56         22.85         12.70          
1.20  -0.319 0.642  -0.415 1.19           0.12           1.20            88.44         74.37         88.44          1.22        0.31        1.23         76.64          22.34          76.70           11.80         52.02         11.74          
1.23  -0.326 0.686  -0.415 1.35           0.23           1.35            99.64         175.62        99.64          1.34        0.03        1.34         89.00          36.82          89.00           10.63         138.80        10.63          
1.27  -0.335 0.723  -0.413 1.14           0.26           1.14            102.73        -162.30       102.69         1.11        0.08        1.11         90.02          -90.25         90.02           12.71         -72.04        12.68          
1.30  -0.346 0.765  -0.406 1.29           0.39           1.30            105.04        -150.43       104.87         1.25        0.21        1.26         93.90          -114.07        93.85           11.14         -36.36        11.02          
1.33  -0.357 0.799  -0.391 1.07           0.56           1.17            107.54        -124.94       106.06         1.02        0.47        1.12         94.08          -98.97         93.72           13.45         -25.97        12.34          
1.37  -0.373 0.849  -0.367 1.60           0.89           1.76            108.40        -124.63       106.68         1.54        0.77        1.70         99.53          -109.21        98.60           8.87          -15.42        8.08           
1.40  -0.412 0.883  -0.326 1.53           1.69           1.96            139.41        -133.47       126.35         1.35        1.53        1.83         132.51         -126.67        120.02          6.90          -6.81         6.33           
1.43  -0.441 0.892  -0.295 0.90           1.25           1.28            162.27        -133.26       132.03         0.67        1.10        1.13         155.74         -123.73        122.59          6.53          -9.54         9.44           
1.47  -0.447 0.865  -0.271 0.82           0.74           1.09            -102.75       -104.16       99.56          0.80        0.72        1.07         -85.01         -84.44         86.28           -17.74        -19.72        13.28          
1.50  -0.470 0.844  -0.259 0.92           0.76           0.99            -137.31       -152.39       133.32         0.76        0.55        0.83         -124.36        -140.32        120.74          -12.95        -12.06        12.58          
1.53  -0.473 0.784  -0.228 1.82           0.94           2.05            -93.68        -97.17        93.28          1.83        0.94        2.05         -85.83         -81.89         86.29           -7.85         -15.28        6.99           
1.57  -0.507 0.768  -0.225 1.12           1.01           1.12            -154.51       -174.04       153.98         0.90        0.77        0.90         -147.62        -172.10        147.01          -6.89         -1.94         6.97           
1.60  -0.535 0.725  -0.219 1.52           0.85           1.54            -122.94       -167.08       122.66         1.40        0.61        1.42         -114.34        -161.82        114.11          -8.60         -5.27         8.55           
1.63  -0.550 0.670  -0.222 1.70           0.46           1.70            -105.22       167.68        105.20         1.65        0.22        1.65         -96.82         153.57         96.81           -8.41         14.11         8.39           
1.67  -0.570 0.609  -0.218 1.93           0.62           1.93            -108.41       -168.02       108.37         1.87        0.38        1.87         -101.11        -160.22        101.08          -7.30         -7.80         7.28           
1.70  -0.578 0.549  -0.228 1.82           0.39           1.85            -97.43        127.09        97.32          1.80        0.31        1.83         -89.53         87.28          89.54           -7.90         39.80         7.78           
1.73  -0.579 0.504  -0.246 1.35           0.53           1.46            -91.57        93.99         91.46          1.37        0.57        1.47         -81.07         68.24          81.68           -10.50        25.75         9.78           
1.77  -0.587 0.466  -0.271 1.16           0.79           1.38            -102.53       108.51        100.49         1.13        0.75        1.36         -90.11         90.16          90.09           -12.42        18.35         10.40          
1.80  -0.592 0.431  -0.299 1.08           0.85           1.36            -97.13        99.09         95.63          1.08        0.84        1.36         -83.80         82.09          85.11           -13.33        17.00         10.52          
1.83  -0.590 0.408  -0.320 0.68           0.64           0.93            -85.15        84.83         86.46          0.75        0.71        0.98         -65.66         64.23          71.73           -19.49        20.60         14.72          
1.87  -0.593 0.396  -0.345 0.35           0.77           0.84            -103.40       96.04         95.53          0.38        0.79        0.86         -63.69         77.61          78.64           -39.71        18.44         16.88          
1.90  -0.589 0.385  -0.362 0.37           0.51           0.62            -73.24        77.97         80.13          0.50        0.61        0.70         -44.64         54.37          59.67           -28.60        23.60         20.46          
1.93  -0.594 0.378  -0.386 0.25           0.73           0.76            -127.08       102.08        101.64         0.22        0.72        0.75         -64.63         82.35          82.64           -62.45        19.73         19.00          
1.97  -0.599 0.369  -0.420 0.31           1.03           1.07            -116.72       97.90         97.62          0.30        1.02        1.06         -68.87         83.92          84.14           -47.85        13.98         13.48          
2.00  -0.598 0.375  -0.424 0.20           0.11           0.23            79.18         70.66         80.47          0.35        0.31        0.36         34.37          20.43          37.91           44.81         50.23         42.56          
2.03  -0.593 0.364  -0.430 0.36           0.23           0.41            -68.53        55.54         71.16          0.51        0.43        0.55         -41.40         26.81          45.46           -27.13        28.73         25.70          
2.07  -0.591 0.359  -0.445 0.17           0.47           0.50            -67.24        81.93         82.35          0.35        0.56        0.58         -26.49         55.85          57.28           -40.75        26.08         25.07          
2.10  -0.582 0.357  -0.462 0.28           0.56           0.56            -9.88         60.48         60.60          0.53        0.72        0.72         -5.21          42.77          42.91           -4.67         17.71         17.69          
2.13  -0.581 0.357  -0.460 0.02           0.05           0.05            6.54          -60.11        60.16          0.27        0.28        0.28         0.56           -8.43          8.45            5.98          -51.68        51.71          
2.17  -0.576 0.352  -0.474 0.22           0.43           0.46            -47.93        69.85         71.23          0.43        0.57        0.59         -22.51         45.56          47.75           -25.42        24.29         23.48          
2.20  -0.567 0.344  -0.475 0.36           0.28           0.36            -39.77        7.38          40.10          0.57        0.53        0.57         -23.57         3.88           23.82           -16.20        3.49          16.28          
2.23  -0.554 0.341  -0.468 0.40           0.44           0.45            -13.09        -29.63        31.57          0.64        0.67        0.68         -8.04          -19.05         20.46           -5.05         -10.58        11.11          
2.27  -0.553 0.338  -0.476 0.09           0.24           0.25            -70.18        82.25         82.74          0.30        0.37        0.38         -17.55         39.93          41.82           -52.63        42.31         40.92          
2.30  -0.546 0.337  -0.470 0.21           0.27           0.27            -5.95         -39.54        39.77          0.46        0.49        0.49         -2.73          -20.68         20.83           -3.22         -18.86        18.94          
2.33  -0.540 0.335  -0.460 0.20           0.35           0.36            -22.24        -57.63        58.47          0.44        0.53        0.53         -9.93          -34.05         34.92           -12.30        -23.58        23.55          
2.37  -0.532 0.329  -0.451 0.28           0.35           0.39            -35.00        -49.96        54.09          0.50        0.55        0.57         -18.39         -29.47         33.25           -16.60        -20.48        20.83          
2.40  -0.535 0.335  -0.431 0.19           0.62           0.64            119.43        -98.70        98.40          0.23        0.63        0.65         46.39          -75.52         76.01           73.04         -23.17        22.39          
2.43  -0.538 0.334  -0.408 0.11           0.69           0.70            -157.24       -98.05        98.04          0.16        0.70        0.71         -14.95         -77.47         77.49           -142.28       -20.58        20.55          
2.47  -0.542 0.328  -0.387 0.20           0.64           0.67            -122.76       -99.91        99.57          0.22        0.65        0.67         -50.98         -77.59         78.01           -71.78        -22.32        21.56          
2.50  -0.559 0.337  -0.369 0.58           0.74           0.79            151.66        -133.81       130.43         0.38        0.59        0.65         133.37         -116.05        113.47          18.29         -17.76        16.96          
2.53  -0.578 0.340  -0.339 0.56           1.06           1.06            170.65        -121.79       121.65         0.32        0.95        0.95         163.37         -108.86        108.77          7.28          -12.92        12.88          
2.57  -0.595 0.321  -0.285 0.76           1.69           1.78            -131.84       -107.41       106.49         0.62        1.63        1.73         -114.37        -99.02         98.52           -17.47        -8.40         7.97           
2.60  -0.611 0.320  -0.251 0.50           1.15           1.15            -175.91       -115.69       115.68         0.25        1.06        1.06         -171.83        -103.47        103.46          -4.08         -12.22        12.22          
2.63  -0.613 0.308  -0.215 0.37           1.08           1.14            -100.45       -93.58        93.39          0.41        1.10        1.16         -63.61         -80.43         80.93           -36.83        -13.15        12.46          
2.67  -0.626 0.311  -0.189 0.39           0.86           0.86            166.75        -116.54       116.39         0.16        0.78        0.79         145.96         -99.88         99.81           20.79         -16.66        16.57          
2.70  -0.628 0.312  -0.156 0.06           1.00           1.01            132.73        -92.17        92.17          0.22        1.03        1.03         11.02          -78.08         78.09           121.71        -14.09        14.08          
2.73  -0.629 0.312  -0.130 0.04           0.76           0.77            -146.16       -92.39        92.39          0.22        0.79        0.80         -5.61          -74.08         74.08           -140.55       -18.32        18.31          
2.77  -0.629 0.314  -0.086 0.08           1.33           1.33            92.92         -90.18        90.18          0.26        1.35        1.35         18.02          -79.51         79.53           74.90         -10.67        10.65          
2.80  -0.623 0.314  -0.041 0.16           1.34           1.34            -6.91         -83.27        83.27          0.41        1.40        1.40         -2.68          -73.02         73.02           -4.23         -10.24        10.24          
2.83  -0.625 0.319  -0.007 0.17           1.04           1.05            106.08        -92.55        92.52          0.26        1.06        1.07         38.16          -78.88         79.01           67.92         -13.67        13.51          
2.87  -0.621 0.319  0.024  0.13           0.92           0.92            1.26          -81.73        81.73          0.38        0.99        0.99         0.44           -67.24         67.24           0.82          -14.49        14.49          
2.90  -0.616 0.333  0.066  0.43           1.29           1.36            70.09         -83.44        83.75          0.57        1.35        1.41         45.73          -72.81         73.57           24.36         -10.63        10.17          
2.93  -0.615 0.356  0.075  0.71           0.26           0.75            88.71         -86.43        88.78          0.75        0.37        0.80         69.36          -43.85         70.49           19.35         -42.59        18.29          
2.97  -0.618 0.387  0.084  0.92           0.28           0.96            95.14         -107.34       94.94          0.93        0.31        0.97         79.66          -57.63         80.05           15.48         -49.70        14.88          
3.00  -0.624 0.422  0.086  1.09           0.19           1.09            99.64         -160.24       99.62          1.07        0.09        1.08         86.38          -43.96         86.39           13.26         -116.28       13.24          
3.03  -0.638 0.449  0.087  0.89           0.41           0.89            117.57        -175.42       117.55         0.81        0.17        0.81         101.66         -168.56        101.65          15.91         -6.87         15.90          
3.07  -0.649 0.478  0.070  0.93           0.62           1.06            111.54        123.58        108.74         0.87        0.52        1.01         96.01          100.04         95.17           15.53         23.54         13.57          
3.10  -0.663 0.493  0.053  0.62           0.65           0.80            131.44        129.33        120.99         0.49        0.53        0.70         109.04         107.76         103.21          22.40         21.57         17.78          
3.13  -0.673 0.504  0.035  0.44           0.62           0.70            134.44        119.94        116.41         0.32        0.54        0.63         100.84         96.42          95.54           33.60         23.52         20.87          
3.17  -0.688 0.519  0.005  0.65           1.02           1.12            135.30        116.91        114.40         0.50        0.93        1.04         114.80         103.07         101.72          20.50         13.85         12.68          
3.20  -0.706 0.537  -0.020 0.75           0.91           1.06            133.68        124.95        119.43         0.61        0.79        0.96         116.40         109.97         106.34          17.28         14.98         13.08          
3.23  -0.727 0.531  -0.050 0.66           1.11           1.12            -165.12       125.10        124.64         0.42        0.99        1.00         -156.40        113.15         112.80          -8.71         11.95         11.84          
3.27  -0.742 0.515  -0.081 0.68           1.03           1.15            -131.88       116.03        113.21         0.54        0.95        1.08         -111.90        102.35         100.89          -19.98        13.68         12.33          
3.30  -0.751 0.494  -0.119 0.67           1.16           1.32            -112.35       102.64        101.14         0.62        1.13        1.29         -90.40         90.22          90.19           -21.94        12.42         10.95          
3.33  -0.766 0.488  -0.164 0.49           1.42           1.43            -159.36       108.76        108.62         0.27        1.36        1.37         -140.19        98.73          98.66           -19.17        10.03         9.96           
3.37  -0.775 0.421  -0.180 2.05           0.56           2.10            -98.07        120.99        97.86          2.03        0.48        2.08         -91.06         94.48          91.03           -7.01         26.52         6.83           
3.40  -0.783 0.381  -0.214 1.22           1.07           1.61            -100.68       102.30        98.12          1.20        1.04        1.59         -88.91         88.74          89.17           -11.77        13.56         8.94           
3.43  -0.786 0.354  -0.261 0.80           1.40           1.61            -95.28        93.02         92.62          0.82        1.41        1.62         -77.54         82.81          83.75           -17.73        10.20         8.87           
3.47  -0.779 0.326  -0.295 0.85           1.05           1.34            -76.41        78.94         81.36          0.95        1.12        1.40         -61.51         66.31          71.16           -14.90        12.63         10.20          
3.50  -0.766 0.281  -0.350 1.42           1.68           2.17            -74.78        77.22         80.12          1.50        1.75        2.22         -65.54         69.24          73.76           -9.24         7.99          6.36           
3.53  -0.752 0.265  -0.383 0.63           1.09           1.18            -47.34        67.04         68.95          0.82        1.21        1.29         -34.32         56.03          58.53           -13.03        11.01         10.42          
3.57  -0.732 0.243  -0.418 0.92           1.21           1.39            -47.96        59.32         63.64          1.10        1.35        1.51         -38.27         50.16          55.13           -9.70         9.16          8.51           
3.60  -0.704 0.231  -0.436 0.91           1.00           1.06            -21.94        32.55         37.04          1.15        1.22        1.27         -17.27         26.21          30.21           -4.68         6.33          6.83           
3.63  -0.673 0.215  -0.464 1.06           1.25           1.35            -28.10        41.84         46.19          1.28        1.45        1.53         -22.84         35.23          39.43           -5.26         6.61          6.76           
3.67  -0.640 0.208  -0.493 0.99           1.31           1.33            -11.48        42.32         43.02          1.24        1.51        1.52         -9.18          35.92          36.58           -2.30         6.41          6.44           
3.70  -0.602 0.198  -0.525 1.18           1.49           1.52            -14.71        40.29         41.59          1.42        1.69        1.71         -12.14         34.80          36.04           -2.56         5.49          5.55           
3.73  -0.569 0.196  -0.551 1.01           1.26           1.26            -3.25         37.29         37.37          1.26        1.47        1.47         -2.61          31.37          31.44           -0.65         5.92          5.92           
3.77  -0.542 0.173  -0.585 1.05           1.29           1.47            -41.47        52.27         57.44          1.25        1.46        1.62         -33.88         44.47          49.94           -7.59         7.80          7.49           
3.80  -0.504 0.134  -0.614 1.65           1.44           1.86            -45.69        37.03         51.83          1.83        1.65        2.03         -40.08         31.79          46.26           -5.61         5.24          5.57           
3.83  -0.477 0.109  -0.644 1.09           1.23           1.43            -42.55        49.08         55.85          1.29        1.40        1.59         -35.00         41.35          48.35           -7.55         7.74          7.50           
3.87  -0.439 0.084  -0.666 1.36           1.30           1.50            -33.36        29.23         40.83          1.57        1.52        1.70         -28.35         24.64          35.30           -5.01         4.60          5.53           
3.90  -0.429 0.098  -0.664 0.53           0.32           0.53            53.41         -8.06         53.56          0.71        0.57        0.71         36.91          -4.51          37.07           16.50         -3.54         16.50          
3.93  -0.409 0.092  -0.657 0.62           0.63           0.66            -18.21        -20.14        26.23          0.87        0.87        0.89         -13.03         -14.47         19.12           -5.17         -5.67         7.11           
3.97  -0.387 0.076  -0.628 0.82           1.10           1.20            -35.17        -52.29        55.82          1.04        1.27        1.35         -27.18         -43.31         47.03           -7.98         -8.98         8.79           
4.00  -0.387 0.069  -0.597 0.20           0.91           0.93            -94.77        -91.03        91.01          0.31        0.94        0.96         -40.14         -75.65         75.96           -54.63        -15.38        15.04          
4.03  -0.395 0.047  -0.541 0.71           1.72           1.84            -108.96       -97.71        97.18          0.67        1.70        1.83         -88.33         -89.34         89.39           -20.64        -8.37         7.79           
4.07  -0.421 0.042  -0.503 0.80           1.38           1.39            -169.24       -124.85       124.62         0.56        1.25        1.26         -164.46        -115.44        115.25          -4.79         -9.41         9.37           
4.10  -0.448 0.022  -0.449 1.01           1.81           1.90            -143.59       -116.68       115.23         0.82        1.71        1.81         -133.16        -109.16        108.04          -10.44        -7.52         7.18           
4.13  -0.479 0.031  -0.411 0.95           1.46           1.49            164.56        -128.75       128.08         0.71        1.32        1.35         159.20         -120.26        119.67          5.36          -8.48         8.41           
4.17  -0.508 0.041  -0.373 0.92           1.44           1.47            160.44        -126.99       126.04         0.69        1.30        1.34         153.46         -118.18        117.36          6.98          -8.81         8.68           
4.20  -0.544 0.072  -0.368 1.43           1.10           1.44            139.18        -171.71       138.78         1.26        0.85        1.27         131.70         -169.28        131.30          7.48          -2.43         7.48           
4.23  -0.562 0.060  -0.305 0.65           1.95           1.99            -146.84       -106.30       106.03         0.47        1.90        1.93         -129.78        -99.04         98.88           -17.06        -7.26         7.15           
4.27  -0.583 0.066  -0.278 0.65           1.02           1.03            164.78        -128.30       127.67         0.42        0.89        0.90         155.75         -115.49        115.00          9.03          -12.80        12.68          
4.30  -0.590 0.073  -0.248 0.30           0.93           0.95            136.22        -103.45       103.12         0.21        0.90        0.93         80.54          -87.81         87.87           55.68         -15.64        15.25          
4.33  -0.588 0.084  -0.223 0.35           0.76           0.84            80.53         -85.66        86.05          0.46        0.82        0.89         48.36          -68.00         69.81           32.16         -17.66        16.24          
4.37  -0.580 0.083  -0.202 0.26           0.68           0.68            -9.61         -67.61        67.66          0.51        0.81        0.81         -4.91          -50.94         51.00           -4.70         -16.67        16.65          
4.40  -0.563 0.091  -0.180 0.56           0.84           0.87            26.11         -53.05        54.78          0.79        1.01        1.04         18.15          -41.63         43.45           7.97          -11.41        11.33          
4.43  -0.545 0.122  -0.150 1.09           1.05           1.41            59.86         -58.57        67.17          1.23        1.20        1.52         49.74          -48.29         58.45           10.12         -10.28        8.72           
4.47  -0.526 0.117  -0.135 0.60           0.72           0.74            -15.76        -37.21        39.01          0.84        0.94        0.95         -11.14         -27.92         29.48           -4.62         -9.29         9.53           
4.50  -0.498 0.112  -0.134 0.83           0.82           0.83            -10.06        -2.14         10.28          1.08        1.07        1.08         -7.73          -1.64          7.90            -2.33         -0.50         2.37           
4.53  -0.474 0.109  -0.105 0.73           1.13           1.14            -7.48         -50.36        50.53          0.98        1.31        1.31         -5.58          -41.89         42.06           -1.91         -8.47         8.47           
4.57  -0.443 0.103  -0.095 0.96           0.99           1.01            -10.93        -18.01        20.71          1.21        1.23        1.25         -8.68          -14.41         16.64           -2.25         -3.60         4.07           
4.60  -0.432 0.094  -0.076 0.42           0.65           0.70            -40.71        -60.56        63.09          0.63        0.80        0.85         -25.75         -44.80         47.83           -14.97        -15.76        15.26          
4.63  -0.419 0.075  -0.053 0.70           0.80           0.99            -55.81        -60.65        66.58          0.86        0.95        1.11         -41.95         -47.36         54.65           -13.85        -13.29        11.93          
4.67  -0.408 0.060  -0.028 0.55           0.81           0.93            -54.20        -66.68        69.69          0.72        0.94        1.04         -37.93         -52.52         56.65           -16.26        -14.16        13.05          
4.70  -0.401 0.026  0.006  1.02           1.04           1.45            -78.00        -78.22        81.53          1.10        1.12        1.50         -65.21         -65.61         72.07           -12.80        -12.61        9.46           
4.73  -0.404 0.009  0.028  0.53           0.67           0.85            -97.49        -95.88        94.64          0.55        0.69        0.86         -70.79         -74.72         77.86           -26.70        -21.17        16.77          
4.77  -0.389 -0.007 0.045  0.66           0.68           0.84            -48.01        -49.25        58.10          0.85        0.86        0.99         -35.37         -36.55         45.74           -12.65        -12.70        12.36          
4.80  -0.379 -0.020 0.062  0.48           0.58           0.70            -53.86        -60.28        65.79          0.66        0.73        0.83         -36.13         -43.04         49.85           -17.73        -17.24        15.94          
4.83  -0.369 -0.030 0.066  0.43           0.35           0.45            -40.77        -22.07        43.62          0.64        0.59        0.65         -25.98         -12.91         28.30           -14.79        -9.16         15.31          
4.87  -0.354 -0.027 0.046  0.44           0.75           0.75            11.95         54.98         55.27          0.69        0.92        0.92         7.62           42.05          42.36           4.33          12.93         12.91          
4.90  -0.347 -0.006 0.023  0.66           0.71           0.95            70.74         72.07         76.64          0.78        0.82        1.03         53.18          55.26          63.03           17.56         16.81         13.61          
4.93  -0.366 0.013  -0.001 0.79           0.92           1.07            135.68        128.28        122.01         0.64        0.79        0.96         119.84         113.85         109.30          15.84         14.43         12.71          
4.97  -0.379 0.043  -0.036 0.99           1.13           1.46            112.54        109.66        105.15         0.93        1.07        1.41         98.10          96.98          95.30           14.44         12.68         9.85           
5.00  -0.406 0.087  -0.071 1.55           1.32           1.86            122.30        128.67        116.38         1.43        1.18        1.76         113.79         119.17         109.08          8.51          9.50          7.30           
5.03  -0.429 0.114  -0.094 1.08           0.97           1.28            129.72        135.06        122.60         0.94        0.82        1.16         117.90         122.57         112.18          11.82         12.49         10.42          
5.07  -0.452 0.142  -0.123 1.08           1.11           1.39            130.00        128.71        120.10         0.94        0.97        1.28         118.26         117.17         110.36          11.75         11.54         9.73           
5.10  -0.469 0.178  -0.135 1.18           0.62           1.24            114.64        142.08        113.36         1.10        0.45        1.17         102.74         122.32         102.02          11.90         19.76         11.34          
5.13  -0.495 0.214  -0.161 1.33           1.09           1.54            125.90        135.84        120.63         1.20        0.93        1.42         116.22         125.01         111.94          9.68          10.82         8.69           
5.17  -0.527 0.257  -0.192 1.61           1.35           1.87            126.74        135.32        120.99         1.47        1.19        1.75         118.90         126.80         113.95          7.83          8.52          7.04           
5.20  -0.550 0.293  -0.222 1.29           1.13           1.56            123.29        128.93        117.00         1.17        0.99        1.46         113.02         117.60         108.25          10.27         11.33         8.75           
5.23  -0.578 0.324  -0.247 1.26           1.11           1.46            130.93        137.84        124.29         1.11        0.94        1.34         121.14         127.59         115.42          9.78          10.25         8.87           
5.27  -0.590 0.354  -0.283 0.94           1.16           1.45            111.72        107.56        103.92         0.88        1.11        1.41         96.43          95.11          94.01           15.30         12.44         9.91           
5.30  -0.596 0.384  -0.324 0.94           1.24           1.54            101.73        98.82         97.09          0.92        1.23        1.53         86.30          87.23          87.78           15.43         11.59         9.31           
5.33  -0.604 0.406  -0.353 0.70           0.91           1.12            109.64        105.01        102.10         0.66        0.88        1.09         88.66          88.99          89.20           20.98         16.01         12.90          
5.37  -0.606 0.440  -0.388 1.03           1.03           1.46            93.26         93.24         92.30          1.05        1.05        1.47         79.46          79.50          82.52           13.80         13.74         9.78           
5.40  -0.594 0.459  -0.403 0.65           0.56           0.79            58.84         53.21         64.82          0.81        0.74        0.93         43.55          37.54          50.71           15.29         15.67         14.11          
5.43  -0.569 0.475  -0.412 0.89           0.79           0.93            33.01         19.21         36.40          1.11        1.03        1.14         25.98          14.65          28.94           7.04          4.57          7.46           
5.47  -0.548 0.492  -0.417 0.81           0.66           0.83            37.87         14.75         39.39          1.02        0.90        1.03         29.20          10.71          30.55           8.67          4.03          8.84           
5.50  -0.527 0.491  -0.409 0.64           0.68           0.68            -2.19         -20.99        21.09          0.89        0.92        0.92         -1.57          -15.41         15.49           -0.62         -5.58         5.60           
5.53  -0.489 0.478  -0.398 1.21           1.19           1.25            -19.01        -16.20        24.26          1.45        1.43        1.49         -15.79         -13.41         20.30           -3.22         -2.79         3.96           
5.57  -0.467 0.472  -0.379 0.66           0.86           0.87            -14.32        -41.65        42.77          0.91        1.06        1.07         -10.41         -32.61         33.65           -3.92         -9.04         9.13           
5.60  -0.450 0.477  -0.356 0.52           0.86           0.87            14.12         -54.02        54.46          0.77        1.03        1.04         9.57           -42.70         43.17           4.55          -11.32        11.30          
5.63  -0.428 0.460  -0.320 0.84           1.26           1.36            -37.10        -57.84        60.41          1.05        1.41        1.50         -28.85         -49.21         52.07           -8.24         -8.63         8.34           
5.67  -0.406 0.419  -0.284 1.39           1.27           1.76            -61.98        -59.02        68.29          1.52        1.41        1.87         -53.63         -50.28         61.14           -8.35         -8.74         7.15           
5.70  -0.388 0.387  -0.244 1.09           1.32           1.63            -60.33        -65.97        70.65          1.23        1.44        1.72         -50.17         -56.86         62.79           -10.16        -9.11         7.86           
5.73  -0.385 0.374  -0.204 0.41           1.20           1.26            -77.71        -85.79        86.01          0.53        1.24        1.31         -50.04         -74.21         75.00           -27.66        -11.58        11.01          
5.77  -0.373 0.346  -0.193 0.93           0.51           0.99            -65.72        -40.84        67.21          1.06        0.71        1.11         -53.30         -27.61         55.22           -12.42        -13.23        11.99          
5.80  -0.343 0.275  -0.154 2.30           1.47           2.57            -66.75        -52.08        69.38          2.40        1.64        2.67         -61.27         -45.17         64.36           -5.48         -6.91         5.03           
5.83  -0.320 0.242  -0.099 1.19           1.77           2.02            -56.21        -67.98        70.91          1.35        1.87        2.12         -47.33         -60.87         64.50           -8.88         -7.11         6.40           
5.87  -0.291 0.214  -0.066 1.25           1.35           1.60            -43.97        -48.35        55.98          1.44        1.53        1.76         -37.03         -41.33         49.21           -6.94         -7.02         6.78           
5.90  -0.271 0.199  -0.053 0.74           0.70           0.83            -36.25        -31.73        43.81          0.95        0.92        1.02         -27.33         -23.55         34.06           -8.92         -8.18         9.75           
5.93  -0.252 0.192  -0.051 0.59           0.55           0.59            -22.12        -7.04         23.02          0.82        0.80        0.83         -15.57         -4.84          16.23           -6.56         -2.20         6.79           
5.97  -0.232 0.196  -0.053 0.62           0.61           0.62            12.49         5.30          13.50          0.86        0.86        0.87         8.90           3.76           9.64            3.58          1.55          3.86           
6.00  -0.224 0.202  -0.061 0.32           0.36           0.40            35.33         43.20         49.64          0.54        0.57        0.60         19.93          25.66          31.05           15.40         17.54         18.59          
6.03  -0.226 0.212  -0.071 0.30           0.31           0.43            105.31        104.95        100.82         0.34        0.34        0.45         59.81          60.43          67.89           45.50         44.52         32.93          
6.07  -0.235 0.223  -0.089 0.42           0.60           0.68            128.62        115.88        112.52         0.33        0.54        0.63         91.98          91.20          91.03           36.64         24.68         21.49          
6.10  -0.241 0.216  -0.108 0.27           0.60           0.63            -132.48       107.89        106.93         0.21        0.57        0.61         -71.82         83.40          83.77           -60.66        24.49         23.16          
6.13  -0.257 0.233  -0.135 0.68           0.92           1.05            133.34        120.60        116.62         0.54        0.82        0.96         113.82         105.47         103.19          19.52         15.14         13.42          
6.17  -0.264 0.250  -0.162 0.57           0.85           1.00            112.90        105.17        102.86         0.52        0.82        0.97         86.88          88.00          88.32           26.02         17.18         14.54          
6.20  -0.275 0.251  -0.177 0.32           0.54           0.54            173.98        126.42        126.34         0.08        0.44        0.44         154.89         99.42          99.39           19.09         27.00         26.95          
6.23  -0.270 0.240  -0.192 0.38           0.47           0.59            -67.43        72.29         75.79          0.52        0.60        0.69         -41.34         48.87          55.30           -26.09        23.42         20.49          
6.27  -0.269 0.249  -0.215 0.27           0.70           0.75            85.79         88.35         88.46          0.38        0.75        0.80         45.40          68.85          70.19           40.39         19.50         18.27          
