time  x      y      z      groundspeedxy  groundspeedxz  groundspeedxyz  trackanglexy  trackanglexz  trackanglexyz  airspeedxy  airspeedxz  airspeedxyz  courseanglexy  courseanglexz  courseanglexyz  driftanglexy  driftanglexz  driftanglexyz  
0.00  -0.998 0.131  -0.230 
0.03  -0.984 0.153  -0.206 0.78           0.84           1.07            58.33         -60.70        67.46          0.94        0.99        1.19         45.22          -47.93         56.26           13.11         -12.78        11.19          
0.07  -0.963 0.163  -0.189 0.71           0.82           0.88            26.65         -38.84        43.50          0.94        1.03        1.07         19.82          -30.05         34.28           6.83          -8.80         9.22           
0.10  -0.936 0.175  -0.166 0.89           1.06           1.12            23.25         -39.55        42.95          1.13        1.27        1.31         18.22          -32.33         35.50           5.03          -7.22         7.45           
0.13  -0.929 0.188  -0.142 0.44           0.76           0.85            60.94         -73.83        75.58          0.60        0.87        0.95         39.56          -57.71         60.74           21.38         -16.11        14.84          
0.17  -0.928 0.203  -0.127 0.47           0.44           0.64            86.82         -86.64        87.69          0.54        0.52        0.70         59.37          -58.03         66.75           27.45         -28.62        20.94          
0.20  -0.928 0.226  -0.114 0.68           0.38           0.78            90.88         -91.60        90.77          0.72        0.45        0.81         70.63          -57.57         72.90           20.25         -34.03        17.87          
0.23  -0.938 0.245  -0.098 0.63           0.58           0.81            118.34        -121.22       111.95         0.56        0.50        0.75         95.25          -95.89         93.92           23.09         -25.33        18.02          
0.27  -0.947 0.276  -0.086 0.98           0.44           1.04            106.14        -128.73       105.23         0.94        0.34        1.00         91.38          -93.83         91.30           14.76         -34.90        13.93          
0.30  -0.940 0.295  -0.081 0.59           0.26           0.61            69.10         -36.56        69.83          0.72        0.49        0.74         50.24          -18.79         51.32           18.86         -17.76        18.51          
0.33  -0.945 0.309  -0.074 0.45           0.26           0.50            108.81        -123.47       106.84         0.44        0.24        0.49         76.37          -64.80         77.84           32.43         -58.67        29.01          
0.37  -0.945 0.342  -0.066 1.00           0.25           1.03            89.92         -89.68        89.92          1.03        0.35        1.06         75.84          -44.36         76.24           14.08         -45.32        13.68          
0.40  -0.944 0.373  -0.051 0.94           0.42           1.03            88.13         -85.86        88.30          0.98        0.51        1.07         73.36          -56.46         74.76           14.77         -29.40        13.53          
0.43  -0.942 0.390  -0.062 0.50           0.33           0.60            81.62         77.08         82.93          0.59        0.46        0.68         57.03          44.72          61.38           24.59         32.36         21.56          
0.47  -0.927 0.389  -0.069 0.45           0.49           0.49            -2.54         23.52         23.63          0.70        0.73        0.73         -1.63          15.66          15.73           -0.90         7.87          7.90           
0.50  -0.915 0.411  -0.070 0.74           0.35           0.74            61.91         8.56          61.99          0.88        0.60        0.88         47.42          4.99           47.51           14.49         3.56          14.48          
0.53  -0.902 0.414  -0.068 0.41           0.41           0.42            14.39         -12.45        18.70          0.66        0.65        0.66         8.95           -7.72          11.74           5.44          -4.73         6.96           
0.57  -0.882 0.420  -0.066 0.62           0.60           0.62            14.87         -5.55         15.79          0.86        0.85        0.86         10.59          -3.92          11.26           4.28          -1.64         4.53           
0.60  -0.869 0.422  -0.059 0.39           0.44           0.44            8.62          -28.56        29.47          0.63        0.67        0.67         5.24           -18.21         18.86           3.38          -10.35        10.61          
0.63  -0.852 0.420  -0.055 0.52           0.53           0.53            -4.58         -13.09        13.82          0.77        0.78        0.78         -3.09          -8.91          9.42            -1.49         -4.18         4.40           
0.67  -0.845 0.404  -0.050 0.52           0.24           0.54            -67.78        -35.29        68.57          0.66        0.47        0.67         -47.17         -17.33         48.32           -20.61        -17.96        20.25          
0.70  -0.835 0.404  -0.050 0.31           0.31           0.31            -3.15         1.86          3.66           0.56        0.56        0.56         -1.75          1.03           2.03            -1.41         0.83          1.63           
0.73  -0.829 0.405  -0.052 0.18           0.19           0.19            9.07          12.65         15.40          0.43        0.43        0.43         3.83           5.39           6.60            5.23          7.27          8.80           
0.77  -0.825 0.388  -0.058 0.52           0.23           0.56            -77.06        60.15         77.96          0.63        0.42        0.66         -54.13         28.97          56.12           -22.94        31.18         21.84          
0.80  -0.817 0.379  -0.068 0.35           0.37           0.45            -45.24        47.50         56.06          0.56        0.57        0.62         -26.74         28.60          36.59           -18.50        18.90         19.47          
0.83  -0.811 0.364  -0.073 0.50           0.25           0.53            -68.98        43.05         70.12          0.64        0.46        0.66         -47.49         21.39          49.22           -21.49        21.66         20.90          
0.87  -0.800 0.349  -0.083 0.57           0.44           0.63            -53.66        40.63         58.11          0.74        0.65        0.80         -37.90         26.17          42.63           -15.76        14.46         15.48          
0.90  -0.794 0.314  -0.100 1.03           0.54           1.16            -81.07        72.74         82.02          1.10        0.66        1.22         -68.11         51.52          70.27           -12.97        21.22         11.75          
0.93  -0.794 0.281  -0.120 1.02           0.61           1.19            -89.63        89.38         89.68          1.05        0.66        1.21         -75.86         67.12          77.79           -13.77        22.25         11.89          
0.97  -0.787 0.247  -0.130 1.02           0.36           1.06            -77.39        52.43         77.87          1.10        0.55        1.14         -64.56         31.45          65.46           -12.82        20.98         12.42          
1.00  -0.781 0.207  -0.156 1.23           0.81           1.46            -81.48        77.09         82.86          1.29        0.90        1.52         -70.44         61.45          73.43           -11.05        15.64         9.42           
1.03  -0.784 0.180  -0.183 0.81           0.82           1.15            -97.93        97.84         95.59          0.82        0.83        1.15         -80.27         80.37          83.12           -17.66        17.47         12.47          
1.07  -0.796 0.168  -0.201 0.49           0.64           0.73            -134.13       122.58        118.09         0.37        0.55        0.65         -104.79        99.87          98.27           -29.34        22.71         19.82          
1.10  -0.816 0.152  -0.219 0.79           0.81           0.95            -140.73       138.55        129.72         0.61        0.65        0.82         -125.80        123.74         116.11          -14.93        14.82         13.62          
1.13  -0.832 0.166  -0.238 0.64           0.74           0.85            138.14        129.94        123.81         0.48        0.61        0.74         117.76         111.55         107.53          20.38         18.39         16.28          
1.17  -0.865 0.176  -0.252 1.03           1.07           1.11            162.99        156.98        152.37         0.79        0.84        0.89         157.69         150.32         144.92          5.31          6.67          7.45           
1.20  -0.892 0.191  -0.244 0.93           0.84           0.97            150.04        -163.40       147.01         0.73        0.61        0.77         140.17         -156.67        136.80          9.86          -6.73         10.21          
1.23  -0.917 0.201  -0.242 0.82           0.77           0.83            159.43        -175.20       158.96         0.60        0.53        0.60         150.96         -172.91        150.37          8.47          -2.28         8.60           
1.27  -0.951 0.215  -0.232 1.09           1.05           1.13            156.82        -162.94       152.22         0.87        0.81        0.92         150.31         -157.77        144.95          6.51          -5.17         7.27           
1.30  -0.983 0.230  -0.224 1.07           1.00           1.09            155.15        -166.42       152.42         0.85        0.76        0.88         148.02         -161.96        144.84          7.13          -4.46         7.57           
1.33  -1.019 0.235  -0.210 1.09           1.16           1.17            172.14        -158.77       157.60         0.84        0.93        0.94         169.81         -153.18        151.78          2.33          -5.59         5.82           
1.37  -1.045 0.240  -0.201 0.80           0.84           0.85            170.07        -160.93       158.82         0.56        0.61        0.62         165.64         -153.19        150.47          4.43          -7.74         8.35           
1.40  -1.073 0.239  -0.186 0.82           0.93           0.93            -178.35       -152.29       152.25         0.57        0.72        0.72         -177.63        -142.97        142.93          -0.72         -9.32         9.32           
1.43  -1.090 0.242  -0.180 0.53           0.55           0.56            170.24        -160.46       158.47         0.28        0.33        0.34         161.66         -145.63        142.77          8.58          -14.83        15.71          
1.47  -1.106 0.245  -0.172 0.48           0.52           0.53            168.99        -153.41       151.77         0.24        0.32        0.33         157.35         -132.96        130.96          11.64         -20.45        20.80          
1.50  -1.114 0.248  -0.169 0.27           0.28           0.29            159.78        -156.35       150.22         0.09        0.11        0.15         93.24          -92.73         92.09           66.54         -63.62        58.13          
1.53  -1.123 0.253  -0.161 0.28           0.34           0.37            151.30        -136.19       132.16         0.14        0.24        0.27         89.48          -89.70         89.74           61.82         -46.49        42.42          
1.57  -1.135 0.271  -0.163 0.67           0.38           0.67            123.77        168.09        123.51         0.57        0.14        0.57         102.27         147.03         102.16          21.50         21.05         21.36          
1.60  -1.141 0.289  -0.169 0.56           0.25           0.59            108.61        135.93        107.75         0.54        0.19        0.57         82.53          68.09          82.90           26.07         67.84         24.85          
1.63  -1.138 0.304  -0.168 0.45           0.09           0.45            78.15         -10.55        78.15          0.55        0.34        0.55         51.93          -2.86          51.95           26.21         -7.69         26.20          
1.67  -1.139 0.324  -0.175 0.62           0.20           0.65            93.29         100.26        93.13          0.65        0.29        0.68         70.88          42.49          71.72           22.41         57.77         21.42          
1.70  -1.135 0.346  -0.184 0.66           0.29           0.72            80.38         67.81         81.10          0.75        0.45        0.80         61.14          37.01          63.03           19.24         30.79         18.08          
1.73  -1.121 0.357  -0.198 0.54           0.60           0.68            38.25         44.50         51.56          0.75        0.79        0.86         26.41          31.75          38.43           11.85         12.75         13.13          
1.77  -1.111 0.380  -0.205 0.76           0.36           0.78            66.94         34.27         67.76          0.89        0.58        0.91         51.88          20.29          53.00           15.06         13.98         14.76          
1.80  -1.091 0.383  -0.218 0.60           0.71           0.71            8.13          33.10         33.71          0.85        0.93        0.93         5.74           24.64          25.16           2.39          8.45          8.56           
1.83  -1.069 0.387  -0.238 0.68           0.91           0.92            10.62         42.47         43.06          0.93        1.11        1.12         7.78           33.72          34.26           2.84          8.76          8.80           
1.87  -1.046 0.386  -0.256 0.69           0.88           0.88            -3.07         38.06         38.12          0.94        1.09        1.09         -2.26          29.91          29.97           -0.81         8.15          8.15           
1.90  -1.035 0.380  -0.271 0.38           0.54           0.57            -31.44        53.19         55.76          0.61        0.72        0.74         -19.00         36.96          39.61           -12.44        16.22         16.15          
1.93  -1.019 0.365  -0.283 0.64           0.62           0.75            -41.57        38.43         49.96          0.85        0.83        0.93         -30.29         27.59          38.08           -11.29        10.85         11.88          
1.97  -1.015 0.358  -0.292 0.25           0.29           0.36            -61.62        64.98         70.55          0.43        0.45        0.51         -31.15         34.98          42.75           -30.47        30.00         27.79          
2.00  -1.007 0.355  -0.308 0.26           0.53           0.54            -18.43        61.98         62.35          0.51        0.69        0.69         -9.47          43.24          43.69           -8.96         18.74         18.66          
2.03  -1.000 0.348  -0.318 0.29           0.35           0.41            -49.11        57.45         62.81          0.49        0.53        0.57         -26.39         33.94          39.90           -22.72        23.51         22.91          
2.07  -1.000 0.335  -0.325 0.39           0.22           0.45            -88.27        86.97         88.50          0.47        0.34        0.52         -55.89         40.16          59.55           -32.38        46.82         28.95          
2.10  -0.999 0.333  -0.336 0.07           0.35           0.35            -58.00        83.51         83.61          0.30        0.45        0.45         -12.22         49.95          50.41           -45.78        33.56         33.21          
2.13  -0.997 0.327  -0.350 0.19           0.41           0.45            -69.57        80.55         81.36          0.36        0.51        0.54         -29.54         51.73          54.24           -40.03        28.81         27.11          
2.17  -0.983 0.320  -0.356 0.47           0.45           0.50            -26.71        22.88         33.29          0.70        0.69        0.72         -17.45         14.77          22.30           -9.26         8.11          10.99          
2.20  -0.979 0.318  -0.363 0.12           0.24           0.24            -25.11        61.89         62.61          0.37        0.42        0.42         -8.27          30.13          30.90           -16.84        31.76         31.71          
2.23  -0.959 0.305  -0.358 0.73           0.62           0.75            -33.62        -11.72        34.86          0.95        0.87        0.96         -25.27         -8.38          26.31           -8.36         -3.34         8.55           
2.27  -0.947 0.282  -0.361 0.78           0.36           0.78            -63.15        10.72         63.26          0.92        0.60        0.92         -49.05         6.30           49.18           -14.10        4.42          14.07          
2.30  -0.927 0.278  -0.366 0.62           0.63           0.64            -10.42        14.08         17.27          0.87        0.87        0.88         -7.42          10.08          12.43           -2.99         4.00          4.85           
2.33  -0.914 0.267  -0.381 0.50           0.58           0.67            -42.54        50.54         56.70          0.70        0.76        0.83         -28.67         35.89          42.21           -13.88        14.65         14.49          
2.37  -0.896 0.259  -0.388 0.58           0.58           0.62            -21.88        21.10         29.11          0.82        0.82        0.84         -15.34         14.76          20.83           -6.54         6.33          8.28           
2.40  -0.876 0.245  -0.399 0.74           0.68           0.81            -36.27        29.02         42.61          0.95        0.91        1.01         -27.34         21.35          32.95           -8.93         7.67          9.66           
2.43  -0.863 0.230  -0.412 0.60           0.56           0.72            -48.53        45.37         56.64          0.79        0.76        0.88         -34.75         31.85          42.96           -13.78        13.52         13.68          
2.47  -0.842 0.212  -0.418 0.83           0.66           0.85            -39.82        16.30         41.46          1.03        0.91        1.05         -30.92         11.86          32.40           -8.90         4.44          9.06           
2.50  -0.832 0.197  -0.420 0.54           0.30           0.54            -56.09        10.15         56.28          0.71        0.55        0.71         -39.07         5.58           39.27           -17.02        4.57          17.01          
2.53  -0.821 0.175  -0.416 0.74           0.34           0.75            -63.90        -17.99        64.18          0.88        0.59        0.89         -49.10         -10.40         49.45           -14.80        -7.58         14.73          
2.57  -0.811 0.160  -0.411 0.55           0.36           0.58            -54.68        -27.02        56.32          0.73        0.59        0.74         -38.38         -15.97         40.10           -16.30        -11.05        16.22          
2.60  -0.820 0.145  -0.408 0.55           0.31           0.56            -122.93       -161.40       122.33         0.46        0.11        0.47         -95.95         -115.55        95.81           -26.98        -45.85        26.52          
2.63  -0.817 0.114  -0.392 0.92           0.48           1.04            -84.00        -78.38        84.66          0.98        0.58        1.09         -69.33         -53.56         71.43           -14.67        -24.82        13.23          
2.67  -0.822 0.089  -0.372 0.78           0.63           0.99            -101.68       -104.50       99.17          0.77        0.62        0.98         -83.05         -81.33         84.56           -18.63        -23.16        14.61          
2.70  -0.820 0.083  -0.369 0.21           0.12           0.22            -64.81        -41.47        66.53          0.39        0.35        0.39         -28.88         -12.91         30.85           -35.93        -28.56        35.67          
2.73  -0.817 0.073  -0.368 0.28           0.08           0.29            -77.02        -36.01        77.19          0.42        0.32        0.42         -41.46         -8.42          41.86           -35.56        -27.59        35.34          
2.77  -0.806 0.068  -0.362 0.39           0.38           0.42            -25.93        -24.54        33.70          0.62        0.62        0.64         -15.82         -14.90         21.24           -10.11        -9.64         12.46          
2.80  -0.799 0.067  -0.351 0.22           0.40           0.40            -3.97         -57.35        57.37          0.46        0.57        0.57         -1.83          -35.79         35.81           -2.13         -21.56        21.56          
2.83  -0.794 0.068  -0.354 0.14           0.16           0.16            5.75          29.29         29.68          0.39        0.40        0.40         2.05           11.29          11.47           3.70          18.00         18.21          
2.87  -0.776 0.063  -0.355 0.55           0.53           0.55            -15.38        3.05          15.65          0.79        0.78        0.79         -10.58         2.07           10.77           -4.80         0.98          4.88           
2.90  -0.753 0.070  -0.347 0.75           0.75           0.79            16.90         -18.65        24.42          0.99        0.99        1.02         12.69          -14.04         18.60           4.21          -4.61         5.83           
2.93  -0.734 0.083  -0.344 0.67           0.55           0.67            35.97         -6.68         36.32          0.89        0.80        0.89         26.42          -4.59          26.72           9.54          -2.10         9.60           
2.97  -0.709 0.098  -0.339 0.87           0.77           0.89            30.17         -12.82        31.97          1.09        1.02        1.11         23.56          -9.69          25.09           6.61          -3.13         6.88           
3.00  -0.691 0.113  -0.345 0.72           0.57           0.74            41.08         19.07         43.16          0.92        0.81        0.94         30.78          13.29          32.65           10.30         5.78          10.51          
3.03  -0.681 0.139  -0.342 0.84           0.32           0.85            68.44         -18.15        68.60          0.96        0.57        0.96         54.42          -10.26         54.64           14.02         -7.89         13.96          
3.07  -0.665 0.175  -0.331 1.17           0.57           1.21            66.22         -34.29        67.12          1.29        0.79        1.33         55.99          -24.01         57.13           10.22         -10.28        9.99           
3.10  -0.654 0.193  -0.334 0.65           0.36           0.65            57.27         13.09         57.55          0.81        0.60        0.81         42.19          7.72           42.51           15.08         5.38          15.05          
3.13  -0.648 0.220  -0.323 0.82           0.38           0.88            76.86         -60.39        77.81          0.91        0.55        0.97         61.36          -36.96         63.20           15.49         -23.43        14.61          
3.17  -0.651 0.241  -0.309 0.64           0.42           0.76            99.79         -104.91       98.24          0.65        0.43        0.77         77.43          -71.01         79.40           22.36         -33.90        18.84          
3.20  -0.654 0.251  -0.293 0.30           0.49           0.57            105.29        -99.39        98.05          0.34        0.51        0.59         60.01          -70.75         73.37           45.28         -28.64        24.69          
3.23  -0.661 0.258  -0.277 0.31           0.51           0.56            134.13        -115.06       112.84         0.23        0.47        0.52         81.60          -85.93         86.33           52.53         -29.13        26.51          
3.27  -0.669 0.269  -0.263 0.39           0.49           0.58            126.26        -117.96       113.27         0.31        0.43        0.53         86.22          -87.26         87.78           40.05         -30.70        25.49          
3.30  -0.684 0.278  -0.249 0.54           0.62           0.69            146.98        -137.16       131.45         0.36        0.47        0.56         124.83         -116.00        111.77          22.15         -21.17        19.68          
3.33  -0.701 0.285  -0.241 0.55           0.55           0.59            157.67        -155.86       148.71         0.33        0.34        0.40         140.91         -138.44        129.74          16.77         -17.42        18.96          
3.37  -0.708 0.318  -0.230 1.00           0.40           1.05            102.21        -121.83       101.55         0.98        0.34        1.03         87.70          -83.43         87.83           14.51         -38.40        13.72          
3.40  -0.714 0.340  -0.220 0.69           0.35           0.75            104.96        -120.90       103.71         0.67        0.31        0.74         83.91          -76.56         84.43           21.05         -44.34        19.28          
3.43  -0.716 0.350  -0.211 0.30           0.28           0.40            102.72        -104.12       99.53          0.35        0.32        0.44         58.39          -55.56         65.39           44.32         -48.56        34.14          
3.47  -0.714 0.368  -0.210 0.54           0.08           0.54            82.31         -29.59        82.33          0.62        0.32        0.62         58.83          -7.22          58.91           23.48         -22.37        23.42          
3.50  -0.696 0.372  -0.213 0.55           0.55           0.56            12.98         9.22          15.75          0.80        0.80        0.80         8.95           6.34           10.91           4.02          2.89          4.83           
3.53  -0.682 0.385  -0.211 0.57           0.42           0.57            43.16         -8.27         43.50          0.77        0.67        0.78         30.38          -5.19          30.68           12.78         -3.08         12.82          
3.57  -0.673 0.397  -0.209 0.44           0.27           0.45            53.63         -11.13        53.91          0.63        0.52        0.63         34.88          -5.77          35.16           18.75         -5.36         18.75          
3.60  -0.659 0.409  -0.215 0.54           0.45           0.57            41.12         23.48         44.28          0.75        0.68        0.77         28.44          15.08          31.17           12.69         8.40          13.11          
3.63  -0.639 0.403  -0.215 0.64           0.62           0.64            -14.73        -0.69         14.75          0.89        0.87        0.89         -10.62         -0.49          10.63           -4.11         -0.20         4.12           
3.67  -0.627 0.395  -0.217 0.42           0.34           0.43            -37.14        10.85         38.00          0.64        0.59        0.65         -23.55         6.29           24.20           -13.60        4.56          13.80          
3.70  -0.606 0.385  -0.223 0.71           0.67           0.73            -24.35        16.62         28.47          0.94        0.91        0.96         -18.06         12.14          21.33           -6.29         4.49          7.13           
3.73  -0.592 0.368  -0.229 0.67           0.46           0.69            -49.86        21.45         51.32          0.85        0.70        0.87         -36.91         13.98          38.35           -12.95        7.48          12.97          
3.77  -0.568 0.341  -0.242 1.08           0.81           1.15            -48.84        29.08         51.83          1.26        1.04        1.32         -40.25         22.37          43.27           -8.59         6.71          8.55           
3.80  -0.547 0.322  -0.243 0.85           0.63           0.85            -41.78        1.90          41.80          1.05        0.88        1.05         -32.62         1.36           32.64           -9.16         0.54          9.17           
3.83  -0.536 0.298  -0.262 0.79           0.66           0.97            -65.90        60.73         70.73          0.92        0.81        1.08         -51.48         45.08          58.12           -14.42        15.65         12.61          
3.87  -0.515 0.277  -0.272 0.90           0.70           0.95            -45.31        25.81         48.26          1.09        0.93        1.13         -35.92         19.11          38.77           -9.39         6.69          9.49           
3.90  -0.493 0.249  -0.298 1.05           1.02           1.31            -51.30        49.97         59.90          1.22        1.20        1.45         -42.13         40.78          51.34           -9.17         9.19          8.56           
3.93  -0.470 0.233  -0.298 0.84           0.68           0.84            -35.49        -0.79         35.49          1.05        0.93        1.05         -27.55         -0.58          27.56           -7.93         -0.21         7.93           
3.97  -0.449 0.229  -0.303 0.65           0.66           0.67            -10.66        13.93         17.30          0.89        0.90        0.91         -7.70          10.10          12.60           -2.96         3.83          4.69           
4.00  -0.420 0.226  -0.320 0.87           1.00           1.00            -6.78         29.69         30.22          1.12        1.22        1.22         -5.27          23.86          24.31           -1.51         5.83          5.90           
4.03  -0.396 0.224  -0.324 0.74           0.75           0.76            -4.86         10.68         11.69          0.99        1.00        1.00         -3.64          8.03           8.79            -1.22         2.65          2.89           
4.07  -0.374 0.218  -0.325 0.67           0.65           0.67            -13.71        3.21          14.05          0.91        0.90        0.91         -9.98          2.32           10.24           -3.72         0.89          3.81           
4.10  -0.362 0.214  -0.329 0.38           0.38           0.40            -20.95        18.76         27.11          0.62        0.62        0.63         -12.68         11.29          16.74           -8.27         7.47          10.37          
4.13  -0.343 0.224  -0.330 0.63           0.56           0.63            27.45         1.39          27.48          0.86        0.81        0.86         19.78          0.96           19.80           7.67          0.43          7.67           
4.17  -0.333 0.223  -0.330 0.30           0.30           0.30            -1.90         -1.12         2.20           0.55        0.55        0.55         -1.04          -0.61          1.21            -0.86         -0.51         1.00           
4.20  -0.305 0.212  -0.327 0.90           0.84           0.90            -21.57        -5.56         22.16          1.13        1.09        1.14         -16.92         -4.28          17.39           -4.66         -1.28         4.76           
4.23  -0.294 0.196  -0.328 0.59           0.34           0.59            -55.24        4.88          55.29          0.76        0.59        0.77         -39.66         2.81           39.71           -15.58        2.07          15.58          
4.27  -0.273 0.188  -0.325 0.68           0.64           0.69            -21.93        -7.28         22.90          0.92        0.89        0.92         -16.09         -5.23          16.84           -5.84         -2.05         6.06           
4.30  -0.262 0.189  -0.324 0.34           0.34           0.34            6.86          -5.93         9.03           0.59        0.59        0.59         3.96           -3.42          5.22            2.90          -2.51         3.81           
4.33  -0.253 0.193  -0.316 0.30           0.38           0.39            22.41         -42.38        45.04          0.54        0.59        0.60         12.26          -25.68         27.82           10.15         -16.70        17.22          
4.37  -0.252 0.201  -0.313 0.26           0.08           0.28            88.10         -84.07        88.19          0.37        0.27        0.38         45.35          -17.95         46.74           42.75         -66.13        41.45          
4.40  -0.249 0.200  -0.323 0.11           0.31           0.31            -25.47        70.89         71.13          0.35        0.46        0.46         -7.80          39.69          40.07           -17.67        31.20         31.06          
4.43  -0.247 0.204  -0.333 0.15           0.34           0.36            60.47         77.69         78.49          0.35        0.46        0.48         21.46          45.58          47.56           39.00         32.11         30.93          
4.47  -0.249 0.201  -0.343 0.10           0.30           0.31            -126.60       101.97        101.52         0.21        0.35        0.36         -24.10         57.45          58.46           -102.50       44.52         43.06          
4.50  -0.248 0.198  -0.348 0.10           0.14           0.17            -70.28        75.99         78.43          0.30        0.31        0.33         -18.16         25.23          29.86           -52.12        50.76         48.57          
4.53  -0.243 0.197  -0.356 0.14           0.28           0.28            -10.85        60.16         60.30          0.39        0.45        0.46         -3.88          31.69          31.84           -6.97         28.46         28.46          
4.57  -0.232 0.188  -0.359 0.43           0.35           0.44            -39.47        16.28         41.14          0.64        0.59        0.65         -25.17         9.46           26.50           -14.30        6.82          14.65          
4.60  -0.213 0.178  -0.364 0.65           0.59           0.67            -27.94        14.54         30.56          0.88        0.84        0.89         -20.28         10.24          22.35           -7.67         4.30          8.20           
4.63  -0.200 0.169  -0.366 0.46           0.37           0.46            -36.58        8.29          37.10          0.68        0.62        0.68         -23.86         4.96           24.26           -12.72        3.33          12.83          
4.67  -0.186 0.165  -0.364 0.43           0.42           0.44            -15.44        -7.05         16.84          0.68        0.67        0.68         -9.81          -4.43          10.73           -5.63         -2.62         6.11           
4.70  -0.178 0.156  -0.361 0.36           0.27           0.37            -46.04        -17.79        47.35          0.57        0.51        0.57         -27.53         -9.17          28.62           -18.51        -8.63         18.73          
4.73  -0.163 0.144  -0.356 0.58           0.47           0.60            -40.07        -18.46        42.15          0.79        0.71        0.81         -28.33         -12.08         30.12           -11.74        -6.38         12.03          
4.77  -0.167 0.155  -0.343 0.35           0.42           0.53            111.64        -108.02       104.12         0.35        0.41        0.53         69.60          -73.05         76.74           42.04         -34.96        27.38          
4.80  -0.174 0.163  -0.335 0.31           0.32           0.40            128.99        -128.67       119.64         0.25        0.25        0.35         78.00          -78.13         81.50           50.99         -50.54        38.14          
4.83  -0.187 0.175  -0.330 0.52           0.41           0.54            136.23        -157.65       133.81         0.38        0.20        0.41         109.27         -129.16        107.81          26.96         -28.49        26.00          
4.87  -0.206 0.190  -0.314 0.75           0.75           0.88            141.89        -142.32       132.25         0.57        0.57        0.73         126.31         -126.74        117.64          15.58         -15.58        14.61          
4.90  -0.226 0.198  -0.308 0.63           0.63           0.67            158.58        -160.68       152.25         0.41        0.40        0.46         145.75         -148.69        137.60          12.83         -12.00        14.65          
4.93  -0.246 0.216  -0.294 0.80           0.72           0.90            138.00        -144.99       131.24         0.63        0.54        0.76         122.67         -129.50        116.85          15.33         -15.49        14.39          
4.97  -0.256 0.229  -0.286 0.52           0.40           0.57            127.55        -142.89       123.61         0.42        0.25        0.48         99.09          -105.38        97.88           28.46         -37.51        25.73          
5.00  -0.274 0.242  -0.281 0.64           0.54           0.65            144.97        -165.48       143.23         0.46        0.31        0.48         126.70         -153.63        124.96          18.27         -11.85        18.27          
5.03  -0.280 0.245  -0.279 0.22           0.21           0.23            153.14        -161.53       148.75         0.11        0.08        0.13         62.42          -51.62         66.44           90.71         -109.91       82.31          
5.07  -0.284 0.255  -0.266 0.32           0.39           0.50            108.02        -104.66       101.53         0.34        0.41        0.51         63.90          -68.50         72.93           44.12         -36.17        28.59          
5.10  -0.277 0.232  -0.266 0.71           0.19           0.71            -74.34        0.94          74.34          0.82        0.44        0.82         -57.21         0.41           57.21           -17.13        0.53          17.13          
5.13  -0.265 0.238  -0.265 0.39           0.35           0.39            25.95         -7.59         26.78          0.63        0.60        0.63         15.88          -4.46          16.43           10.08         -3.14         10.35          
5.17  -0.268 0.243  -0.270 0.17           0.17           0.23            113.87        114.47        107.60         0.24        0.24        0.28         40.66          39.86          50.15           73.20         74.61         57.46          
5.20  -0.268 0.246  -0.276 0.08           0.20           0.21            104.56        95.82         95.42          0.24        0.30        0.31         18.40          40.30          42.33           86.16         55.52         53.09          
5.23  -0.267 0.255  -0.273 0.29           0.11           0.31            79.68         -60.51        80.17          0.42        0.32        0.43         43.63          -17.06         45.04           36.05         -43.45        35.13          
5.27  -0.256 0.261  -0.278 0.36           0.35           0.39            30.37         25.52         37.08          0.59        0.58        0.61         18.03          14.85          22.78           12.34         10.67         14.31          
5.30  -0.261 0.275  -0.273 0.42           0.22           0.45            109.87        -130.34       108.39         0.41        0.20        0.44         74.55          -57.00         75.73           35.32         -73.35        32.66          
5.33  -0.264 0.283  -0.271 0.26           0.11           0.27            113.35        -158.07       113.04         0.28        0.15        0.29         58.93          -16.08         59.30           54.42         -141.99       53.73          
5.37  -0.261 0.305  -0.268 0.67           0.12           0.67            82.32         -44.06        82.38          0.74        0.35        0.75         62.85          -14.27         63.04           19.47         -29.79        19.34          
5.40  -0.256 0.309  -0.266 0.21           0.19           0.23            39.55         -27.87        44.44          0.44        0.42        0.45         18.19          -11.88         21.32           21.36         -15.99        23.12          
5.43  -0.244 0.301  -0.263 0.44           0.37           0.45            -35.45        -13.66        36.95          0.66        0.62        0.67         -22.77         -8.15          23.92           -12.68        -5.51         13.04          
5.47  -0.226 0.301  -0.256 0.55           0.58           0.58            0.82          -19.99        20.00          0.80        0.82        0.82         0.56           -14.01         14.02           0.26          -5.97         5.98           
5.50  -0.217 0.305  -0.246 0.29           0.39           0.41            25.49         -48.89        51.14          0.52        0.59        0.60         13.63          -30.22         32.25           11.87         -18.67        18.89          
5.53  -0.198 0.290  -0.243 0.74           0.60           0.74            -36.74        -9.72         37.45          0.95        0.85        0.95         -27.66         -6.86          28.27           -9.08         -2.86         9.18           
5.57  -0.206 0.314  -0.245 0.76           0.25           0.76            108.80        166.38        108.74         0.72        0.06        0.72         89.48          83.72          89.48           19.32         82.65         19.26          
