time  x      y      z      groundspeedxy  groundspeedxz  groundspeedxyz  trackanglexy  trackanglexz  trackanglexyz  airspeedxy  airspeedxz  airspeedxyz  courseanglexy  courseanglexz  courseanglexyz  driftanglexy  driftanglexz  driftanglexyz  
0.00  -0.730 0.291  -0.710 
0.03  -0.736 0.266  -0.677 0.77           1.02           1.26            -102.71       -99.52        97.67          0.75        1.01        1.26         -83.80         -85.38         86.29           -18.91        -14.15        11.38          
0.07  -0.739 0.241  -0.634 0.78           1.28           1.50            -97.87        -94.79        94.10          0.79        1.28        1.50         -79.52         -83.60         84.52           -18.35        -11.19        9.58           
0.10  -0.743 0.218  -0.593 0.70           1.24           1.42            -99.36        -95.25        94.59          0.70        1.24        1.42         -78.81         -83.71         84.50           -20.54        -11.54        10.09          
0.13  -0.749 0.195  -0.547 0.69           1.39           1.54            -104.66       -97.17        96.47          0.67        1.39        1.54         -83.48         -86.85         87.16           -21.19        -10.32        9.30           
0.17  -0.751 0.174  -0.509 0.65           1.12           1.30            -95.35        -93.11        92.69          0.68        1.14        1.31         -73.77         -80.42         81.70           -21.58        -12.68        10.99          
0.20  -0.752 0.158  -0.462 0.47           1.42           1.49            -95.54        -91.83        91.74          0.51        1.43        1.51         -66.38         -81.80         82.20           -29.16        -10.04        9.54           
0.23  -0.755 0.131  -0.430 0.82           0.95           1.26            -96.09        -95.27        93.99          0.84        0.96        1.26         -78.79         -80.26         82.61           -17.30        -15.01        11.39          
0.27  -0.756 0.117  -0.398 0.42           0.99           1.08            -94.12        -91.77        91.63          0.48        1.01        1.10         -62.63         -77.47         78.46           -31.50        -14.30        13.17          
0.30  -0.747 0.102  -0.367 0.53           0.94           1.05            -58.48        -73.00        74.70          0.69        1.05        1.14         -40.56         -59.78         62.47           -17.92        -13.22        12.23          
0.33  -0.734 0.095  -0.331 0.45           1.17           1.19            -26.12        -69.95        70.24          0.68        1.28        1.29         -16.81         -59.38         59.77           -9.30         -10.58        10.47          
0.37  -0.706 0.085  -0.306 0.88           1.10           1.14            -21.01        -41.54        44.00          1.12        1.30        1.34         -16.41         -34.20         36.53           -4.60         -7.34         7.47           
0.40  -0.673 0.086  -0.269 0.98           1.48           1.48            2.96          -48.45        48.48          1.23        1.66        1.66         2.36           -41.97         42.00           0.60          -6.48         6.48           
0.43  -0.640 0.090  -0.242 1.01           1.30           1.31            6.57          -39.46        39.73          1.26        1.50        1.51         5.27           -33.39         33.64           1.30          -6.07         6.09           
0.47  -0.590 0.086  -0.224 1.51           1.60           1.60            -4.44         -19.21        19.64          1.76        1.83        1.84         -3.81          -16.64         17.02           -0.63         -2.57         2.62           
0.50  -0.541 0.081  -0.201 1.48           1.62           1.63            -6.29         -25.24        25.84          1.73        1.85        1.86         -5.38          -21.94         22.48           -0.91         -3.30         3.36           
0.53  -0.495 0.083  -0.177 1.38           1.55           1.55            2.37          -27.49        27.56          1.63        1.78        1.78         2.01           -23.77         23.84           0.36          -3.72         3.73           
0.57  -0.457 0.085  -0.156 1.14           1.30           1.30            3.08          -29.20        29.31          1.39        1.52        1.52         2.52           -24.60         24.70           0.55          -4.59         4.60           
0.60  -0.420 0.076  -0.138 1.15           1.25           1.28            -13.33        -26.43        28.84          1.40        1.48        1.51         -10.97         -22.12         24.25           -2.36         -4.30         4.59           
0.63  -0.389 0.087  -0.148 0.99           0.98           1.04            19.56         18.48         26.01          1.23        1.22        1.27         15.65          14.76          21.04           3.91          3.72          4.97           
0.67  -0.357 0.086  -0.158 0.94           0.98           0.98            -0.89         17.07         17.09          1.19        1.22        1.22         -0.70          13.63          13.64           -0.19         3.44          3.45           
0.70  -0.334 0.074  -0.175 0.81           0.89           0.97            -28.51        36.80         42.76          1.03        1.10        1.16         -21.88         28.95          34.35           -6.63         7.85          8.40           
0.73  -0.310 0.061  -0.207 0.82           1.20           1.26            -28.52        52.96         55.08          1.05        1.36        1.42         -21.99         44.55          46.78           -6.54         8.41          8.30           
0.77  -0.298 0.043  -0.249 0.63           1.31           1.41            -56.53        74.57         75.71          0.80        1.40        1.49         -41.35         64.63          66.36           -15.18        9.95          9.35           
0.80  -0.296 0.032  -0.296 0.32           1.42           1.45            -81.35        88.04         88.09          0.44        1.45        1.48         -46.90         78.10          78.38           -34.46        9.94          9.70           
0.83  -0.304 0.029  -0.347 0.26           1.53           1.53            -154.17       98.81         98.79          0.11        1.51        1.51         -82.06         89.40          89.40           -72.11        9.41          9.39           
0.87  -0.306 0.009  -0.400 0.58           1.60           1.70            -95.41        91.96         91.84          0.61        1.61        1.71         -71.31         83.04          83.45           -24.09        8.92          8.39           
0.90  -0.324 0.006  -0.449 0.54           1.55           1.55            -168.99       110.11        110.06         0.30        1.48        1.49         -159.87        101.00         100.97          -9.12         9.11          9.09           
0.93  -0.342 0.010  -0.491 0.55           1.38           1.38            167.96        112.90        112.82         0.31        1.30        1.31         158.25         102.72         102.67          9.72          10.18         10.15          
0.97  -0.359 0.007  -0.527 0.52           1.20           1.21            -169.78       115.41        115.33         0.28        1.12        1.12         -160.73        103.76         103.71          -9.06         11.65         11.62          
1.00  -0.388 0.004  -0.568 0.86           1.49           1.49            -175.29       125.18        125.13         0.61        1.36        1.36         -173.36        116.55         116.51          -1.92         8.63          8.62           
1.03  -0.398 -0.005 -0.598 0.42           0.97           1.00            -140.28       109.41        108.68         0.28        0.91        0.95         -104.86        94.44          94.26           -35.43        14.97         14.42          
1.07  -0.413 -0.015 -0.634 0.55           1.17           1.21            -145.28       112.64        111.83         0.37        1.10        1.14         -122.76        100.53         100.13          -22.52        12.10         11.70          
1.10  -0.429 -0.011 -0.648 0.50           0.64           0.65            164.70        138.54        137.24         0.27        0.48        0.50         150.30         118.49         117.41          14.40         20.05         19.83          
1.13  -0.437 0.002  -0.666 0.44           0.57           0.68            121.66        113.92        109.80         0.38        0.52        0.64         87.26          88.03          88.40           34.41         25.89         21.40          
1.17  -0.444 0.010  -0.674 0.33           0.33           0.41            131.78        132.05        122.40         0.25        0.24        0.35         82.77          82.70          84.85           49.01         49.35         37.56          
1.20  -0.457 0.042  -0.664 1.04           0.47           1.08            111.12        -142.20       110.31         0.98        0.32        1.02         97.30          -113.15        97.00           13.82         -29.05        13.31          
1.23  -0.474 0.062  -0.656 0.78           0.57           0.82            131.15        -154.48       128.89         0.65        0.36        0.69         114.22         -137.16        112.55          16.93         -17.32        16.34          
1.27  -0.489 0.085  -0.636 0.83           0.74           1.02            122.25        -127.11       115.85         0.73        0.62        0.94         105.47         -108.36        102.00          16.78         -18.75        13.85          
1.30  -0.515 0.124  -0.615 1.39           1.01           1.53            124.35        -140.77       120.83         1.27        0.83        1.42         114.96         -129.83        112.12          9.39          -10.94        8.71           
1.33  -0.533 0.156  -0.586 1.11           1.03           1.41            119.79        -122.53       113.08         1.01        0.92        1.33         107.42         -109.26        103.14          12.37         -13.26        9.94           
1.37  -0.556 0.174  -0.558 0.86           1.08           1.20            141.86        -128.63       124.10         0.68        0.94        1.08         128.70         -116.69        113.07          13.16         -11.94        11.03          
1.40  -0.578 0.191  -0.526 0.84           1.17           1.28            141.58        -124.44       121.06         0.67        1.05        1.17         128.08         -113.08        110.52          13.50         -11.36        10.54          
1.43  -0.594 0.201  -0.491 0.57           1.16           1.20            148.65        -114.97       114.13         0.38        1.08        1.12         128.83         -102.86        102.39          19.82         -12.11        11.74          
1.47  -0.602 0.205  -0.455 0.26           1.11           1.11            151.27        -102.06       101.98         0.13        1.08        1.09         81.50          -89.00         89.00           69.77         -13.06        12.98          
1.50  -0.620 0.207  -0.417 0.56           1.26           1.26            173.22        -116.19       116.16         0.31        1.17        1.17         167.82         -105.16        105.13          5.40          -11.04        11.02          
1.53  -0.627 0.214  -0.375 0.28           1.29           1.30            138.19        -99.45        99.35          0.19        1.27        1.29         78.62          -88.28         88.30           59.57         -11.17        11.05          
1.57  -0.636 0.218  -0.328 0.30           1.41           1.42            152.76        -100.88       100.83         0.14        1.39        1.39         96.91          -90.69         90.68           55.85         -10.19        10.15          
1.60  -0.642 0.224  -0.283 0.23           1.36           1.37            131.78        -96.60        96.54          0.20        1.35        1.37         61.81          -86.03         86.06           69.97         -10.57        10.48          
1.63  -0.639 0.226  -0.245 0.10           1.14           1.14            41.66         -86.15        86.16          0.33        1.19        1.19         11.79          -74.00         74.03           29.87         -12.15        12.13          
1.67  -0.625 0.251  -0.211 0.84           1.10           1.32            60.64         -68.14        71.91          0.98        1.22        1.42         47.85          -57.17         62.28           12.78         -10.98        9.63           
1.70  -0.598 0.242  -0.187 0.87           1.10           1.13            -16.93        -40.83        42.49          1.11        1.30        1.32         -13.18         -33.60         35.16           -3.76         -7.23         7.33           
1.73  -0.570 0.258  -0.167 0.97           1.04           1.15            29.89         -36.31        43.01          1.19        1.25        1.34         23.89          -29.52         35.71           6.00          -6.79         7.30           
1.77  -0.529 0.273  -0.155 1.30           1.27           1.34            19.86         -16.08        24.80          1.53        1.51        1.57         16.68          -13.45         20.98           3.17          -2.63         3.82           
1.80  -0.498 0.283  -0.139 0.98           1.04           1.09            18.40         -27.05        31.36          1.22        1.27        1.31         14.68          -21.92         25.65           3.71          -5.13         5.71           
1.83  -0.464 0.288  -0.140 1.02           1.01           1.02            7.66          1.85          7.88           1.27        1.26        1.27         6.15           1.48           6.33            1.51          0.37          1.55           
1.87  -0.440 0.293  -0.124 0.75           0.88           0.90            12.00         -34.42        35.66          0.99        1.10        1.11         9.00           -27.03         28.11           3.01          -7.39         7.54           
1.90  -0.416 0.292  -0.110 0.74           0.84           0.84            -1.52         -29.32        29.35          0.99        1.07        1.07         -1.13          -22.75         22.77           -0.38         -6.58         6.58           
1.93  -0.391 0.303  -0.089 0.81           0.98           1.02            22.69         -40.09        43.23          1.04        1.18        1.22         17.39          -32.23         35.15           5.30          -7.86         8.08           
1.97  -0.374 0.305  -0.066 0.50           0.84           0.84            9.11          -54.26        54.43          0.74        1.00        1.01         6.06           -42.60         42.79           3.05          -11.65        11.64          
2.00  -0.352 0.303  -0.045 0.69           0.93           0.93            -7.04         -42.80        43.06          0.94        1.13        1.13         -5.16          -34.13         34.36           -1.88         -8.68         8.70           
2.03  -0.332 0.315  -0.033 0.68           0.69           0.78            31.81         -33.12        41.99          0.90        0.91        0.98         23.39          -24.47         32.13           8.41          -8.65         9.87           
2.07  -0.310 0.312  -0.023 0.68           0.74           0.74            -5.32         -23.40        23.88          0.93        0.98        0.98         -3.90          -17.56         17.93           -1.43         -5.84         5.94           
2.10  -0.274 0.310  -0.010 1.08           1.14           1.14            -3.25         -19.21        19.44          1.33        1.38        1.38         -2.63          -15.78         15.98           -0.61         -3.43         3.46           
2.13  -0.252 0.324  -0.015 0.78           0.67           0.79            32.13         11.90         33.52          1.00        0.92        1.01         24.47          8.68           25.64           7.66          3.22          7.88           
2.17  -0.231 0.348  -0.031 0.96           0.79           1.07            48.28         35.90         53.16          1.14        1.00        1.23         38.89          27.50          43.83           9.39          8.40          9.33           
2.20  -0.220 0.373  -0.053 0.81           0.75           1.06            66.02         63.87         71.76          0.94        0.89        1.16         52.03          49.28          59.96           13.99         14.59         11.80          
2.23  -0.218 0.406  -0.084 0.98           0.93           1.35            87.62         87.48         88.27          1.02        0.97        1.38         73.49          72.60          77.85           14.12         14.88         10.42          
2.27  -0.228 0.440  -0.119 1.07           1.09           1.50            105.98        105.76        101.37         1.03        1.05        1.47         92.51          92.48          91.76           13.46         13.29         9.60           
2.30  -0.252 0.472  -0.143 1.20           1.01           1.40            126.04        134.06        120.18         1.07        0.86        1.29         115.12         121.95         110.54          10.92         12.11         9.64           
2.33  -0.273 0.487  -0.146 0.78           0.66           0.79            146.59        171.45        145.92         0.59        0.41        0.60         133.06         166.29         132.34          13.53         5.16          13.58          
2.37  -0.302 0.516  -0.167 1.22           1.05           1.36            134.36        143.95        128.54         1.06        0.86        1.22         124.61         134.12         119.35          9.75          9.83          9.20           
2.40  -0.322 0.516  -0.189 0.62           0.91           0.91            178.19        132.34        132.32         0.37        0.77        0.77         176.95         118.40         118.39          1.24          13.94         13.94          
2.43  -0.348 0.524  -0.211 0.82           1.01           1.04            164.31        140.78        139.20         0.58        0.84        0.86         157.61         129.87         128.30          6.70          10.91         10.90          
2.47  -0.371 0.517  -0.230 0.70           0.89           0.91            -163.84       139.04        137.54         0.47        0.72        0.75         -155.27        125.93         124.50          -8.57         13.11         13.03          
2.50  -0.392 0.506  -0.246 0.72           0.79           0.85            -152.72       144.03        138.32         0.51        0.60        0.69         -139.65        129.92         124.29          -13.06        14.11         14.03          
2.53  -0.413 0.493  -0.267 0.73           0.88           0.96            -147.86       134.74        130.07         0.54        0.73        0.83         -133.55        120.62         116.68          -14.31        14.12         13.39          
2.57  -0.424 0.473  -0.305 0.69           1.20           1.34            -119.61       106.45        104.69         0.60        1.15        1.30         -98.54         94.46          93.96           -21.07        11.99         10.73          
2.60  -0.428 0.453  -0.337 0.62           0.97           1.14            -100.31       96.60         95.57          0.63        0.97        1.15         -77.18         81.77          83.04           -23.13        14.83         12.53          
2.63  -0.428 0.432  -0.365 0.61           0.84           1.04            -90.41        90.30         90.24          0.66        0.87        1.07         -68.22         73.67          76.71           -22.19        16.63         13.54          
2.67  -0.430 0.421  -0.387 0.34           0.66           0.74            -98.98        94.59         94.09          0.39        0.69        0.77         -59.55         73.38          75.10           -39.43        21.21         18.99          
2.70  -0.423 0.409  -0.422 0.42           1.08           1.14            -61.95        79.53         80.10          0.58        1.15        1.21         -39.47         67.17          68.31           -22.48        12.37         11.79          
2.73  -0.420 0.383  -0.460 0.77           1.13           1.36            -82.41        84.80         85.70          0.84        1.18        1.40         -65.34         72.59          75.48           -17.08        12.21         10.22          
2.77  -0.418 0.354  -0.488 0.89           0.86           1.24            -87.08        86.95         87.89          0.94        0.91        1.27         -71.66         70.94          76.55           -15.42        16.01         11.34          
2.80  -0.414 0.317  -0.511 1.10           0.70           1.29            -84.13        80.73         85.03          1.15        0.78        1.34         -71.63         62.21          74.31           -12.50        18.52         10.72          
2.83  -0.411 0.285  -0.522 0.96           0.35           1.02            -84.32        73.99         84.63          1.02        0.48        1.07         -70.20         43.92          71.22           -14.11        30.07         13.41          
2.87  -0.402 0.273  -0.518 0.46           0.30           0.48            -53.76        -24.15        55.15          0.64        0.54        0.66         -35.52         -13.20         36.92           -18.24        -10.95        18.23          
2.90  -0.398 0.235  -0.498 1.15           0.62           1.30            -84.31        -79.31        84.97          1.20        0.71        1.35         -72.38         -58.95         74.31           -11.94        -20.36        10.66          
2.93  -0.395 0.210  -0.465 0.74           0.99           1.23            -81.86        -83.89        85.10          0.82        1.05        1.28         -64.22         -70.15         73.87           -17.64        -13.75        11.23          
2.97  -0.393 0.177  -0.433 1.00           0.95           1.38            -86.84        -86.67        87.70          1.05        1.00        1.41         -73.04         -72.19         77.53           -13.79        -14.48        10.18          
3.00  -0.392 0.130  -0.399 1.40           1.03           1.74            -88.22        -87.58        88.57          1.43        1.07        1.77         -78.19         -74.12         80.43           -10.04        -13.46        8.13           
3.03  -0.394 0.127  -0.365 0.12           1.02           1.03            -123.33       -93.55        93.54          0.21        1.04        1.04         -27.37         -79.66         79.70           -95.96        -13.90        13.84          
3.07  -0.390 0.098  -0.313 0.88           1.55           1.78            -82.08        -85.50        86.08          0.95        1.59        1.81         -66.93         -76.46         78.16           -15.15        -9.04         7.92           
3.10  -0.390 0.067  -0.259 0.93           1.62           1.87            -90.05        -90.03        90.02          0.96        1.64        1.88         -74.94         -81.27         82.40           -15.11        -8.76         7.62           
3.13  -0.391 0.052  -0.220 0.45           1.17           1.25            -96.41        -92.43        92.28          0.49        1.19        1.27         -65.68         -80.30         80.92           -30.73        -12.13        11.36          
3.17  -0.384 0.024  -0.192 0.87           0.89           1.22            -74.52        -75.00        79.10          0.96        0.99        1.29         -60.03         -60.85         68.15           -14.49        -14.15        10.94          
3.20  -0.370 -0.002 -0.147 0.87           1.39           1.59            -63.27        -73.52        75.69          1.01        1.48        1.67         -50.51         -64.17         67.35           -12.75        -9.34         8.34           
3.23  -0.372 -0.019 -0.119 0.52           0.86           1.00            -94.44        -92.66        92.28          0.56        0.89        1.02         -67.79         -76.29         78.17           -26.65        -16.37        14.11          
3.27  -0.361 -0.038 -0.084 0.65           1.09           1.22            -59.36        -72.20        74.24          0.81        1.19        1.31         -43.93         -60.64         63.68           -15.43        -11.56        10.56          
3.30  -0.344 -0.056 -0.053 0.75           1.07           1.20            -46.98        -61.34        64.75          0.94        1.21        1.33         -35.77         -50.89         54.95           -11.21        -10.45        9.80           
3.33  -0.334 -0.067 -0.028 0.45           0.79           0.87            -49.37        -68.19        70.07          0.64        0.92        0.98         -32.25         -53.53         56.18           -17.13        -14.67        13.89          
3.37  -0.315 -0.067 -0.005 0.58           0.90           0.90            0.35          -50.25        50.25          0.83        1.08        1.08         0.24           -39.98         39.98           0.11          -10.27        10.27          
3.40  -0.298 -0.039 0.007  0.99           0.62           1.05            58.89         -35.11        60.95          1.14        0.84        1.19         48.04          -25.26         50.38           10.85         -9.85         10.56          
3.43  -0.274 -0.015 0.020  1.01           0.81           1.08            45.30         -28.67        48.97          1.20        1.04        1.26         36.78          -22.03         40.37           8.52          -6.65         8.60           
3.47  -0.264 0.028  0.007  1.32           0.48           1.37            76.52         50.38         77.04          1.40        0.67        1.45         66.54          33.71          67.37           9.98          16.68         9.67           
3.50  -0.251 0.058  -0.007 1.00           0.57           1.08            67.54         48.24         69.44          1.12        0.76        1.20         55.60          34.07          58.15           11.94         14.17         11.29          
3.53  -0.259 0.105  -0.033 1.42           0.83           1.63            99.55         106.41        98.31          1.40        0.80        1.61         89.40          88.94          89.47           10.15         17.47         8.83           
3.57  -0.268 0.139  -0.065 1.07           0.98           1.42            105.76        107.15        101.77         1.03        0.94        1.39         92.23          92.44          91.65           13.53         14.72         10.12          
3.60  -0.276 0.176  -0.097 1.12           1.00           1.48            101.95        103.32        98.97          1.09        0.98        1.46         89.00          88.88          89.25           12.95         14.44         9.71           
3.63  -0.298 0.207  -0.134 1.14           1.27           1.58            124.97        120.89        114.45         1.02        1.16        1.49         113.33         110.25         105.66          11.63         10.64         8.78           
3.67  -0.310 0.225  -0.172 0.66           1.20           1.32            123.09        107.44        105.80         0.56        1.15        1.27         101.22         95.46          94.92           21.88         11.98         10.88          
3.70  -0.329 0.246  -0.202 0.84           1.07           1.23            132.43        122.29        117.47         0.70        0.96        1.14         117.15         109.53         106.26          15.28         12.77         11.21          
3.73  -0.342 0.266  -0.213 0.71           0.51           0.78            123.51        140.09        120.08         0.61        0.36        0.69         103.38         113.24         101.75          20.13         26.85         18.33          
3.77  -0.361 0.291  -0.232 0.95           0.82           1.11            127.61        134.79        121.32         0.82        0.67        1.01         113.65         119.43         109.08          13.96         15.35         12.24          
3.80  -0.360 0.308  -0.269 0.53           1.09           1.22            84.99         87.56         87.81          0.61        1.13        1.25         60.80          74.81          76.28           24.19         12.75         11.53          
3.83  -0.362 0.313  -0.290 0.16           0.64           0.65            121.31        97.47         97.30          0.22        0.65        0.67         39.17          75.18          75.50           82.13         22.29         21.80          
3.87  -0.355 0.316  -0.312 0.25           0.71           0.72            22.24         70.97         71.14          0.49        0.83        0.83         11.14          54.39          54.65           11.10         16.58         16.49          
3.90  -0.358 0.330  -0.327 0.43           0.45           0.61            103.94        103.43        99.76          0.44        0.46        0.62         70.68          71.36          76.34           33.26         32.06         23.43          
3.93  -0.348 0.329  -0.328 0.30           0.30           0.31            -6.72         10.30         12.22          0.55        0.55        0.55         -3.67          5.66           6.73            -3.05         4.64          5.49           
3.97  -0.335 0.327  -0.314 0.40           0.59           0.59            -6.07         -46.94        47.09          0.65        0.78        0.78         -3.75          -33.42         33.55           -2.32         -13.52        13.53          
4.00  -0.312 0.325  -0.300 0.68           0.80           0.80            -5.99         -32.76        33.10          0.92        1.02        1.02         -4.37          -25.13         25.42           -1.62         -7.63         7.69           
4.03  -0.290 0.316  -0.274 0.72           1.02           1.06            -22.81        -49.72        51.40          0.95        1.20        1.23         -16.97         -40.58         42.28           -5.84         -9.14         9.12           
4.07  -0.268 0.294  -0.244 0.93           1.12           1.29            -43.45        -53.18        58.59          1.12        1.29        1.44         -34.63         -44.25         50.05           -8.82         -8.94         8.54           
4.10  -0.253 0.291  -0.231 0.45           0.59           0.60            -14.16        -41.86        42.95          0.70        0.79        0.80         -9.12          -29.69         30.64           -5.04         -12.16        12.30          
4.13  -0.236 0.289  -0.204 0.52           0.95           0.95            -5.75         -56.75        56.81          0.77        1.10        1.11         -3.89          -45.84         45.91           -1.86         -10.91        10.90          
4.17  -0.208 0.271  -0.183 0.99           1.05           1.18            -32.85        -37.52        45.09          1.21        1.26        1.37         -26.39         -30.55         37.64           -6.45         -6.97         7.45           
4.20  -0.184 0.268  -0.169 0.72           0.82           0.83            -7.24         -29.99        30.58          0.97        1.05        1.05         -5.38          -23.14         23.63           -1.87         -6.85         6.94           
4.23  -0.154 0.271  -0.188 0.93           1.08           1.09            5.78          31.76         32.10          1.17        1.30        1.31         4.55           25.96          26.26           1.23          5.80          5.84           
4.27  -0.129 0.270  -0.207 0.74           0.92           0.93            -2.58         37.34         37.39          0.99        1.13        1.13         -1.93          29.65          29.69           -0.65         7.69          7.69           
4.30  -0.112 0.267  -0.230 0.53           0.88           0.89            -9.14         53.36         53.56          0.78        1.05        1.06         -6.23          42.38          42.58           -2.91         10.98         10.98          
