time  x      y      z      groundspeedxy  groundspeedxz  groundspeedxyz  trackanglexy  trackanglexz  trackanglexyz  airspeedxy  airspeedxz  airspeedxyz  courseanglexy  courseanglexz  courseanglexyz  driftanglexy  driftanglexz  driftanglexyz  
0.00  -0.000 0.000  -0.000 
0.03  -0.000 0.000  -0.000 0.00           0.00           0.00            0.00          0.00          0.00           0.25        0.25        0.25         0.00           -0.00          0.00            0.00          0.00          0.00           
0.07  -0.000 0.000  -0.000 0.00           0.00           0.00            0.00          0.00          0.00           0.25        0.25        0.25         0.00           -0.00          0.00            0.00          0.00          0.00           
0.10  -0.000 0.000  -0.000 0.00           0.00           0.00            0.00          0.00          0.00           0.25        0.25        0.25         0.00           -0.00          0.00            0.00          0.00          0.00           
0.13  -0.000 0.000  -0.000 0.00           0.00           0.00            0.00          0.00          0.00           0.25        0.25        0.25         0.00           -0.00          0.00            0.00          0.00          0.00           
0.17  -0.000 0.000  -0.000 0.00           0.00           0.00            0.00          0.00          0.00           0.25        0.25        0.25         0.00           -0.00          0.00            0.00          0.00          0.00           
0.20  -0.000 0.000  -0.000 0.00           0.00           0.00            0.00          0.00          0.00           0.25        0.25        0.25         0.00           -0.00          0.00            0.00          0.00          0.00           
0.23  -0.000 0.000  -0.000 0.00           0.00           0.00            0.00          0.00          0.00           0.25        0.25        0.25         0.00           -0.00          0.00            0.00          0.00          0.00           
0.27  -0.000 0.000  -0.000 0.00           0.00           0.00            0.00          0.00          0.00           0.25        0.25        0.25         0.00           -0.00          0.00            0.00          0.00          0.00           
0.30  -0.000 0.000  -0.000 0.00           0.00           0.00            0.00          0.00          0.00           0.25        0.25        0.25         0.00           -0.00          0.00            0.00          0.00          0.00           
0.33  -0.000 0.000  -0.000 0.00           0.00           0.00            0.00          0.00          0.00           0.25        0.25        0.25         0.00           -0.00          0.00            0.00          0.00          0.00           
0.37  -0.000 0.000  -0.000 0.00           0.00           0.00            0.00          0.00          0.00           0.25        0.25        0.25         0.00           -0.00          0.00            0.00          0.00          0.00           
0.40  -0.000 0.000  -0.000 0.00           0.00           0.00            0.00          0.00          0.00           0.25        0.25        0.25         0.00           -0.00          0.00            0.00          0.00          0.00           
0.43  -0.000 0.000  -0.000 0.00           0.00           0.00            0.00          0.00          0.00           0.25        0.25        0.25         0.00           -0.00          0.00            0.00          0.00          0.00           
0.47  -0.000 0.000  -0.000 0.00           0.00           0.00            0.00          0.00          0.00           0.25        0.25        0.25         0.00           -0.00          0.00            0.00          0.00          0.00           
0.50  -0.000 0.000  -0.000 0.00           0.00           0.00            0.00          0.00          0.00           0.25        0.25        0.25         0.00           -0.00          0.00            0.00          0.00          0.00           
0.53  -0.000 0.000  -0.000 0.00           0.00           0.00            0.00          0.00          0.00           0.25        0.25        0.25         0.00           -0.00          0.00            0.00          0.00          0.00           
0.57  -0.000 0.000  -0.000 0.00           0.00           0.00            0.00          0.00          0.00           0.25        0.25        0.25         0.00           -0.00          0.00            0.00          0.00          0.00           
0.60  -0.000 0.000  -0.000 0.00           0.00           0.00            0.00          0.00          0.00           0.25        0.25        0.25         0.00           -0.00          0.00            0.00          0.00          0.00           
0.63  -0.000 0.000  -0.000 0.00           0.00           0.00            0.00          0.00          0.00           0.25        0.25        0.25         0.00           -0.00          0.00            0.00          0.00          0.00           
0.67  -0.000 0.000  -0.000 0.00           0.00           0.00            0.00          0.00          0.00           0.25        0.25        0.25         0.00           -0.00          0.00            0.00          0.00          0.00           
0.70  -0.000 0.000  -0.000 0.00           0.00           0.00            0.00          0.00          0.00           0.25        0.25        0.25         0.00           -0.00          0.00            0.00          0.00          0.00           
0.73  -0.000 0.000  -0.000 0.00           0.00           0.00            0.00          0.00          0.00           0.25        0.25        0.25         0.00           -0.00          0.00            0.00          0.00          0.00           
0.77  -1.163 0.212  -0.262 35.47          35.76          36.33           169.65        167.30        163.82         35.22       35.52       36.09        169.57         167.21         163.71          0.07          0.09          0.11           
0.80  -1.131 0.204  -0.257 0.99           0.97           1.00            -14.49        -9.00         16.86          1.23        1.22        1.24         -11.58         -7.16          13.52           -2.91         -1.84         3.35           
0.83  -1.102 0.200  -0.251 0.89           0.90           0.91            -8.56         -12.57        15.06          1.14        1.15        1.16         -6.69          -9.85          11.83           -1.87         -2.72         3.22           
0.87  -1.061 0.202  -0.247 1.23           1.23           1.23            3.06          -4.37         5.33           1.48        1.48        1.48         2.54           -3.64          4.43            0.52          -0.74         0.90           
0.90  -1.032 0.211  -0.246 0.90           0.86           0.90            17.45         -2.16         17.57          1.14        1.11        1.14         13.69          -1.68          13.78           3.76          -0.49         3.78           
0.93  -1.008 0.215  -0.246 0.73           0.72           0.73            9.56          -1.06         9.62           0.97        0.97        0.97         7.12           -0.78          7.16            2.44          -0.27         2.46           
0.97  -0.982 0.220  -0.255 0.81           0.84           0.85            11.26         19.16         21.82          1.06        1.08        1.09         8.61           14.80          16.93           2.65          4.36          4.89           
1.00  -0.958 0.225  -0.266 0.72           0.78           0.79            10.89         25.06         26.82          0.97        1.01        1.02         8.10           19.07          20.49           2.79          5.99          6.32           
1.03  -0.940 0.226  -0.287 0.54           0.82           0.82            2.58          48.97         48.99          0.79        1.00        1.00         1.76           38.09          38.11           0.82          10.88         10.88          
1.07  -0.921 0.226  -0.308 0.59           0.86           0.86            1.20          47.06         47.07          0.84        1.05        1.05         0.84           37.01          37.01           0.36          10.06         10.06          
1.10  -0.897 0.210  -0.326 0.85           0.90           1.02            -34.17        38.04         46.01          1.07        1.11        1.20         -26.63         30.03          37.43           -7.54         8.01          8.59           
1.13  -0.875 0.187  -0.350 0.96           0.97           1.20            -46.19        46.91         56.18          1.15        1.16        1.35         -37.16         37.85          47.35           -9.03         9.05          8.84           
1.17  -0.851 0.175  -0.373 0.81           1.01           1.07            -25.40        43.88         47.00          1.04        1.20        1.25         -19.47         35.60          38.61           -5.93         8.27          8.39           
1.20  -0.820 0.162  -0.398 0.99           1.16           1.23            -23.45        38.93         42.52          1.22        1.37        1.42         -18.77         32.33          35.69           -4.68         6.60          6.82           
1.23  -0.792 0.138  -0.426 1.11           1.19           1.39            -40.28        44.57         52.42          1.32        1.38        1.56         -33.22         37.28          45.12           -7.06         7.29          7.30           
1.27  -0.755 0.134  -0.456 1.13           1.45           1.45            -6.14         38.99         39.23          1.38        1.65        1.65         -5.03          33.51          33.74           -1.11         5.48          5.49           
1.30  -0.723 0.138  -0.479 0.96           1.19           1.19            6.45          36.65         36.96          1.21        1.39        1.40         5.12           30.51          30.79           1.33          6.14          6.17           
1.33  -0.691 0.141  -0.509 0.95           1.29           1.30            5.91          43.18         43.35          1.20        1.49        1.49         4.68           36.57          36.73           1.23          6.61          6.62           
1.37  -0.653 0.130  -0.548 1.20           1.63           1.67            -16.68        45.26         46.47          1.44        1.82        1.85         -13.83         39.65          40.85           -2.85         5.60          5.62           
1.40  -0.625 0.142  -0.576 0.91           1.19           1.25            24.52         46.01         48.54          1.14        1.38        1.43         19.32          38.52          41.02           5.20          7.49          7.52           
1.43  -0.603 0.172  -0.581 1.12           0.69           1.13            53.19         12.57         53.57          1.28        0.93        1.29         44.22          9.22           44.61           8.97          3.35          8.96           
1.47  -0.586 0.185  -0.580 0.65           0.52           0.65            36.87         -5.40         37.09          0.86        0.77        0.87         26.87          -3.65          27.05           10.00         -1.74         10.04          
1.50  -0.583 0.202  -0.567 0.51           0.40           0.64            81.06         -78.46        82.90          0.60        0.51        0.72         56.94          -49.80         62.72           24.12         -28.66        20.18          
1.53  -0.570 0.224  -0.550 0.78           0.64           0.92            59.40         -51.62        64.65          0.93        0.81        1.05         46.00          -37.70         52.26           13.41         -13.91        12.38          
1.57  -0.574 0.246  -0.530 0.66           0.61           0.89            100.41        -101.34       97.72          0.66        0.61        0.89         78.66          -77.65         81.59           21.76         -23.70        16.13          
1.60  -0.574 0.242  -0.514 0.11           0.49           0.50            -96.00        -91.36        91.33          0.26        0.55        0.56         -25.09         -64.17         64.73           -70.91        -27.19        26.60          
1.63  -0.583 0.238  -0.492 0.28           0.69           0.71            -152.42       -110.89       110.52         0.13        0.65        0.66         -88.95         -89.79         89.79           -63.47        -21.10        20.73          
1.67  -0.586 0.229  -0.467 0.29           0.76           0.81            -109.14       -97.25        96.81          0.32        0.77        0.82         -61.09         -78.55         79.24           -48.05        -18.70        17.58          
1.70  -0.591 0.216  -0.442 0.42           0.75           0.84            -113.07       -102.76       101.31         0.40        0.74        0.83         -77.70         -83.39         84.16           -35.37        -19.37        17.15          
1.73  -0.601 0.202  -0.412 0.51           0.96           1.05            -125.42       -107.82       106.33         0.42        0.92        1.01         -96.15         -92.79         92.54           -29.26        -15.03        13.78          
1.77  -0.605 0.183  -0.383 0.59           0.86           1.04            -100.35       -97.03        95.84          0.59        0.87        1.04         -75.92         -80.39         82.01           -24.43        -16.64        13.83          
1.80  -0.609 0.172  -0.338 0.34           1.36           1.39            -114.82       -96.05        95.90          0.33        1.36        1.39         -70.95         -85.48         85.59           -43.86        -10.57        10.31          
1.83  -0.616 0.160  -0.300 0.41           1.16           1.21            -118.22       -99.74        99.28          0.37        1.14        1.20         -81.53         -87.27         87.40           -36.70        -12.46        11.88          
1.87  -0.608 0.137  -0.256 0.74           1.36           1.53            -71.37        -79.98        81.10          0.85        1.42        1.58         -55.23         -70.00         72.13           -16.14        -9.98         8.97           
1.90  -0.597 0.129  -0.215 0.42           1.28           1.31            -34.56        -74.41        74.68          0.64        1.37        1.39         -21.77         -64.30         64.71           -12.79        -10.11        9.97           
1.93  -0.583 0.126  -0.168 0.43           1.45           1.45            -9.83         -73.11        73.13          0.67        1.54        1.54         -6.20          -64.17         64.20           -3.63         -8.94         8.93           
1.97  -0.564 0.127  -0.124 0.56           1.44           1.44            2.79          -67.02        67.02          0.81        1.55        1.55         1.93           -58.49         58.50           0.86          -8.52         8.52           
2.00  -0.546 0.143  -0.090 0.71           1.15           1.24            40.54         -62.12        64.27          0.91        1.29        1.37         30.30          -52.25         54.80           10.24         -9.87         9.47           
2.03  -0.533 0.152  -0.074 0.47           0.62           0.68            36.48         -51.98        55.91          0.69        0.80        0.84         24.05          -37.66         41.72           12.43         -14.32        14.19          
2.07  -0.511 0.176  -0.050 0.97           0.98           1.22            47.75         -48.18        57.48          1.16        1.16        1.37         38.54          -38.96         48.62           9.21          -9.21         8.86           
2.10  -0.497 0.200  -0.021 0.84           0.98           1.21            58.19         -63.12        68.57          1.00        1.12        1.33         45.88          -51.61         58.47           12.31         -11.51        10.10          
2.13  -0.478 0.240  -0.003 1.32           0.77           1.42            64.61         -42.24        66.45          1.45        0.97        1.54         55.63          -32.22         57.87           8.98          -10.02        8.58           
2.17  -0.467 0.266  -0.002 0.86           0.33           0.86            67.64         -6.67         67.66          0.98        0.58        0.98         53.99          -3.78          54.02           13.65         -2.88         13.64          
2.20  -0.466 0.303  -0.004 1.11           0.07           1.11            88.38         65.22         88.38          1.14        0.29        1.14         75.73          13.56          75.76           12.64         51.66         12.62          
2.23  -0.461 0.322  -0.026 0.60           0.65           0.87            76.44         77.54         80.75          0.70        0.74        0.94         56.08          58.36          65.57           20.36         19.18         15.18          
2.27  -0.462 0.344  -0.039 0.63           0.40           0.75            91.28         92.05         91.09          0.68        0.46        0.78         69.56          59.28          72.48           21.72         32.77         18.61          
2.30  -0.470 0.366  -0.064 0.72           0.80           1.05            109.78        107.55        103.36         0.67        0.77        1.02         89.38          89.45          89.59           20.40         18.10         13.77          
2.33  -0.468 0.374  -0.081 0.26           0.49           0.55            79.42         84.55         85.14          0.39        0.57        0.63         40.19          58.82          61.68           39.23         25.73         23.46          
2.37  -0.464 0.360  -0.098 0.44           0.52           0.67            -75.26        77.70         80.47          0.55        0.62        0.75         -49.42         54.63          61.34           -25.84        23.06         19.13          
2.40  -0.466 0.349  -0.115 0.34           0.53           0.62            -100.04       96.37         95.40          0.38        0.56        0.65         -60.03         70.01          72.90           -40.01        26.36         22.50          
2.43  -0.469 0.334  -0.135 0.48           0.62           0.77            -101.06       98.54         96.79          0.49        0.63        0.78         -71.32         75.43          78.36           -29.74        23.12         18.44          
2.47  -0.457 0.301  -0.161 1.03           0.84           1.28            -69.77        64.67         73.79          1.15        0.97        1.37         -57.95         51.20          63.71           -11.82        13.47         10.07          
2.50  -0.449 0.278  -0.184 0.75           0.74           1.02            -70.52        70.03         75.77          0.87        0.85        1.11         -54.79         54.06          63.18           -15.73        15.97         12.60          
2.53  -0.440 0.249  -0.216 0.88           1.00           1.31            -72.68        74.72         78.39          0.99        1.09        1.38         -58.69         61.94          68.15           -14.00        12.78         10.24          
2.57  -0.420 0.219  -0.241 1.11           0.97           1.34            -56.14        50.55         62.53          1.26        1.14        1.47         -46.68         40.85          53.84           -9.47         9.71          8.69           
2.60  -0.399 0.199  -0.269 0.88           1.06           1.22            -43.12        52.92         58.33          1.07        1.23        1.37         -33.95         43.57          49.37           -9.17         9.35          8.96           
2.63  -0.371 0.175  -0.290 1.08           1.02           1.24            -40.79        37.25         49.00          1.28        1.23        1.42         -33.44         30.20          41.35           -7.35         7.06          7.64           
2.67  -0.349 0.182  -0.307 0.71           0.87           0.89            17.06         38.22         40.20          0.95        1.08        1.10         12.65          29.95          31.73           4.41          8.27          8.47           
2.70  -0.315 0.162  -0.318 1.17           1.05           1.21            -30.96        16.81         33.89          1.39        1.29        1.43         -25.67         13.61          28.29           -5.29         3.20          5.60           
2.73  -0.297 0.166  -0.313 0.56           0.56           0.58            11.19         -13.60        17.35          0.81        0.81        0.82         7.74           -9.43          12.12           3.45          -4.16         5.24           
2.77  -0.280 0.161  -0.308 0.54           0.54           0.56            -17.48        -17.44        23.98          0.78        0.78        0.79         -11.94         -11.91         16.63           -5.54         -5.53         7.35           
2.80  -0.261 0.162  -0.294 0.57           0.70           0.70            4.14          -35.40        35.54          0.82        0.91        0.91         2.88           -26.25         26.37           1.27          -9.15         9.17           
2.83  -0.250 0.158  -0.290 0.35           0.35           0.37            -20.89        -20.47        28.10          0.59        0.59        0.61         -12.25         -11.98         16.89           -8.64         -8.48         11.21          
2.87  -0.232 0.160  -0.273 0.54           0.74           0.74            5.78          -43.27        43.44          0.79        0.94        0.94         3.96           -32.73         32.88           1.83          -10.54        10.56          
2.90  -0.223 0.163  -0.263 0.30           0.43           0.44            20.24         -49.22        50.58          0.54        0.62        0.63         10.98          -31.39         32.63           9.26          -17.83        17.95          
2.93  -0.207 0.163  -0.254 0.47           0.53           0.53            -0.69         -27.49        27.49          0.72        0.76        0.76         -0.45          -18.80         18.81           -0.24         -8.68         8.69           
2.97  -0.199 0.162  -0.244 0.24           0.40           0.41            -8.19         -54.37        54.51          0.49        0.59        0.59         -3.99          -34.09         34.23           -4.20         -20.29        20.29          
3.00  -0.191 0.160  -0.235 0.24           0.35           0.35            -8.70         -46.70        46.99          0.49        0.55        0.56         -4.30          -27.55         27.79           -4.40         -19.15        19.20          
3.03  -0.186 0.160  -0.220 0.15           0.47           0.47            -6.58         -71.54        71.55          0.40        0.60        0.60         -2.48          -48.29         48.32           -4.11         -23.24        23.24          
3.07  -0.182 0.160  -0.195 0.13           0.76           0.76            -1.80         -80.28        80.28          0.38        0.84        0.84         -0.61          -63.12         63.12           -1.19         -17.16        17.16          
3.10  -0.182 0.167  -0.182 0.23           0.41           0.47            91.36         -90.78        90.68          0.34        0.47        0.53         43.59          -58.89         62.38           47.77         -31.89        28.30          
3.13  -0.183 0.168  -0.157 0.02           0.73           0.73            149.55        -91.68        91.68          0.23        0.76        0.76         3.14           -72.52         72.52           146.41        -19.16        19.16          
3.17  -0.180 0.163  -0.140 0.17           0.53           0.55            -57.72        -79.98        80.34          0.37        0.62        0.64         -23.07         -56.70         57.68           -34.65        -23.28        22.66          
3.20  -0.185 0.169  -0.118 0.25           0.69           0.71            130.82        -104.02       103.49         0.21        0.67        0.70         66.65          -82.88         83.16           64.18         -21.14        20.33          
3.23  -0.189 0.173  -0.092 0.16           0.77           0.78            141.90        -99.52        99.44          0.16        0.77        0.78         39.46          -80.92         81.00           102.45        -18.59        18.44          
3.27  -0.193 0.171  -0.072 0.10           0.61           0.61            -155.67       -99.04        99.02          0.16        0.62        0.62         -15.61         -75.55         75.59           -140.06       -23.49        23.43          
3.30  -0.204 0.191  -0.060 0.69           0.51           0.78            121.04        -134.14       117.09         0.60        0.38        0.70         100.09         -106.01        98.60           20.95         -28.13        18.49          
3.33  -0.209 0.193  -0.042 0.14           0.55           0.56            159.78        -103.33       103.28         0.13        0.55        0.55         20.97          -77.18         77.22           138.81        -26.15        26.05          
3.37  -0.213 0.208  -0.019 0.48           0.72           0.85            107.51        -101.52       99.71          0.47        0.71        0.85         76.83          -81.41         82.76           30.69         -20.11        16.95          
3.40  -0.227 0.225  -0.001 0.64           0.66           0.83            128.58        -127.68       119.02         0.53        0.54        0.74         106.77         -106.26        101.84          21.81         -21.42        17.19          
3.43  -0.234 0.238  0.010  0.46           0.39           0.56            117.47        -122.47       111.93         0.41        0.33        0.52         84.44          -83.21         85.69           33.02         -39.26        26.24          
3.47  -0.249 0.255  0.020  0.69           0.57           0.76            132.98        -145.50       128.12         0.55        0.39        0.63         113.44         -124.10        110.06          19.54         -21.40        18.07          
3.50  -0.261 0.266  0.024  0.47           0.35           0.49            134.72        -162.07       133.32         0.35        0.14        0.36         103.90         -127.69        103.26          30.81         -34.38        30.05          
3.53  -0.285 0.279  0.027  0.83           0.74           0.83            152.10        -173.48       151.56         0.62        0.49        0.62         141.21         -170.16        140.57          10.89         -3.32         10.99          
3.57  -0.296 0.294  0.020  0.57           0.39           0.60            126.68        151.63        124.65         0.47        0.21        0.50         101.35         116.52         100.55          25.33         35.11         24.10          
3.60  -0.314 0.294  0.015  0.53           0.55           0.55            -179.32       162.67        162.65         0.28        0.32        0.32         -178.71        149.40         149.39          -0.61         13.26         13.27          
3.63  -0.326 0.282  0.010  0.52           0.40           0.54            -135.66       158.41        133.49         0.38        0.19        0.41         -108.40        129.39         107.13          -27.26        29.01         26.35          
3.67  -0.334 0.283  -0.005 0.22           0.49           0.49            174.25        116.26        116.23         0.04        0.44        0.44         33.49          85.71          85.71           140.76        30.55         30.52          
3.70  -0.350 0.288  0.001  0.51           0.51           0.54            161.86        -160.97       154.56         0.29        0.29        0.33         146.01         -144.63        135.61          15.85         -16.34        18.95          
3.73  -0.350 0.271  -0.031 0.51           0.95           1.08            -91.59        90.86         90.75          0.57        0.98        1.11         -65.38         76.12          77.73           -26.21        14.74         13.03          
3.77  -0.355 0.263  -0.061 0.29           0.92           0.95            -120.89       99.41         99.07          0.27        0.91        0.94         -68.17         83.67          83.90           -52.73        15.74         15.18          
3.80  -0.358 0.255  -0.069 0.24           0.25           0.34            -106.81       105.84        101.69         0.29        0.30        0.38         -51.50         53.23          61.43           -55.31        52.61         40.26          
3.83  -0.354 0.245  -0.096 0.33           0.81           0.86            -70.34        82.16         82.68          0.47        0.88        0.93         -40.55         65.76          67.21           -29.78        16.40         15.47          
3.87  -0.352 0.232  -0.119 0.37           0.69           0.78            -83.47        86.54         86.94          0.47        0.75        0.84         -51.45         67.16          69.57           -32.03        19.38         17.37          
3.90  -0.345 0.226  -0.146 0.29           0.86           0.88            -38.85        74.93         75.26          0.51        0.95        0.97         -20.80         60.27          60.83           -18.06        14.66         14.42          
3.93  -0.342 0.221  -0.157 0.19           0.34           0.38            -65.14        76.36         77.87          0.37        0.46        0.50         -27.52         44.86          48.32           -37.62        31.50         29.55          
3.97  -0.337 0.213  -0.186 0.29           0.89           0.92            -57.01        79.89         80.25          0.47        0.96        0.99         -30.56         65.06          65.85           -26.45        14.83         14.40          
4.00  -0.327 0.195  -0.208 0.62           0.72           0.90            -61.43        65.69         70.83          0.77        0.85        1.01         -44.81         50.13          57.27           -16.62        15.56         13.56          
4.03  -0.323 0.189  -0.220 0.23           0.38           0.42            -50.44        67.71         69.84          0.43        0.53        0.56         -23.92         41.79          44.94           -26.52        25.92         24.90          
4.07  -0.316 0.187  -0.226 0.21           0.29           0.29            -13.48        43.77         44.64          0.46        0.50        0.50         -6.21          23.49          24.13           -7.28         20.29         20.51          
4.10  -0.304 0.183  -0.228 0.37           0.35           0.37            -20.59        7.45          21.70          0.61        0.60        0.61         -12.30         4.34           13.00           -8.29         3.11          8.69           
4.13  -0.295 0.195  -0.231 0.45           0.28           0.46            53.97         19.90         54.88          0.63        0.52        0.64         35.29          10.56          36.20           18.68         9.34          18.68          
4.17  -0.285 0.200  -0.228 0.34           0.32           0.35            26.75         -16.51        30.31          0.58        0.56        0.58         15.47          -9.25          17.80           11.27         -7.26         12.51          
4.20  -0.273 0.189  -0.251 0.51           0.77           0.84            -42.37        60.69         63.45          0.72        0.92        0.98         -28.75         46.97          50.28           -13.62        13.72         13.17          
4.23  -0.267 0.185  -0.252 0.21           0.19           0.21            -29.27        13.73         31.44          0.44        0.43        0.45         -13.26         5.86           14.42           -16.01        7.86          17.02          
4.27  -0.260 0.191  -0.253 0.27           0.21           0.27            41.25         10.99         41.93          0.49        0.45        0.49         21.39          4.96           21.86           19.86         6.03          20.07          
4.30  -0.252 0.195  -0.251 0.25           0.24           0.26            23.53         -19.95        29.55          0.49        0.49        0.50         11.79          -9.87          15.20           11.74         -10.08        14.35          
4.33  -0.244 0.210  -0.245 0.53           0.30           0.56            61.38         -32.43        62.73          0.69        0.53        0.71         42.77          -17.78         44.39           18.61         -14.65        18.34          
4.37  -0.235 0.226  -0.241 0.53           0.29           0.55            61.11         -26.83        62.01          0.69        0.52        0.70         42.63          -14.41         43.70           18.48         -12.43        18.31          
4.40  -0.232 0.242  -0.221 0.51           0.59           0.77            80.78         -82.08        83.97          0.60        0.67        0.84         56.54          -60.47         66.73           24.24         -21.61        17.24          
4.43  -0.230 0.252  -0.201 0.29           0.60           0.67            76.05         -83.31        83.95          0.43        0.68        0.74         41.44          -61.88         64.20           34.61         -21.44        19.75          
4.47  -0.226 0.261  -0.185 0.31           0.51           0.58            66.93         -76.16        77.96          0.47        0.62        0.68         37.53          -53.03         56.91           29.39         -23.13        21.05          
4.50  -0.222 0.264  -0.177 0.13           0.27           0.28            29.43         -64.33        65.12          0.37        0.44        0.44         10.17          -33.50         34.44           19.26         -30.83        30.68          
4.53  -0.223 0.264  -0.162 0.04           0.43           0.43            151.24        -94.13        94.12          0.22        0.48        0.48         4.44           -62.98         63.00           146.80        -31.14        31.12          
4.57  -0.218 0.257  -0.152 0.26           0.36           0.41            -52.56        -64.09        67.69          0.45        0.52        0.55         -26.57         -38.25         43.03           -25.98        -25.84        24.66          
4.60  -0.210 0.239  -0.131 0.58           0.67           0.86            -67.33        -70.26        74.78          0.72        0.79        0.95         -48.61         -52.88         60.14           -18.72        -17.39        14.64          
4.63  -0.197 0.228  -0.104 0.52           0.89           0.96            -40.99        -64.11        65.91          0.72        1.03        1.08         -27.91         -51.48         53.74           -13.08        -12.64        12.17          
4.67  -0.193 0.229  -0.069 0.14           1.07           1.07            16.22         -82.63        82.63          0.39        1.13        1.13         5.87           -69.90         69.91           10.34         -12.73        12.72          
4.70  -0.180 0.236  -0.056 0.43           0.53           0.57            27.31         -44.49        47.98          0.66        0.73        0.76         17.31          -30.65         33.81           10.01         -13.84        14.18          
4.73  -0.171 0.240  -0.041 0.29           0.52           0.54            23.76         -59.67        60.46          0.53        0.69        0.70         12.76          -41.31         42.23           11.01         -18.36        18.24          
4.77  -0.177 0.258  -0.033 0.58           0.32           0.64            108.29        -124.98       106.64         0.56        0.27        0.61         82.98          -75.38         83.64           25.31         -49.60        22.99          
4.80  -0.176 0.271  -0.031 0.38           0.06           0.38            84.84         -52.15        84.88          0.47        0.29        0.47         52.82          -8.71          53.01           32.02         -43.44        31.87          
4.83  -0.182 0.289  -0.039 0.57           0.28           0.61            106.89        125.39        105.60         0.55        0.25        0.59         81.00          69.68          81.72           25.89         55.72         23.89          
4.87  -0.193 0.302  -0.045 0.51           0.38           0.54            130.57        150.15        127.54         0.40        0.21        0.44         101.88         113.17         100.69          28.70         36.98         26.86          
4.90  -0.200 0.319  -0.064 0.58           0.60           0.80            112.65        111.82        106.11         0.54        0.56        0.77         87.12          87.24          88.01           25.53         24.58         18.11          
4.93  -0.205 0.320  -0.081 0.13           0.53           0.53            177.68        104.59        104.59         0.12        0.53        0.53         2.69           77.35          77.35           175.00        27.24         27.24          
4.97  -0.213 0.340  -0.102 0.65           0.67           0.90            111.61        110.95        105.39         0.60        0.62        0.87         88.89          88.93          89.23           22.72         22.02         16.16          
5.00  -0.217 0.332  -0.119 0.26           0.53           0.58            -119.58       103.83        102.72         0.26        0.53        0.58         -61.47         76.73          77.79           -58.11        27.09         24.93          
5.03  -0.215 0.322  -0.135 0.31           0.49           0.58            -82.10        84.94         85.73          0.43        0.57        0.65         -46.65         58.92          63.06           -35.46        26.02         22.67          
5.07  -0.214 0.309  -0.158 0.38           0.70           0.79            -82.20        85.76         86.27          0.48        0.76        0.84         -51.24         66.53          69.10           -30.96        19.23         17.17          
5.10  -0.213 0.304  -0.172 0.17           0.40           0.43            -84.74        87.74         87.92          0.32        0.48        0.51         -32.72         56.33          58.52           -52.02        31.41         29.41          
5.13  -0.203 0.302  -0.195 0.30           0.76           0.77            -11.26        67.01         67.08          0.55        0.89        0.89         -6.18          52.03          52.13           -5.08         14.97         14.95          
5.17  -0.196 0.288  -0.220 0.45           0.78           0.87            -62.24        74.31         76.08          0.61        0.88        0.96         -40.91         58.38          61.49           -21.33        15.93         14.60          
5.20  -0.192 0.278  -0.240 0.35           0.63           0.71            -68.33        78.15         79.49          0.50        0.72        0.79         -40.54         58.31          61.37           -27.80        19.84         18.12          
5.23  -0.173 0.247  -0.260 1.06           0.82           1.22            -58.31        47.01         62.76          1.21        1.01        1.35         -48.22         36.54          53.31           -10.09        10.47         9.45           
5.27  -0.158 0.242  -0.284 0.50           0.85           0.87            -18.13        56.12         56.74          0.74        1.02        1.03         -12.12         44.32          45.00           -6.01         11.80         11.74          
5.30  -0.147 0.233  -0.318 0.43           1.07           1.11            -41.34        72.52         73.12          0.64        1.17        1.20         -26.31         60.74          61.63           -15.03        11.78         11.48          
5.33  -0.129 0.230  -0.333 0.55           0.70           0.71            -9.55         39.95         40.51          0.79        0.91        0.91         -6.55          29.78          30.27           -2.99         10.18         10.24          
5.37  -0.109 0.229  -0.351 0.59           0.80           0.80            -2.10         42.78         42.80          0.84        1.00        1.00         -1.47          32.98          33.00           -0.63         9.80          9.80           
5.40  -0.092 0.226  -0.363 0.52           0.63           0.63            -9.05         35.61         36.27          0.76        0.84        0.85         -6.10          25.67          26.22           -2.95         9.94          10.05          
5.43  -0.091 0.236  -0.380 0.29           0.52           0.59            80.02         84.33         85.06          0.42        0.59        0.66         43.90          59.60          62.94           36.12         24.72         22.12          
5.47  -0.094 0.247  -0.382 0.33           0.10           0.33            105.56        148.95        105.36         0.35        0.17        0.36         62.78          18.05          63.10           42.78         130.90        42.25          
5.50  -0.091 0.256  -0.384 0.30           0.10           0.31            75.90         40.05         76.19          0.44        0.33        0.44         42.18          10.83          42.80           33.72         29.22         33.39          
5.53  -0.099 0.280  -0.378 0.76           0.30           0.78            108.52        -143.12       108.00         0.72        0.18        0.74         89.31          -87.27         89.33           19.21         -55.85        18.67          
5.57  -0.101 0.283  -0.383 0.10           0.15           0.17            125.10        112.61        109.71         0.21        0.24        0.25         23.14          35.81          39.98           101.96        76.80         69.73          
5.60  -0.125 0.296  -0.391 0.82           0.76           0.86            151.69        161.99        147.82         0.62        0.53        0.66         140.59         153.62         136.18          11.09         8.36          11.64          
5.63  -0.135 0.283  -0.376 0.51           0.54           0.68            -126.96       -124.45       116.88         0.41        0.45        0.61         -97.84         -97.15         95.30           -29.12        -27.30        21.59          
5.67  -0.147 0.274  -0.366 0.43           0.45           0.51            -144.97       -140.95       133.01         0.26        0.30        0.39         -112.05        -109.29        104.83          -32.92        -31.66        28.18          
5.70  -0.160 0.271  -0.343 0.39           0.81           0.81            -165.98       -117.73       117.53         0.16        0.73        0.73         -143.24        -99.97         99.88           -22.74        -17.76        17.64          
5.73  -0.169 0.265  -0.336 0.34           0.36           0.40            -148.92       -144.84       137.17         0.18        0.21        0.27         -103.61        -101.70        98.94           -45.31        -43.14        38.22          
5.77  -0.175 0.266  -0.319 0.16           0.53           0.53            169.84        -107.53       107.50         0.09        0.51        0.51         17.63          -79.90         79.91           152.21        -27.63        27.59          
5.80  -0.171 0.251  -0.304 0.46           0.47           0.65            -77.44        -77.83        81.19          0.57        0.58        0.73         -51.91         -52.82         61.41           -25.53        -25.01        19.78          
5.83  -0.170 0.244  -0.301 0.23           0.10           0.24            -79.41        -65.35        80.18          0.37        0.31        0.38         -37.27         -17.22         39.41           -42.14        -48.13        40.77          
5.87  -0.152 0.227  -0.281 0.74           0.80           0.95            -43.75        -47.68        55.54          0.94        0.98        1.11         -33.15         -36.85         44.83           -10.60        -10.84        10.71          
5.90  -0.145 0.219  -0.262 0.33           0.60           0.65            -48.53        -68.81        70.46          0.53        0.73        0.77         -27.80         -50.24         52.70           -20.73        -18.57        17.76          
5.93  -0.142 0.216  -0.250 0.13           0.39           0.40            -41.35        -76.04        76.35          0.35        0.51        0.52         -13.51         -47.68         48.35           -27.84        -28.36        28.01          
5.97  -0.135 0.210  -0.237 0.28           0.44           0.48            -39.99        -61.12        63.41          0.50        0.61        0.63         -21.19         -39.96         42.71           -18.81        -21.17        20.70          
6.00  -0.127 0.201  -0.233 0.34           0.25           0.36            -48.35        -24.49        50.50          0.54        0.49        0.55         -28.20         -12.26         30.05           -20.15        -12.24        20.45          
6.03  -0.124 0.201  -0.231 0.08           0.11           0.11            -7.44         -42.74        43.02          0.33        0.34        0.34         -1.79          -12.46         12.58           -5.65         -30.28        30.44          
6.07  -0.121 0.196  -0.244 0.18           0.40           0.43            -58.15        75.89         76.88          0.38        0.52        0.54         -24.28         48.10          50.25           -33.87        27.78         26.63          
6.10  -0.113 0.194  -0.238 0.24           0.29           0.30            -13.48        -36.30        37.69          0.49        0.51        0.52         -6.63          -19.59         20.53           -6.86         -16.71        17.17          
6.13  -0.095 0.191  -0.236 0.54           0.54           0.55            -9.78         -6.17         11.50          0.79        0.79        0.79         -6.71          -4.21          7.90            -3.08         -1.95         3.60           
6.17  -0.081 0.173  -0.234 0.69           0.44           0.69            -50.99        -7.15         51.13          0.87        0.68        0.87         -38.01         -4.54          38.16           -12.98        -2.61         12.98          
6.20  -0.085 0.182  -0.251 0.28           0.52           0.58            113.86        102.35        101.10         0.29        0.53        0.59         61.51          74.96          76.46           52.36         27.39         24.64          
6.23  -0.075 0.177  -0.248 0.32           0.30           0.33            -23.32        -15.72        27.25          0.56        0.55        0.56         -13.06         -8.61          15.48           -10.27        -7.11         11.77          
6.27  -0.060 0.180  -0.247 0.45           0.44           0.45            11.54         -6.70         13.25          0.69        0.69        0.70         7.41           -4.27          8.53            4.13          -2.42         4.73           
6.30  -0.051 0.184  -0.243 0.29           0.29           0.31            23.49         -20.16        29.64          0.53        0.53        0.54         12.72          -10.79         16.46           10.78         -9.37         13.18          
6.33  -0.044 0.186  -0.241 0.24           0.25           0.25            9.29          -19.35        21.18          0.49        0.49        0.49         4.54           -9.67          10.65           4.75          -9.68         10.53          
6.37  -0.037 0.192  -0.239 0.27           0.19           0.28            47.05         -15.32        47.95          0.48        0.44        0.48         24.63          -6.67          25.32           22.42         -8.65         22.63          
6.40  -0.030 0.196  -0.248 0.24           0.35           0.37            29.93         53.23         55.54          0.47        0.54        0.55         14.64          31.26          33.46           15.29         21.97         22.08          
6.43  -0.033 0.204  -0.253 0.25           0.17           0.30            107.95        117.30        105.34         0.30        0.23        0.33         54.74          41.60          59.09           53.21         75.70         46.25          
6.47  -0.031 0.209  -0.258 0.15           0.15           0.21            71.05         70.84         76.28          0.33        0.33        0.36         25.42          25.16          33.75           45.63         45.68         42.53          
6.50  -0.045 0.219  -0.258 0.49           0.40           0.49            144.45        178.56        144.43         0.33        0.15        0.33         117.94         176.21         117.92          26.51         2.35          26.51          
6.53  -0.046 0.219  -0.269 0.03           0.31           0.31            163.80        95.17         95.17          0.22        0.38        0.38         2.10           54.34          54.35           161.71        40.83         40.82          
6.57  -0.040 0.226  -0.269 0.27           0.16           0.27            52.28         2.23          52.30          0.46        0.41        0.46         27.01          0.88           27.02           25.28         1.35          25.28          
6.60  -0.048 0.232  -0.269 0.29           0.23           0.29            140.23        -178.78       140.22         0.19        0.03        0.19         82.40          -10.87         82.40           57.83         -167.91       57.82          
6.63  -0.061 0.239  -0.262 0.45           0.44           0.49            151.68        -152.84       143.35         0.26        0.25        0.33         124.26         -125.59        116.26          27.42         -27.25        27.09          
6.67  -0.067 0.245  -0.255 0.25           0.27           0.33            131.99        -128.29       120.69         0.20        0.23        0.29         66.21          -68.87         73.80           65.78         -59.42        46.89          
6.70  -0.077 0.252  -0.244 0.37           0.44           0.49            147.19        -134.45       129.66         0.21        0.32        0.38         106.66         -100.72        99.09           40.53         -33.73        30.58          
6.73  -0.088 0.269  -0.242 0.61           0.34           0.61            123.49        -167.36       123.21         0.51        0.11        0.52         99.48          -138.38        99.38           24.01         -28.98        23.82          
6.77  -0.095 0.280  -0.239 0.40           0.23           0.41            122.44        -157.38       121.57         0.34        0.10        0.35         84.46          -69.89         84.64           37.98         -87.49        36.93          
