time     x        y        groundspeed  track angle  AV track angle  BA angle  AV BA angle  turn  tempo  amplitude  stop  stop time  
0.000    143.388  70.465   47.183                                    45.000    45.000       
0.083    142.295  72.923   17.725       56.310       56.310          66.037    66.037       
0.167    141.749  72.923   3.277        0.000        0.000           56.310    56.310       
0.250    141.749  72.923   8.825        21.801       21.801          56.310    56.310       
0.333    140.383  73.469   14.097       54.462       54.462          32.471    32.471       
0.417    140.383  74.835   13.513       75.964       75.964          41.633    41.633       
0.500    139.837  75.654   11.930       74.055       74.055          48.367    48.367       
0.583    139.837  76.747   14.657       63.435       63.435          65.556    65.556       
0.667    138.745  77.839   11.817       56.310       56.310          45.000    45.000       
0.750    138.745  78.385   5.182        71.565       71.565          48.013    48.013       
0.833    138.472  78.658   6.757        14.036       14.036          45.000    45.000       
0.917    137.652  78.658   8.825        21.801       21.801          23.963    23.963       
1.000    137.106  79.205   17.420       48.814       48.814          26.565    26.565       
1.083    135.740  80.843   15.546       71.565       71.565          49.764    49.764       
1.167    136.287  81.663   8.356        78.690       78.690          55.008    55.008       
1.250    135.467  82.209   14.001       69.444       69.444          45.000    45.000       
1.333    135.467  83.848   14.657       63.435       63.435          63.435    63.435       
1.417    134.375  84.394   10.493       51.340       51.340          55.008    55.008       
1.500    134.375  85.213   14.839       96.340       96.340          51.340    51.340       
1.583    134.648  86.852   20.728       108.435      108.435         66.801    66.801       
1.667    135.467  88.491   16.872       119.055      119.055         86.186    86.186       
1.750    136.014  89.310   14.097       125.538      125.538         85.601    85.601       
1.833    136.833  90.403   14.097       125.538      125.538         98.746    98.746       
1.917    137.379  91.222   13.212       119.745      119.745         101.310   101.310      
2.000    137.925  92.314   13.513       104.036      104.036         108.435   108.435      
2.083    137.925  93.407   15.546       108.435      108.435         102.095   102.095      
2.167    138.745  94.772   8.825        158.199      158.199         113.199   113.199      
2.250    139.291  93.953   4.635        -135.000     135.000         131.634   131.634      
2.333    139.291  94.226   1.639        90.000       90.000          128.660   128.660      
2.417    139.291  94.226   0.000        0.000        0.000           128.660   128.660                                1     0.167      
2.500    139.291  94.226   0.000        0.000        0.000           128.660   128.660      
2.583    139.291  94.226   6.555        0.000        0.000           128.660   128.660      
2.667    138.199  94.226   16.469       5.711        5.711           104.036   104.036      
2.750    136.560  94.499   13.212       7.125        7.125           66.801    66.801       
2.833    136.014  94.499   10.993       26.565       26.565          57.529    57.529       
2.917    134.921  95.319   17.109       16.699       16.699          53.130    53.130       
3.000    133.282  95.319   20.270       14.036       14.036          30.256    30.256       
3.083    131.644  96.138   19.181       19.983       19.983          32.471    32.471       
3.167    130.278  96.411   18.321       26.565       26.565          15.255    15.255       
3.250    128.912  97.504   19.801       24.444       24.444          33.690    33.690       
3.333    127.274  97.777   26.676       10.620       10.620          21.801    21.801       
3.417    124.543  98.323   21.863       12.995       12.995          12.995    12.995       
3.500    123.723  98.596   17.650       21.801       21.801          9.462     9.462        
3.583    121.811  99.416   17.725       33.690       33.690          15.945    15.945       
3.667    121.265  100.235  13.212       60.255       60.255          28.301    28.301       
3.750    120.719  101.327  10.364       71.565       71.565          41.634    41.634       
3.833    120.719  101.874  3.277        90.000       90.000          48.013    48.013       
3.917    120.719  101.874  5.182        71.565       71.565          48.013    48.013       
4.000    120.446  102.693  9.968        80.538       80.538          45.000    45.000       
4.083    120.446  103.512  8.194        90.000       90.000          53.130    53.130       
4.167    120.446  104.059  4.916        90.000       90.000          59.036    59.036       
4.250    120.446  104.332  1.639        90.000       90.000          61.389    61.389       
4.333    120.446  104.332  0.000        0.000        0.000           61.389    61.389                                 2     0.250      
4.417    120.446  104.332  0.000        0.000        0.000           61.389    61.389       
4.500    120.446  104.332  0.000        0.000        0.000           61.389    61.389       
4.583    120.446  104.332  17.650       -68.198      68.198          61.389    61.389       1     
4.667    119.353  101.600  22.825       -68.962      68.962          0.000     0.000        
4.750    119.080  100.781  12.799       -39.806      39.806          -14.036   14.036       
4.833    117.715  100.235  23.463       -24.775      24.775          -10.305   10.305       
4.917    115.530  99.142   30.482       -36.254      36.254          -11.310   11.310       
5.000    113.618  97.231   22.766       -30.256      30.256          -48.013   48.013       
5.083    112.252  97.231   15.108       -12.529      12.529          -36.027   36.027       
5.167    111.160  96.684   20.986       -38.660      38.660          -34.992   34.992       
5.250    109.521  95.046   19.733       -48.366      48.366          -52.125   52.125       
5.333    108.975  94.226   17.420       -41.186      41.186          -69.444   69.444       
5.417    107.336  93.134   23.634       -33.690      33.690          -53.130   53.130       
5.500    105.697  92.041   27.274       -32.735      32.735          -54.462   54.462       
5.583    103.512  90.676   27.906       -40.236      40.236          -45.000   45.000       
5.667    102.147  89.037   24.361       -47.726      47.726          -56.310   56.310       
5.750    100.781  87.671   23.291       -39.289      39.289          -71.565   71.565       
5.833    99.142   86.579   26.877       -37.569      37.569          -54.462   54.462       
5.917    97.231   84.940   27.906       -40.236      40.236          -52.125   52.125       
6.000    95.592   83.575   26.877       -52.431      52.431          -52.125   52.125       
6.083    94.499   81.390   23.634       -56.310      56.310          -59.036   59.036       
6.167    93.407   80.297   25.598       -50.194      50.194          -56.310   56.310       
6.250    91.768   78.112   30.127       -67.620      67.620          -65.225   65.225       
6.333    91.495   75.654   26.676       -79.380      79.380          -78.690   78.690       
6.417    90.949   73.742   25.910       -71.565      71.565          -86.424   86.424       
6.500    90.129   71.557   26.271       -86.424      86.424          -84.289   84.289       
6.583    90.676   69.372   21.303       -90.000      90.000          -108.435  108.435      
6.667    90.129   68.007   19.111       -59.036      59.036          -90.000   90.000       
6.750    89.037   66.641   18.026       0.000        0.000           -78.690   78.690       
6.833    87.125   68.007   28.289       10.008       10.008          -34.992   34.992       
6.917    84.394   67.461   26.271       -3.576       3.576           -15.255   15.255       
7.000    82.755   67.734   23.860       -15.945      15.945          9.462     9.462        
7.083    80.570   66.368   31.649       -21.251      21.251          -24.444   24.444       
7.167    77.839   65.822   32.815       -2.862       2.862           -3.180    3.180        
7.250    75.108   66.095   36.200       5.194        5.194           4.764     4.764        
7.333    71.830   66.368   32.815       2.862        2.862           8.746     8.746        
7.417    69.645   66.368   27.470       -17.354      17.354          10.305    10.305       
7.500    67.461   65.002   36.275       -18.435      18.435          -16.699   16.699       
7.583    63.910   64.456   38.256       -9.866       9.866           -5.195    5.195        
7.667    61.179   63.910   31.521       -8.973       8.973           -10.305   10.305       
7.750    58.721   63.637   39.363       -2.386       2.386           -12.529   12.529       2     3.167    12.911     
7.833    54.624   63.637   44.245       0.000        0.000           4.764     4.764        
7.917    51.346   63.637   36.089       2.603        2.603           4.399     4.399        
8.000    48.615   63.910   31.308       6.009        6.009           11.310    11.310       
8.083    46.157   64.183   41.001       -2.291       2.291           16.699    16.699       
8.167    41.787   63.637   41.099       -4.574       4.574           5.194     5.194        
8.250    39.329   63.637   31.521       8.973        8.973           15.255    15.255       
8.333    36.598   64.456   34.762       8.130        8.130           24.444    24.444       
8.417    33.594   64.456   41.001       -2.291       2.291           15.255    15.255       
8.500    29.770   64.183   34.762       -8.130       8.130           0.000     0.000        
8.583    27.858   63.637   20.270       -14.036      14.036          0.000     0.000        
8.667    26.493   63.364   13.212       -7.125       7.125           -4.764    4.764        
