time     x        y        groundspeed  track angle  AV track angle  BA angle  AV BA angle  turn  tempo  amplitude  stop  stop time  
0.000    139.564  62.271   26.877                                    9.462     9.462        
0.083    137.925  63.364   20.533       28.610       28.610          17.103    17.103       
0.167    136.560  63.910   16.872       29.055       29.055          22.620    22.620       
0.250    135.467  64.729   23.463       24.775       24.775          29.055    29.055       
0.333    133.009  65.549   21.986       26.565       26.565          16.699    16.699       
0.417    132.190  66.368   16.712       11.310       11.310          32.471    32.471       1     
0.500    130.278  66.095   25.440       -14.932      14.932          5.194     5.194        
0.583    128.093  65.276   25.910       -18.435      18.435          -12.095   12.095       
0.667    126.181  64.729   19.936       -9.462       9.462           -18.435   18.435       
0.750    124.816  64.729   22.942       0.000        0.000           -12.995   12.995       
0.833    122.358  64.729   26.271       3.576        3.576           -4.086    4.086        2     0.417    1.654      
0.917    120.446  65.002   21.863       12.995       12.995          -5.194    5.194        
1.000    118.807  65.549   26.271       -3.576       3.576           10.305    10.305       3     0.167    0.812      
1.083    116.076  64.729   36.200       -5.194       5.194           -5.711    5.711        4     0.083    0.822      
1.167    112.798  65.002   34.452       2.726        2.726           0.000     0.000        5     0.083    0.269      
1.250    110.340  65.002   26.271       -3.576       3.576           5.194     5.194        
1.333    108.428  64.729   24.581       0.000        0.000           4.764     4.764        6     0.167    0.280      
1.417    106.244  65.002   28.619       -13.241      13.241          15.255    15.255       7     0.083    0.269      
1.500    103.785  63.637   38.116       -25.463      25.463          -20.556   20.556       
1.583    100.508  62.271   37.369       -15.255      15.255          -15.255   15.255       
1.667    97.777   61.998   26.219       0.000        0.000           -19.654   19.654       8     0.250    3.012      
1.750    96.138   62.271   18.026       0.000        0.000           0.000     0.000        9     0.083    0.269      
1.833    94.772   61.998   23.463       12.095       12.095          0.000     0.000        10    0.083    0.276      
1.917    92.314   63.091   27.126       25.017       25.017          17.103    17.103       
2.000    90.676   63.910   25.014       31.607       31.607          22.620    22.620       
2.083    88.764   65.276   21.863       12.995       12.995          36.027    36.027       11    0.250    3.265      
2.167    87.125   64.729   29.497       0.000        0.000           6.340     6.340        12    0.083    0.549      
2.250    83.848   65.276   37.833       4.970        4.970           8.130     8.130        13    0.083    0.542      
2.333    80.843   65.276   36.385       -7.765       7.765           8.746     8.746        
2.417    77.839   64.456   33.783       -22.834      22.834          -4.399    4.399        
2.500    75.654   63.091   29.038       -16.389      16.389          -14.036   14.036       
2.583    73.196   63.091   31.179       -3.013       3.013           -4.086    4.086        
2.667    70.465   62.818   32.815       -2.862       2.862           0.000     0.000        
2.750    67.734   62.818   31.521       8.973        8.973           -4.764    4.764        14    0.500    2.476      
2.833    65.276   63.637   27.470       17.354       17.354          9.462     9.462        
2.917    63.364   64.183   29.678       6.340        6.340           5.194     5.194        15    0.167    1.358      
3.000    60.359   64.183   42.733       -4.399       4.399           0.000     0.000        
3.083    56.263   63.637   39.466       -4.764       4.764           -8.746    8.746        
3.167    53.805   63.637   31.179       3.013        3.013           5.194     5.194        16    0.250    0.556      
3.250    51.073   63.910   29.678       6.340        6.340           11.310    11.310       
3.333    48.888   64.183   28.289       10.008       10.008          10.305    10.305       
3.417    46.430   64.729   39.635       7.125        7.125           5.711     5.711        
3.500    42.334   65.002   42.733       -4.399       4.399           -4.764    4.764        17    0.333    1.351      
3.583    39.329   64.183   38.952       -14.621      14.621          -11.310   11.310       
3.667    36.052   63.364   32.651       -17.526      17.526          -8.746    8.746        
3.750    34.140   62.544   27.858       0.000        0.000           -18.435   18.435       18    0.250    2.466      
3.833    31.409   63.364   33.181       20.225       20.225          8.746     8.746        
3.917    28.951   64.456   30.216       40.601       40.601          21.037    21.037       
4.000    27.585   66.641   10.364       71.565       71.565          45.000    45.000       19    0.250    4.083      
4.083    28.404   66.095   3.664        -153.435     153.435         39.289    39.289       20    0.083    0.549      
4.167    28.131   66.368   3.664        -63.435      63.435          36.870    36.870       21    0.083    0.270      
4.250    28.131   65.549   3.277        -90.000      90.000          26.565    26.565       22    0.083    0.822      
4.333    28.131   65.822   8.194        -36.870      36.870          29.745    29.745       23    0.083    0.269      
4.417    27.039   64.729   10.493       -38.660      38.660          -12.995   12.995       
4.500    26.766   64.729   11.930       -15.945      15.945          -4.086    4.086        
4.583    25.127   64.183   29.542       -19.440      19.440          0.000     0.000        
