time  x      y      z      groundspeedxy  groundspeedxz  groundspeedxyz  trackanglexy  trackanglexz  trackanglexyz  airspeedxy  airspeedxz  airspeedxyz  courseanglexy  courseanglexz  courseanglexyz  driftanglexy  driftanglexz  driftanglexyz  
0.00  -1.097 0.226  -0.283 
0.03  -1.091 0.232  -0.264 0.25           0.58           0.61            42.43         -71.46        72.22          0.47        0.70        0.72         21.26          -51.76         53.00           21.17         -19.70        19.22          
0.07  -1.076 0.241  -0.241 0.51           0.84           0.88            32.37         -58.90        60.60          0.74        0.99        1.03         21.88          -46.41         48.35           10.49         -12.49        12.24          
0.10  -1.074 0.251  -0.227 0.30           0.42           0.51            77.06         -80.75        82.43          0.43        0.52        0.60         42.81          -52.57         58.02           34.25         -28.18        24.41          
0.13  -1.075 0.256  -0.200 0.17           0.79           0.81            98.29         -91.82        91.78          0.28        0.82        0.84         37.42          -74.06         74.41           60.87         -17.76        17.37          
0.17  -1.080 0.266  -0.176 0.33           0.74           0.80            117.79        -101.89       101.06         0.31        0.73        0.79         71.52          -82.39         82.93           46.28         -19.50        18.13          
0.20  -1.085 0.268  -0.154 0.14           0.67           0.67            160.19        -101.74       101.70         0.12        0.66        0.66         23.11          -80.05         80.08           137.07        -21.68        21.62          
0.23  -1.100 0.274  -0.136 0.49           0.72           0.74            156.22        -129.04       127.37         0.28        0.59        0.62         135.29         -109.85        108.77          20.93         -19.20        18.60          
0.27  -1.110 0.280  -0.115 0.35           0.70           0.72            151.60        -116.04       115.29         0.18        0.64        0.66         109.45         -95.33         95.15           42.15         -20.71        20.13          
0.30  -1.123 0.281  -0.099 0.38           0.60           0.60            176.11        -128.99       128.95         0.13        0.48        0.48         168.46         -105.11        105.09          7.64          -23.88        23.86          
0.33  -1.138 0.286  -0.082 0.48           0.71           0.72            161.73        -130.46       129.38         0.26        0.58        0.60         144.04         -111.21        110.48          17.69         -19.25        18.90          
0.37  -1.158 0.282  -0.066 0.62           0.77           0.78            -168.81       -141.69       140.84         0.38        0.60        0.61         -161.39        -126.63        125.80          -7.42         -15.06        15.04          
0.40  -1.172 0.279  -0.049 0.42           0.63           0.64            -167.53       -130.32       129.83         0.18        0.51        0.52         -150.50        -108.35        108.06          -17.03        -21.97        21.77          
0.43  -1.184 0.274  -0.026 0.39           0.79           0.80            -158.66       -117.40       116.93         0.18        0.71        0.72         -128.46        -99.14         98.96           -30.20        -18.26        17.97          
0.47  -1.194 0.263  -0.001 0.46           0.82           0.89            -133.26       -112.77       110.98         0.35        0.76        0.83         -101.41        -95.14         94.70           -31.85        -17.63        16.28          
0.50  -1.208 0.265  0.022  0.41           0.80           0.80            168.26        -120.16       119.98         0.17        0.71        0.71         151.07         -102.32        102.24          17.19         -17.84        17.74          
0.53  -1.210 0.272  0.054  0.21           0.95           0.97            106.08        -93.48        93.41          0.28        0.96        0.99         46.06          -78.49         78.74           60.02         -14.99        14.67          
0.57  -1.211 0.275  0.072  0.10           0.55           0.56            110.83        -93.85        93.79          0.23        0.59        0.60         24.55          -68.83         69.12           86.28         -25.02        24.67          
0.60  -1.216 0.290  0.093  0.45           0.63           0.76            108.48        -102.99       100.75         0.44        0.63        0.76         75.86          -80.14         81.86           32.62         -22.86        18.89          
0.63  -1.207 0.300  0.115  0.40           0.72           0.78            50.31         -69.00        70.79          0.60        0.84        0.90         31.45          -52.90         55.54           18.86         -16.10        15.25          
0.67  -1.206 0.302  0.128  0.06           0.41           0.41            52.64         -84.45        84.50          0.29        0.50        0.50         10.09          -54.45         54.66           42.55         -30.01        29.83          
0.70  -1.207 0.317  0.140  0.47           0.36           0.59            95.31         -96.92        94.22          0.51        0.41        0.62         66.16          -60.02         70.67           29.16         -36.90        23.56          
0.73  -1.204 0.334  0.153  0.51           0.40           0.65            79.71         -76.77        81.83          0.61        0.52        0.73         55.99          -48.85         61.89           23.73         -27.93        19.94          
0.77  -1.198 0.347  0.158  0.43           0.23           0.46            65.85         -40.73        67.30          0.58        0.45        0.60         42.73          -19.62         44.71           23.13         -21.11        22.59          
0.80  -1.192 0.354  0.153  0.28           0.24           0.32            51.47         42.65         57.29          0.48        0.45        0.50         27.24          20.69          32.56           24.23         21.96         24.74          
0.83  -1.179 0.363  0.148  0.48           0.42           0.50            34.34         21.85         38.38          0.70        0.66        0.71         22.66          13.77          25.83           11.68         8.08          12.55          
0.87  -1.174 0.366  0.143  0.18           0.22           0.23            20.49         40.14         42.68          0.42        0.44        0.44         8.50           18.63          20.24           11.99         21.50         22.44          
0.90  -1.155 0.362  0.134  0.57           0.62           0.63            -11.33        26.27         28.05          0.81        0.85        0.86         -7.88          18.81          20.19           -3.46         7.46          7.86           
0.93  -1.139 0.349  0.123  0.60           0.57           0.68            -37.99        34.28         46.03          0.81        0.79        0.87         -27.06         24.03          34.14           -10.93        10.25         11.89          
0.97  -1.133 0.345  0.121  0.24           0.22           0.25            -31.84        18.80         35.30          0.48        0.46        0.48         -15.75         8.79           17.82           -16.09        10.01         17.48          
1.00  -1.109 0.337  0.107  0.75           0.83           0.86            -18.82        30.80         34.47          0.99        1.05        1.08         -14.16         23.81          26.94           -4.66         6.99          7.53           
1.03  -1.099 0.322  0.090  0.53           0.57           0.72            -57.20        59.79         66.64          0.70        0.73        0.85         -39.65         42.54          51.03           -17.55        17.26         15.60          
1.07  -1.080 0.314  0.079  0.62           0.67           0.71            -22.15        31.09         36.04          0.86        0.90        0.93         -15.84         22.80          26.89           -6.31         8.29          9.15           
1.10  -1.056 0.300  0.058  0.85           0.96           1.05            -30.43        39.88         45.60          1.07        1.16        1.24         -23.65         31.92          37.29           -6.78         7.96          8.31           
1.13  -1.031 0.285  0.039  0.86           0.93           1.04            -31.05        37.61         44.35          1.09        1.14        1.23         -24.23         29.93          36.16           -6.82         7.67          8.19           
1.17  -1.015 0.275  0.019  0.57           0.77           0.83            -33.34        52.26         55.41          0.79        0.95        1.00         -23.30         40.23          43.51           -10.04        12.03         11.90          
1.20  -0.999 0.269  -0.008 0.52           0.94           0.96            -21.24        58.91         59.59          0.76        1.09        1.11         -14.38         47.58          48.35           -6.85         11.33         11.24          
1.23  -0.975 0.267  -0.038 0.72           1.16           1.16            -3.51         51.37         51.40          0.97        1.33        1.33         -2.61          42.91          42.94           -0.90         8.46          8.46           
1.27  -0.963 0.271  -0.063 0.39           0.85           0.85            16.91         64.15         64.39          0.63        0.98        0.99         10.27          50.88          51.18           6.64          13.27         13.21          
1.30  -0.951 0.287  -0.093 0.58           0.94           1.05            54.12         68.74         71.08          0.76        1.06        1.16         38.59          56.02          59.31           15.53         12.72         11.78          
1.33  -0.940 0.300  -0.115 0.53           0.75           0.85            50.60         63.20         66.72          0.72        0.89        0.98         34.97          48.68          53.17           15.63         14.52         13.55          
1.37  -0.924 0.317  -0.129 0.69           0.64           0.81            47.46         43.11         55.16          0.88        0.84        0.98         35.32          31.33          43.05           12.14         11.79         12.11          
1.40  -0.914 0.328  -0.148 0.45           0.64           0.71            43.84         59.13         62.59          0.66        0.80        0.86         28.58          43.50          47.57           15.26         15.63         15.02          
1.43  -0.897 0.343  -0.155 0.69           0.56           0.73            42.30         23.93         45.35          0.89        0.79        0.92         31.44          16.60          34.22           10.86         7.33          11.13          
1.47  -0.875 0.366  -0.163 0.93           0.68           0.96            47.27         20.76         48.92          1.12        0.91        1.14         37.81          15.20          39.43           9.46          5.56          9.49           
1.50  -0.859 0.366  -0.172 0.49           0.56           0.56            -0.48         29.58         29.58          0.74        0.79        0.79         -0.32          20.61          20.62           -0.16         8.97          8.97           
1.53  -0.833 0.376  -0.174 0.83           0.77           0.83            21.06         3.10          21.25          1.06        1.02        1.06         16.22          2.34           16.37           4.85          0.76          4.88           
1.57  -0.805 0.375  -0.166 0.84           0.87           0.87            -2.55         -16.62        16.80          1.09        1.11        1.11         -1.97          -12.94         13.08           -0.59         -3.68         3.72           
1.60  -0.793 0.356  -0.153 0.66           0.51           0.76            -56.79        -45.12        61.32          0.83        0.71        0.90         -42.13         -30.74         47.27           -14.66        -14.38        14.05          
1.63  -0.779 0.343  -0.136 0.57           0.67           0.77            -42.96        -51.04        57.14          0.78        0.85        0.93         -30.27         -37.78         44.13           -12.69        -13.26        13.01          
1.67  -0.768 0.328  -0.120 0.56           0.60           0.74            -51.56        -54.59        62.10          0.74        0.77        0.89         -36.27         -39.32         47.72           -15.30        -15.27        14.38          
1.70  -0.747 0.314  -0.098 0.77           0.92           1.01            -33.69        -46.10        50.99          0.98        1.11        1.19         -25.59         -36.75         41.58           -8.09         -9.35         9.42           
1.73  -0.728 0.305  -0.079 0.62           0.78           0.83            -27.36        -45.37        48.68          0.85        0.97        1.01         -19.58         -34.85         38.02           -7.78         -10.53        10.66          
1.77  -0.711 0.296  -0.054 0.57           0.91           0.94            -26.76        -55.82        57.28          0.80        1.07        1.10         -18.69         -44.65         46.24           -8.07         -11.17        11.04          
1.80  -0.697 0.290  -0.036 0.47           0.70           0.72            -22.57        -51.92        53.31          0.70        0.87        0.89         -14.72         -38.90         40.31           -7.85         -13.02        13.00          
1.83  -0.675 0.279  -0.015 0.75           0.91           0.97            -26.85        -42.24        46.11          0.98        1.11        1.16         -20.25         -33.49         37.15           -6.60         -8.75         8.97           
1.87  -0.654 0.266  0.001  0.71           0.78           0.87            -31.86        -39.97        46.21          0.93        0.99        1.06         -23.70         -30.62         36.39           -8.16         -9.34         9.83           
1.90  -0.622 0.260  0.017  0.98           1.08           1.10            -10.78        -26.66        28.23          1.23        1.31        1.32         -8.60          -21.74         23.09           -2.18         -4.92         5.14           
1.93  -0.603 0.262  0.024  0.59           0.62           0.62            3.74          -18.56        18.89          0.84        0.86        0.86         2.63           -13.27         13.51           1.11          -5.30         5.38           
1.97  -0.576 0.258  0.046  0.82           1.05           1.06            -7.74         -39.23        39.61          1.07        1.25        1.26         -5.94          -31.99         32.34           -1.81         -7.24         7.28           
2.00  -0.537 0.248  0.070  1.20           1.37           1.40            -14.61        -31.78        33.90          1.44        1.59        1.61         -12.11         -27.01         28.95           -2.50         -4.76         4.96           
2.03  -0.510 0.248  0.090  0.82           1.00           1.00            0.33          -35.56        35.56          1.07        1.22        1.22         0.26           -28.69         28.69           0.08          -6.87         6.87           
2.07  -0.483 0.264  0.102  0.94           0.89           1.01            30.36         -24.90        36.78          1.16        1.13        1.22         24.11          -19.54         29.73           6.24          -5.37         7.04           
2.10  -0.466 0.283  0.107  0.76           0.50           0.77            50.52         -16.12        51.29          0.94        0.75        0.95         38.68          -10.79         39.45           11.84         -5.33         11.84          
2.13  -0.435 0.291  0.098  0.98           1.00           1.02            13.53         16.27         20.72          1.23        1.24        1.26         10.80          13.02          16.69           2.73          3.25          4.03           
2.17  -0.411 0.301  0.085  0.78           0.82           0.87            23.03         28.56         34.63          1.01        1.04        1.09         17.49          21.98          27.12           5.54          6.58          7.52           
2.20  -0.399 0.322  0.060  0.72           0.80           1.02            61.34         64.74         70.35          0.86        0.94        1.13         46.64          50.81          58.32           14.70         13.93         12.02          
2.23  -0.396 0.337  0.036  0.46           0.73           0.85            79.49         83.42         84.40          0.56        0.80        0.91         53.41          65.21          68.59           26.08         18.20         15.81          
2.27  -0.398 0.350  0.012  0.40           0.73           0.83            97.83         94.32         93.79          0.44        0.75        0.85         63.83          74.88          76.68           34.00         19.44         17.11          
2.30  -0.405 0.362  -0.016 0.41           0.87           0.94            118.74        103.06        102.06         0.36        0.85        0.93         81.69          86.46          86.74           37.05         16.60         15.32          
2.33  -0.427 0.380  -0.036 0.85           0.90           1.04            142.38        138.35        130.36         0.67        0.73        0.90         129.19         125.24         118.10          13.19         13.11         12.25          
2.37  -0.442 0.386  -0.064 0.48           0.95           0.97            158.25        117.90        117.39         0.27        0.87        0.88         137.79         103.11         102.84          20.46         14.79         14.55          
2.40  -0.453 0.384  -0.090 0.33           0.85           0.85            -172.95       112.60        112.58         0.09        0.79        0.79         -151.96        95.52          95.51           -20.99        17.08         17.06          
2.43  -0.466 0.405  -0.099 0.73           0.47           0.78            122.63        147.27        120.63         0.64        0.29        0.68         103.27         119.81         102.30          19.36         27.46         18.33          
2.47  -0.469 0.413  -0.118 0.27           0.59           0.64            108.87        98.62         97.89          0.30        0.60        0.65         57.80          74.39          75.68           51.08         24.23         22.22          
2.50  -0.477 0.420  -0.141 0.30           0.72           0.75            137.18        107.76        107.07         0.21        0.69        0.72         81.95          87.60          87.70           55.23         20.17         19.38          
2.53  -0.475 0.420  -0.161 0.05           0.60           0.60            -23.52        85.99         85.99          0.29        0.67        0.67         -3.60          64.10          64.11           -19.93        21.89         21.88          
2.57  -0.480 0.415  -0.191 0.20           0.89           0.90            -135.42       99.10         98.99          0.18        0.89        0.90         -51.92         82.95          83.03           -83.50        16.15         15.96          
2.60  -0.476 0.407  -0.211 0.26           0.62           0.66            -63.97        79.31         80.02          0.43        0.71        0.75         -32.75         59.00          60.73           -31.22        20.31         19.29          
2.63  -0.462 0.396  -0.238 0.52           0.90           0.96            -38.23        63.00         64.69          0.73        1.04        1.09         -26.06         50.62          52.71           -12.16        12.37         11.98          
2.67  -0.452 0.388  -0.264 0.39           0.85           0.88            -38.83        68.94         69.81          0.61        0.97        1.00         -23.86         54.98          56.21           -14.97        13.96         13.60          
2.70  -0.436 0.377  -0.283 0.58           0.75           0.82            -34.81        50.89         54.71          0.80        0.93        0.99         -24.48         38.85          42.78           -10.33        12.04         11.94          
2.73  -0.421 0.364  -0.302 0.62           0.74           0.84            -40.14        50.31         55.79          0.83        0.92        1.01         -28.91         38.27          43.92           -11.24        12.04         11.87          
2.77  -0.411 0.354  -0.304 0.43           0.30           0.43            -45.66        7.32          45.88          0.63        0.55        0.63         -29.16         4.01           29.35           -16.50        3.31          16.54          
2.80  -0.396 0.332  -0.293 0.80           0.54           0.86            -56.01        -34.67        58.58          0.96        0.76        1.01         -43.57         -23.92         46.39           -12.44        -10.75        12.19          
2.83  -0.390 0.315  -0.285 0.53           0.30           0.59            -69.90        -52.96        71.77          0.66        0.50        0.71         -49.14         -29.28         52.11           -20.76        -23.68        19.67          
2.87  -0.397 0.309  -0.269 0.27           0.54           0.57            -140.71       -112.77       111.65         0.18        0.50        0.53         -76.67         -85.35         85.60           -64.03        -27.42        26.05          
2.90  -0.401 0.301  -0.245 0.28           0.72           0.76            -119.51       -101.01       100.43         0.27        0.71        0.75         -64.95         -80.87         81.36           -54.56        -20.14        19.07          
2.93  -0.410 0.293  -0.230 0.36           0.54           0.58            -140.50       -121.05       118.34         0.23        0.46        0.52         -96.90         -93.43         93.08           -43.61        -27.62        25.26          
2.97  -0.410 0.276  -0.200 0.53           0.89           1.04            -89.73        -89.84        89.86          0.59        0.93        1.07         -64.57         -74.23         76.36           -25.16        -15.61        13.51          
3.00  -0.406 0.266  -0.178 0.31           0.67           0.72            -67.11        -79.68        80.51          0.46        0.75        0.80         -37.40         -60.57         62.62           -29.71        -19.11        17.89          
3.03  -0.405 0.255  -0.172 0.33           0.19           0.38            -84.81        -81.13        85.51          0.43        0.34        0.47         -49.56         -34.34         53.63           -35.24        -46.78        31.88          
3.07  -0.407 0.257  -0.172 0.07           0.06           0.07            150.01        175.41        149.77         0.20        0.19        0.20         9.71           1.36           9.80            140.30        174.05        139.97         
3.10  -0.384 0.233  -0.157 1.00           0.83           1.10            -45.79        -33.31        50.66          1.19        1.05        1.27         -37.10         -25.80         41.92           -8.69         -7.51         8.75           
3.13  -0.381 0.221  -0.140 0.37           0.51           0.62            -76.70        -80.28        82.10          0.49        0.60        0.70         -47.14         -56.08         61.43           -29.55        -24.20        20.67          
3.17  -0.368 0.211  -0.136 0.47           0.41           0.49            -35.31        -18.70        38.13          0.69        0.65        0.70         -23.26         -11.61         25.47           -12.05        -7.09         12.66          
3.20  -0.350 0.192  -0.133 0.81           0.56           0.81            -46.75        -7.55         46.97          0.99        0.81        1.00         -36.19         -5.21          36.40           -10.56        -2.34         10.57          
3.23  -0.331 0.168  -0.140 0.93           0.62           0.96            -51.46        19.19         52.49          1.11        0.86        1.13         -41.29         13.68          42.34           -10.17        5.51          10.15          
3.27  -0.307 0.156  -0.138 0.79           0.70           0.79            -27.18        -4.15         27.41          1.01        0.95        1.02         -20.71         -3.06          20.90           -6.46         -1.09         6.51           
3.30  -0.281 0.141  -0.148 0.91           0.84           0.95            -29.02        18.95         33.12          1.13        1.08        1.17         -22.88         14.64          26.39           -6.14         4.32          6.73           
3.33  -0.261 0.151  -0.165 0.68           0.80           0.86            27.05         40.60         44.93          0.91        1.00        1.05         19.88          31.27          35.25           7.16          9.34          9.68           
3.37  -0.246 0.151  -0.188 0.44           0.81           0.81            -2.38         56.90         56.91          0.69        0.97        0.97         -1.52          44.47          44.48           -0.86         12.43         12.43          
3.40  -0.229 0.152  -0.202 0.51           0.68           0.68            4.89          41.20         41.34          0.76        0.88        0.88         3.29           30.46          30.58           1.60          10.75         10.76          
3.43  -0.220 0.165  -0.223 0.46           0.65           0.76            56.20         66.96         70.26          0.63        0.79        0.87         37.08          49.95          54.65           19.12         17.01         15.61          
3.47  -0.215 0.178  -0.243 0.43           0.63           0.75            69.48         76.00         78.28          0.57        0.73        0.84         45.31          56.61          61.26           24.18         19.39         17.02          
3.50  -0.200 0.188  -0.259 0.53           0.66           0.71            32.40         46.77         51.09          0.75        0.85        0.89         22.18          34.34          38.50           10.23         12.43         12.59          
3.53  -0.186 0.185  -0.276 0.44           0.68           0.68            -10.04        50.08         50.39          0.69        0.86        0.86         -6.41          37.17          37.47           -3.63         12.92         12.92          
3.57  -0.174 0.193  -0.289 0.42           0.52           0.57            35.51         49.38         53.81          0.64        0.71        0.75         22.30          33.83          38.15           13.21         15.55         15.65          
3.60  -0.175 0.219  -0.299 0.76           0.28           0.81            90.99         92.65         90.92          0.79        0.37        0.84         72.58          49.84          73.61           18.40         42.80         17.31          
3.63  -0.165 0.222  -0.296 0.31           0.30           0.32            21.16         -14.68        25.05          0.55        0.54        0.55         11.69          -7.97          14.03           9.47          -6.70         11.02          
3.67  -0.178 0.259  -0.294 1.18           0.38           1.18            108.61        -172.72       108.59         1.12        0.13        1.12         96.40          -159.05        96.40           12.20         -13.68        12.19          
3.70  -0.189 0.278  -0.295 0.65           0.33           0.65            119.88        178.00        119.88         0.57        0.08        0.57         97.59          171.45         97.59           22.29         6.55          22.29          
3.73  -0.211 0.289  -0.292 0.73           0.66           0.73            154.94        -173.11       154.22         0.51        0.42        0.52         143.00         -168.98        142.10          11.94         -4.13         12.12          
3.77  -0.229 0.306  -0.284 0.76           0.60           0.79            137.02        -156.44       134.19         0.60        0.39        0.65         120.48         -141.50        118.06          16.55         -14.94        16.13          
3.80  -0.249 0.318  -0.282 0.69           0.59           0.70            148.18        -172.81       147.66         0.50        0.35        0.50         132.80         -167.62        132.22          15.38         -5.19         15.44          
3.83  -0.273 0.328  -0.286 0.79           0.74           0.80            157.52        170.08        155.81         0.57        0.50        0.58         147.79         165.09         145.63          9.73          4.99          10.18          
3.87  -0.301 0.343  -0.288 0.96           0.85           0.96            151.68        176.51        151.52         0.75        0.60        0.75         142.60         175.06         142.43          9.07          1.45          9.10           
3.90  -0.327 0.358  -0.278 0.89           0.83           0.94            150.64        -159.38       145.91         0.68        0.60        0.74         140.31         -150.97        135.05          10.33         -8.41         10.86          
3.93  -0.346 0.367  -0.271 0.64           0.62           0.67            155.13        -160.78       149.88         0.43        0.39        0.47         140.94         -148.60        134.56          14.19         -12.17        15.32          
3.97  -0.376 0.384  -0.264 1.03           0.91           1.05            150.17        -166.55       148.15         0.82        0.67        0.85         141.42         -161.60        139.17          8.75          -4.95         8.98           
4.00  -0.396 0.390  -0.250 0.62           0.72           0.75            161.09        -144.52       141.67         0.39        0.54        0.57         149.20         -128.88        126.00          11.89         -15.65        15.66          
4.03  -0.422 0.398  -0.242 0.83           0.84           0.86            164.98        -163.74       158.38         0.59        0.60        0.64         158.73         -157.06        150.10          6.25          -6.68         8.28           
4.07  -0.450 0.400  -0.232 0.84           0.89           0.89            174.58        -159.49       158.89         0.59        0.66        0.66         172.28         -151.85        151.11          2.30          -7.63         7.79           
4.10  -0.473 0.405  -0.218 0.70           0.81           0.82            169.11        -148.89       147.65         0.46        0.61        0.62         163.21         -136.59        135.20          5.90          -12.30        12.45          
4.13  -0.494 0.409  -0.199 0.64           0.85           0.86            168.31        -137.20       136.50         0.40        0.69        0.70         160.97         -122.93        122.30          7.34          -14.26        14.20          
4.17  -0.521 0.410  -0.186 0.82           0.91           0.91            178.91        -154.63       154.61         0.57        0.69        0.69         178.44         -145.72        145.70          0.48          -8.91         8.92           
4.20  -0.543 0.403  -0.162 0.67           0.95           0.97            -163.43       -132.45       131.43         0.44        0.81        0.83         -154.05        -119.22        118.36          -9.38         -13.23        13.07          
4.23  -0.565 0.401  -0.147 0.67           0.81           0.81            -175.61       -146.55       146.37         0.43        0.61        0.62         -173.04        -133.57        133.37          -2.57         -12.98        13.00          
4.27  -0.587 0.383  -0.122 0.87           1.02           1.17            -139.52       -130.36       124.52         0.70        0.88        1.04         -126.07        -117.85        113.15          -13.45        -12.51        11.37          
4.30  -0.613 0.373  -0.101 0.83           1.00           1.04            -159.27       -140.94       138.15         0.60        0.82        0.87         -150.81        -129.85        127.11          -8.46         -11.09        11.05          
4.33  -0.631 0.355  -0.081 0.77           0.81           0.97            -135.34       -132.96       124.42         0.62        0.66        0.86         -118.86        -116.89        110.46          -16.48        -16.07        13.96          
4.37  -0.658 0.346  -0.063 0.84           0.96           1.00            -160.86       -145.12       142.09         0.60        0.77        0.82         -153.07        -134.43        131.26          -7.79         -10.69        10.83          
4.40  -0.677 0.336  -0.041 0.65           0.87           0.92            -153.66       -131.98       129.42         0.44        0.73        0.78         -139.10        -117.22        115.17          -14.56        -14.76        14.25          
4.43  -0.687 0.326  -0.015 0.44           0.84           0.90            -134.68       -111.49       110.09         0.32        0.78        0.84         -100.57        -94.25         93.95           -34.11        -17.24        16.14          
4.47  -0.697 0.309  -0.000 0.57           0.51           0.71            -118.55       -121.76       112.23         0.50        0.44        0.66         -92.35         -92.67         91.76           -26.20        -29.09        20.46          
4.50  -0.710 0.306  0.027  0.43           0.92           0.93            -165.67       -116.74       116.55         0.20        0.84        0.85         -147.23        -101.31        101.22          -18.44        -15.43        15.33          
4.53  -0.709 0.284  0.046  0.66           0.57           0.87            -87.50        -87.11        88.11          0.71        0.63        0.91         -67.02         -63.86         72.21           -20.48        -23.25        15.90          
4.57  -0.714 0.271  0.064  0.40           0.55           0.67            -112.39       -106.17       103.34         0.39        0.54        0.65         -75.49         -79.67         81.52           -36.90        -26.51        21.82          
4.60  -0.707 0.260  0.079  0.40           0.52           0.62            -55.59        -63.98        68.32          0.58        0.67        0.75         -34.86         -44.35         50.21           -20.73        -19.63        18.12          
4.63  -0.691 0.247  0.088  0.61           0.55           0.67            -38.78        -29.22        44.39          0.82        0.78        0.87         -27.83         -20.18         32.75           -10.95        -9.04         11.64          
4.67  -0.671 0.230  0.082  0.80           0.63           0.82            -41.01        16.28         42.53          1.01        0.87        1.02         -31.63         11.68          33.01           -9.39         4.60          9.52           
4.70  -0.644 0.216  0.097  0.90           0.92           1.01            -27.38        -29.05        37.21          1.13        1.14        1.21         -21.53         -22.94         30.06           -5.84         -6.11         7.16           
4.73  -0.610 0.208  0.075  1.04           1.20           1.22            -13.40        32.79         34.49          1.28        1.42        1.44         -10.81         27.31          28.83           -2.59         5.48          5.65           
4.77  -0.596 0.205  0.057  0.44           0.70           0.70            -9.65         51.69         51.94          0.69        0.88        0.88         -6.15          38.75          39.00           -3.49         12.94         12.94          
4.80  -0.578 0.202  0.033  0.54           0.89           0.89            -11.20        53.32         53.62          0.79        1.06        1.06         -7.66          42.38          42.69           -3.54         10.94         10.93          
4.83  -0.564 0.203  0.009  0.43           0.85           0.85            5.24          59.66         59.69          0.68        1.00        1.00         3.32           47.21          47.26           1.92          12.44         12.44          
4.87  -0.557 0.217  -0.009 0.45           0.56           0.69            62.87         68.78         72.80          0.60        0.70        0.80         41.29          49.21          55.48           21.58         19.57         17.32          
4.90  -0.545 0.229  -0.029 0.52           0.72           0.81            44.62         58.86         62.57          0.72        0.88        0.95         30.55          44.71          49.06           14.07         14.15         13.52          
4.93  -0.539 0.232  -0.046 0.19           0.54           0.55            27.44         71.40         71.66          0.43        0.66        0.67         11.98          50.51          50.93           15.47         20.89         20.73          
4.97  -0.526 0.234  -0.066 0.40           0.71           0.71            9.27          55.78         55.94          0.65        0.87        0.88         5.73           42.11          42.28           3.54          13.67         13.66          
5.00  -0.515 0.237  -0.081 0.32           0.55           0.55            14.14         55.35         55.75          0.57        0.72        0.73         7.97           38.79          39.21           6.18          16.56         16.54          
5.03  -0.508 0.234  -0.083 0.22           0.22           0.23            -17.50        17.06         23.75          0.46        0.46        0.47         -8.14          7.92           11.28           -9.37         9.14          12.47          
5.07  -0.504 0.245  -0.099 0.33           0.48           0.57            69.18         75.97         78.21          0.48        0.60        0.67         39.99          51.93          56.79           29.19         24.05         21.42          
5.10  -0.513 0.255  -0.113 0.40           0.51           0.59            131.60        121.21        116.58         0.30        0.44        0.53         92.77          91.89          91.56           38.83         29.32         25.02          
5.13  -0.516 0.272  -0.119 0.53           0.20           0.56            98.28         112.37        97.82          0.55        0.25        0.58         71.78          47.08          72.76           26.50         65.29         25.05          
5.17  -0.513 0.276  -0.133 0.14           0.43           0.44            57.82         80.15         80.50          0.34        0.53        0.54         19.77          52.50          53.51           38.05         27.65         26.99          
5.20  -0.524 0.293  -0.132 0.61           0.33           0.61            122.96        -173.47       122.88         0.52        0.09        0.52         99.02          -154.94        99.00           23.93         -18.52        23.88          
5.23  -0.533 0.311  -0.138 0.60           0.29           0.63            113.77        146.20        112.90         0.55        0.16        0.58         89.32          87.70          89.35           24.44         58.50         23.55          
5.27  -0.529 0.324  -0.139 0.38           0.10           0.38            75.33         19.54         75.39          0.51        0.35        0.51         46.89          5.67           47.01           28.44         13.87         28.38          
5.30  -0.530 0.340  -0.144 0.47           0.15           0.50            93.86         102.51        93.69          0.52        0.26        0.54         65.27          33.40          66.22           28.58         69.11         27.47          
5.33  -0.538 0.342  -0.135 0.24           0.34           0.35            160.10        -131.48       130.10         0.09        0.25        0.27         72.40          -84.20         84.48           87.70         -47.28        45.62          
5.37  -0.545 0.341  -0.135 0.22           0.21           0.22            -168.95       179.89        168.95         0.06        0.04        0.06         -47.06         0.63           47.06           -121.89       179.26        121.89         
5.40  -0.547 0.341  -0.139 0.07           0.12           0.12            174.53        123.95        123.90         0.18        0.21        0.21         2.11           29.77          29.82           172.41        94.19         94.08          
5.43  -0.546 0.335  -0.142 0.20           0.11           0.22            -81.34        73.96         82.33          0.34        0.30        0.36         -34.75         20.19          38.14           -46.58        53.77         44.19          
5.47  -0.541 0.330  -0.145 0.22           0.20           0.24            -40.99        31.89         46.90          0.44        0.43        0.45         -19.20         14.00          23.18           -21.79        17.89         23.72          
5.50  -0.530 0.326  -0.149 0.33           0.33           0.35            -18.10        17.23         24.26          0.57        0.57        0.58         -10.34         9.82           14.12           -7.77         7.41          10.14          
5.53  -0.519 0.321  -0.158 0.37           0.43           0.46            -27.31        39.80         44.43          0.60        0.64        0.66         -16.35         25.33          29.12           -10.96        14.47         15.31          
5.57  -0.504 0.308  -0.155 0.60           0.47           0.61            -40.68        -11.93        41.51          0.81        0.71        0.81         -29.03         -7.77          29.75           -11.65        -4.16         11.77          
5.60  -0.488 0.303  -0.153 0.49           0.47           0.49            -14.95        -5.17         15.74          0.73        0.72        0.73         -9.90          -3.39          10.45           -5.04         -1.78         5.30           
5.63  -0.472 0.299  -0.144 0.51           0.56           0.57            -15.63        -29.11        31.93          0.75        0.79        0.80         -10.48         -20.20         22.38           -5.16         -8.91         9.55           
5.67  -0.466 0.307  -0.142 0.30           0.20           0.31            51.89         -22.54        53.28          0.50        0.44        0.50         28.58          -10.06         29.80           23.32         -12.49        23.48          
5.70  -0.457 0.312  -0.139 0.31           0.28           0.32            32.16         -15.30        34.44          0.54        0.52        0.55         17.95          -8.02          19.46           14.21         -7.27         14.98          
5.73  -0.448 0.327  -0.147 0.52           0.36           0.58            59.21         42.25         62.34          0.68        0.57        0.73         40.92          25.14          44.59           18.29         17.11         17.75          
5.77  -0.435 0.337  -0.152 0.49           0.42           0.51            36.76         20.16         39.78          0.70        0.66        0.72         24.48          12.61          26.90           12.28         7.55          12.88          
5.80  -0.433 0.355  -0.158 0.56           0.20           0.59            82.76         69.85         83.15          0.64        0.37        0.67         59.90          30.86          61.28           22.86         38.99         21.87          
5.83  -0.442 0.377  -0.160 0.69           0.29           0.70            114.02        169.87        113.96         0.64        0.06        0.64         92.96          123.05         92.96           21.06         46.82         21.00          
5.87  -0.443 0.392  -0.154 0.47           0.18           0.50            93.20         -98.48        92.99          0.52        0.28        0.55         64.58          -38.22         66.00           28.62         -60.26        26.99          
5.90  -0.449 0.416  -0.147 0.73           0.27           0.75            104.54        -131.88       103.99         0.71        0.21        0.73         84.48          -71.52         84.69           20.07         -60.36        19.30          
5.93  -0.455 0.419  -0.137 0.20           0.35           0.36            153.92        -121.16       120.11         0.11        0.31        0.32         52.04          -76.99         77.51           101.88        -44.17        42.60          
5.97  -0.465 0.440  -0.132 0.70           0.34           0.72            115.21        -150.09       114.43         0.63        0.18        0.66         94.32          -105.60        94.17           20.88         -44.49        20.26          
6.00  -0.480 0.450  -0.128 0.55           0.47           0.56            144.98        -164.95       143.11         0.37        0.23        0.39         122.39         -148.84        120.64          22.58         -16.11        22.47          
6.03  -0.491 0.455  -0.117 0.35           0.46           0.49            154.62        -133.62       130.97         0.17        0.34        0.38         114.90         -101.85        100.83          39.72         -31.77        30.14          
6.07  -0.503 0.454  -0.099 0.37           0.64           0.65            -175.20       -125.41       125.36         0.13        0.54        0.54         -165.76        -103.23        103.21          -9.44         -22.18        22.15          
6.10  -0.518 0.456  -0.087 0.45           0.57           0.57            175.35        -141.99       141.84         0.20        0.40        0.40         169.56         -119.48        119.35          5.78          -22.51        22.49          
6.13  -0.523 0.452  -0.078 0.18           0.32           0.34            -143.05       -116.40       114.94         0.15        0.31        0.33         -45.12         -69.60         70.79           -97.93        -46.81        44.15          
6.17  -0.530 0.451  -0.061 0.23           0.54           0.55            -169.43       -114.75       114.67         0.05        0.50        0.50         -62.65         -87.45         87.46           -106.78       -27.30        27.21          
6.20  -0.531 0.449  -0.051 0.06           0.30           0.30            -98.32        -91.59        91.56          0.25        0.38        0.39         -13.13         -50.96         51.45           -85.19        -40.63        40.11          
6.23  -0.526 0.431  -0.033 0.55           0.56           0.77            -74.39        -74.81        78.98          0.66        0.67        0.86         -53.05         -53.84         62.34           -21.34        -20.97        16.64          
6.27  -0.525 0.410  -0.025 0.65           0.24           0.69            -86.64        -80.82        86.84          0.71        0.37        0.74         -65.94         -39.10         67.23           -20.71        -41.72        19.62          
6.30  -0.524 0.392  -0.004 0.53           0.63           0.82            -89.05        -89.19        89.38          0.59        0.68        0.86         -64.13         -67.60         72.57           -24.92        -21.59        16.82          
6.33  -0.512 0.364  0.013  0.90           0.64           1.04            -66.63        -55.91        69.99          1.02        0.80        1.15         -53.70         -40.98         58.23           -12.94        -14.92        11.76          
6.37  -0.507 0.351  0.005  0.42           0.28           0.48            -68.62        56.61         71.39          0.56        0.46        0.60         -43.97         29.81          48.29           -24.65        26.80         23.11          
6.40  -0.491 0.334  0.002  0.70           0.49           0.71            -46.99        13.52         47.69          0.89        0.74        0.90         -35.18         8.98           35.85           -11.81        4.53          11.84          
6.43  -0.482 0.317  -0.006 0.58           0.35           0.62            -61.68        37.93         63.58          0.74        0.57        0.77         -44.31         22.29          46.63           -17.37        15.64         16.95          
6.47  -0.475 0.300  -0.020 0.57           0.48           0.71            -66.88        62.42         71.71          0.70        0.64        0.82         -47.76         42.00          54.89           -19.12        20.42         16.81          
6.50  -0.461 0.275  -0.042 0.84           0.80           1.08            -60.19        58.26         67.20          0.99        0.95        1.20         -47.57         45.38          56.15           -12.62        12.88         11.05          
6.53  -0.458 0.270  -0.067 0.19           0.75           0.77            -62.57        83.27         83.44          0.38        0.82        0.84         -26.69         65.67          66.21           -35.87        17.60         17.23          
6.57  -0.454 0.257  -0.093 0.38           0.77           0.85            -72.46        81.39         82.23          0.51        0.84        0.92         -44.86         64.30          66.54           -27.60        17.09         15.69          
6.60  -0.455 0.257  -0.120 0.03           0.81           0.81            -157.37       92.12         92.12          0.22        0.84        0.84         -3.25          74.76          74.77           -154.13       17.36         17.36          
6.63  -0.453 0.256  -0.144 0.06           0.73           0.73            -27.79        85.91         85.92          0.30        0.79        0.79         -5.20          67.51          67.53           -22.59        18.40         18.39          
6.67  -0.449 0.257  -0.165 0.12           0.64           0.64            16.52         79.85         79.87          0.36        0.72        0.72         5.24           59.95          59.98           11.28         19.90         19.88          
6.70  -0.441 0.246  -0.179 0.41           0.51           0.60            -51.67        60.07         65.04          0.60        0.67        0.74         -32.53         41.22          47.30           -19.14        18.85         17.75          
6.73  -0.444 0.256  -0.197 0.29           0.54           0.61            111.11        101.23        100.01         0.31        0.55        0.62         62.33          74.91          76.52           48.79         26.32         23.50          
6.77  -0.434 0.259  -0.199 0.31           0.31           0.32            16.00         12.26         19.78          0.56        0.56        0.56         8.92           6.78           11.14           7.07          5.47          8.64           
6.80  -0.427 0.262  -0.204 0.24           0.26           0.28            24.84         33.10         38.64          0.48        0.49        0.50         12.18          16.91          20.44           12.66         16.19         18.20          
6.83  -0.411 0.260  -0.204 0.48           0.47           0.48            -7.98         0.45          7.99           0.73        0.72        0.73         -5.24          0.29           5.25            -2.74         0.15          2.74           
6.87  -0.384 0.244  -0.202 0.93           0.81           0.93            -29.87        -5.71         30.24          1.15        1.06        1.15         -23.65         -4.37          23.97           -6.21         -1.35         6.27           
6.90  -0.378 0.248  -0.201 0.23           0.20           0.23            30.22         -7.54         30.85          0.46        0.45        0.46         14.35          -3.33          14.70           15.87         -4.21         16.15          
6.93  -0.372 0.254  -0.200 0.26           0.18           0.26            46.65         -7.79         46.89          0.47        0.43        0.47         23.71          -3.25          23.89           22.94         -4.55         23.00          
6.97  -0.372 0.262  -0.194 0.22           0.16           0.27            89.00         -88.69        89.21          0.33        0.30        0.37         40.59          -33.00         47.07           48.41         -55.69        42.13          
7.00  -0.374 0.269  -0.188 0.22           0.19           0.29            103.55        -105.91       100.43         0.29        0.27        0.35         47.60          -42.79         55.11           55.95         -63.12        45.32          
7.03  -0.385 0.275  -0.187 0.39           0.35           0.40            152.07        -173.99       151.61         0.21        0.11        0.21         118.08         -159.59        117.62          33.99         -14.40        33.99          
7.07  -0.391 0.285  -0.185 0.35           0.17           0.35            118.43        -162.25       118.08         0.32        0.10        0.32         74.54          -32.08         74.76           43.89         -130.17       43.32          
7.10  -0.410 0.290  -0.184 0.59           0.57           0.59            165.76        -177.07       165.48         0.35        0.32        0.35         155.73         -174.80        155.29          10.03         -2.27         10.19          
7.13  -0.426 0.296  -0.183 0.51           0.48           0.51            158.34        -173.53       157.56         0.29        0.23        0.30         139.98         -166.51        138.87          18.37         -7.02         18.70          
7.17  -0.440 0.296  -0.180 0.44           0.45           0.45            -178.26       -169.92       169.78         0.20        0.21        0.21         -176.03        -157.90        157.61          -2.23         -12.02        12.17          
7.20  -0.448 0.293  -0.177 0.25           0.24           0.26            -156.56       -157.72       149.18         0.10        0.10        0.14         -76.47         -75.71         80.08           -80.09        -82.02        69.11          
7.23  -0.453 0.289  -0.182 0.18           0.21           0.24            -142.81       132.44        126.92         0.15        0.19        0.22         -45.91         56.10          61.09           -96.90        76.34         65.82          
7.27  -0.463 0.299  -0.183 0.43           0.30           0.43            133.90        177.04        133.86         0.32        0.05        0.32         99.16          162.83         99.15           34.74         14.21         34.72          
7.30  -0.466 0.318  -0.184 0.56           0.12           0.56            100.98        157.21        100.95         0.57        0.15        0.57         75.28          17.24          75.32           25.71         139.98        25.63          
7.33  -0.470 0.334  -0.185 0.49           0.10           0.49            101.77        172.56        101.76         0.50        0.15        0.50         72.71          4.99           72.72           29.05         167.57        29.04          
7.37  -0.479 0.344  -0.181 0.41           0.30           0.43            133.57        -161.10       132.13         0.30        0.10        0.32         96.77          -110.02        96.44           36.80         -51.08        35.69          
7.40  -0.484 0.342  -0.171 0.16           0.35           0.35            -162.53       -115.17       114.93         0.11        0.33        0.33         -24.63         -72.12         72.30           -137.90       -43.05        42.64          
7.43  -0.479 0.337  -0.166 0.22           0.22           0.26            -41.62        -39.86        50.64          0.44        0.44        0.46         -19.48         -18.39         25.89           -22.14        -21.47        24.75          
7.47  -0.481 0.344  -0.156 0.22           0.31           0.37            106.66        -102.19       99.94          0.28        0.35        0.41         49.24          -58.11         63.23           57.42         -44.08        36.70          
7.50  -0.478 0.329  -0.139 0.47           0.51           0.69            -81.06        -81.66        83.88          0.57        0.60        0.76         -55.34         -57.21         64.76           -25.72        -24.46        19.12          
7.53  -0.473 0.313  -0.119 0.51           0.64           0.80            -72.43        -76.16        79.00          0.63        0.74        0.88         -50.15         -57.01         62.87           -22.28        -19.15        16.13          
7.57  -0.466 0.308  -0.110 0.27           0.35           0.38            -33.05        -50.32        53.87          0.50        0.55        0.57         -17.12         -29.71         32.96           -15.93        -20.61        20.91          
7.60  -0.452 0.296  -0.094 0.55           0.62           0.72            -41.58        -48.01        54.88          0.76        0.81        0.89         -28.95         -34.70         41.55           -12.63        -13.30        13.33          
7.63  -0.440 0.294  -0.080 0.36           0.56           0.56            -5.60         -49.86        49.95          0.61        0.75        0.75         -3.32          -35.00         35.09           -2.29         -14.86        14.87          
7.67  -0.433 0.307  -0.073 0.44           0.29           0.48            61.43         -44.07        64.28          0.60        0.50        0.63         39.84          -23.74         43.33           21.59         -20.33        20.95          
7.70  -0.412 0.291  -0.063 0.79           0.70           0.85            -37.61        -27.37        42.87          1.00        0.93        1.05         -28.82         -20.29         33.55           -8.79         -7.08         9.32           
7.73  -0.401 0.280  -0.066 0.46           0.34           0.47            -45.48        17.89         46.86          0.66        0.58        0.67         -29.82         10.31          31.02           -15.66        7.58          15.84          
7.77  -0.380 0.266  -0.074 0.79           0.70           0.83            -33.62        20.79         37.44          1.01        0.94        1.04         -25.72         15.37          29.01           -7.91         5.41          8.43           
7.80  -0.368 0.254  -0.085 0.49           0.47           0.59            -44.63        42.04         53.21          0.69        0.68        0.76         -29.98         27.79          38.00           -14.65        14.25         15.20          
7.83  -0.351 0.244  -0.110 0.58           0.89           0.94            -30.40        55.98         57.89          0.81        1.05        1.09         -21.36         44.64          46.72           -9.04         11.34         11.16          
7.87  -0.338 0.237  -0.128 0.46           0.69           0.72            -28.06        54.39         56.21          0.69        0.86        0.89         -18.20         40.74          42.67           -9.86         13.65         13.54          
7.90  -0.331 0.236  -0.140 0.20           0.40           0.40            -11.99        61.03         61.20          0.45        0.57        0.57         -5.31          38.34          38.53           -6.68         22.69         22.67          
7.93  -0.322 0.227  -0.152 0.39           0.46           0.53            -45.09        53.29         59.16          0.59        0.64        0.70         -27.66         35.02          41.19           -17.42        18.26         17.96          
7.97  -0.329 0.244  -0.169 0.57           0.55           0.77            112.14        112.87        106.32         0.53        0.51        0.74         86.29          86.15          87.33           25.86         26.71         19.00          
8.00  -0.318 0.235  -0.172 0.43           0.34           0.44            -39.46        14.47         40.78          0.64        0.59        0.65         -25.08         8.34           26.13           -14.38        6.12          14.66          
8.03  -0.311 0.239  -0.170 0.25           0.23           0.26            24.03         -14.09        27.10          0.49        0.48        0.49         11.99          -6.82          13.70           12.04         -7.27         13.40          
8.07  -0.309 0.250  -0.178 0.36           0.25           0.43            80.71         76.66         82.33          0.47        0.39        0.53         48.83          38.27          54.25           31.88         38.39         28.08          
8.10  -0.299 0.251  -0.179 0.29           0.29           0.29            7.04          2.28          7.40           0.54        0.54        0.54         3.80           1.23           4.00            3.24          1.05          3.40           
8.13  -0.285 0.237  -0.173 0.60           0.46           0.62            -44.35        -20.83        46.37          0.80        0.70        0.82         -31.73         -13.53         33.56           -12.62        -7.30         12.81          
8.17  -0.286 0.238  -0.161 0.02           0.37           0.37            153.63        -93.26        93.26          0.23        0.43        0.43         2.60           -58.17         58.18           151.03        -35.09        35.08          
8.20  -0.275 0.236  -0.146 0.31           0.55           0.55            -7.16         -55.66        55.75          0.56        0.72        0.72         -3.98          -39.04         39.14           -3.18         -16.62        16.61          
8.23  -0.269 0.229  -0.130 0.29           0.51           0.56            -50.86        -68.75        70.66          0.49        0.64        0.68         -27.50         -47.45         50.37           -23.36        -21.30        20.29          
8.27  -0.263 0.222  -0.107 0.28           0.73           0.76            -51.42        -75.87        76.50          0.48        0.82        0.85         -27.46         -58.73         59.92           -23.96        -17.14        16.58          
8.30  -0.264 0.229  -0.081 0.24           0.78           0.81            96.10         -91.85        91.77          0.32        0.81        0.84         46.19          -73.85         74.50           49.91         -18.00        17.26          
8.33  -0.255 0.238  -0.069 0.39           0.45           0.52            44.14         -50.99        57.51          0.60        0.63        0.69         27.20          -33.17         39.74           16.95         -17.82        17.77          
8.37  -0.259 0.249  -0.056 0.34           0.40           0.52            110.57        -107.33       103.49         0.35        0.41        0.52         67.95          -71.39         75.48           42.62         -35.93        28.01          
8.40  -0.258 0.252  -0.037 0.09           0.59           0.59            76.85         -88.04        88.06          0.28        0.64        0.65         17.61          -65.24         65.47           59.25         -22.80        22.59          
8.43  -0.247 0.258  -0.029 0.38           0.42           0.45            26.02         -35.54        40.87          0.61        0.64        0.66         15.72          -22.39         26.52           10.30         -13.15        14.35          
8.47  -0.234 0.256  -0.015 0.38           0.57           0.57            -5.75         -47.87        47.99          0.63        0.76        0.76         -3.48          -33.74         33.85           -2.27         -14.13        14.14          
8.50  -0.229 0.263  -0.011 0.26           0.19           0.28            52.44         -31.75        55.23          0.46        0.42        0.47         26.94          -13.60         29.37           25.50         -18.16        25.86          
8.53  -0.223 0.277  -0.010 0.46           0.18           0.46            67.68         -18.35        67.87          0.60        0.43        0.60         44.97          -7.74          45.23           22.71         -10.60        22.63          
8.57  -0.216 0.299  -0.011 0.66           0.20           0.67            73.61         16.64         73.67          0.77        0.44        0.77         55.53          7.30           55.63           18.08         9.34          18.04          
8.60  -0.215 0.309  -0.022 0.32           0.31           0.44            81.24         81.21         83.77          0.43        0.43        0.53         46.26          46.16          55.87           34.98         35.05         27.90          
8.63  -0.217 0.333  -0.036 0.73           0.43           0.85            94.68         97.87         94.03          0.75        0.47        0.87         75.31          66.10          77.28           19.37         31.77         16.74          
8.67  -0.207 0.335  -0.056 0.31           0.68           0.68            8.70          63.21         63.28          0.56        0.82        0.82         4.81           47.46          47.54           3.89          15.75         15.73          
8.70  -0.213 0.350  -0.075 0.49           0.60           0.75            113.71        109.00        105.16         0.45        0.57        0.73         83.23          84.69          85.81           30.48         24.31         19.35          
8.73  -0.217 0.364  -0.090 0.45           0.45           0.63            104.44        104.28        100.26         0.45        0.46        0.63         72.25          72.44          77.32           32.19         31.85         22.95          
8.77  -0.215 0.353  -0.111 0.33           0.65           0.72            -78.24        84.10         84.71          0.45        0.72        0.78         -45.20         63.78          66.19           -33.03        20.33         18.52          
8.80  -0.208 0.345  -0.131 0.34           0.63           0.68            -51.83        70.46         72.08          0.53        0.75        0.79         -30.11         52.10          54.65           -21.72        18.36         17.43          
8.83  -0.210 0.352  -0.167 0.24           1.09           1.11            106.17        93.51         93.44          0.29        1.10        1.13         51.52          80.45          80.65           54.65         13.07         12.79          
8.87  -0.200 0.320  -0.182 1.00           0.54           1.10            -72.53        56.33         74.12          1.10        0.71        1.19         -60.05         39.33          62.48           -12.49        16.99         11.64          
8.90  -0.191 0.314  -0.191 0.32           0.37           0.42            -37.14        45.16         51.54          0.55        0.57        0.60         -21.07         27.09          32.63           -16.07        18.07         18.91          
8.93  -0.190 0.316  -0.206 0.06           0.45           0.46            60.91         86.30         86.32          0.28        0.53        0.53         10.68          58.35          58.52           50.23         27.95         27.81          
