time  x      y      z      groundspeedxy  groundspeedxz  groundspeedxyz  trackanglexy  trackanglexz  trackanglexyz  airspeedxy  airspeedxz  airspeedxyz  courseanglexy  courseanglexz  courseanglexyz  driftanglexy  driftanglexz  driftanglexyz  
0.00  -1.110 0.172  -0.231 
0.03  -1.114 0.173  -0.241 0.12           0.33           0.33            170.02        110.90        110.86         0.13        0.34        0.34         8.91           66.78          66.83           161.11        44.12         44.03          
0.07  -1.091 0.162  -0.245 0.74           0.67           0.75            -25.77        9.56          27.08          0.97        0.92        0.97         -19.33         6.98           20.38           -6.44         2.58          6.70           
0.10  -1.090 0.147  -0.253 0.45           0.24           0.51            -86.43        83.32         86.85          0.53        0.37        0.58         -58.41         40.91          61.51           -28.02        42.41         25.34          
0.13  -1.069 0.136  -0.266 0.71           0.75           0.82            -27.61        32.77         39.67          0.94        0.97        1.03         -20.54         24.76          30.72           -7.07         8.01          8.95           
0.17  -1.054 0.127  -0.282 0.54           0.67           0.72            -32.15        46.52         50.83          0.76        0.86        0.90         -22.12         34.29          38.45           -10.03        12.22         12.39          
0.20  -1.041 0.114  -0.304 0.54           0.77           0.86            -44.07        59.32         62.78          0.75        0.92        1.00         -30.58         45.81          49.87           -13.50        13.51         12.91          
0.23  -1.017 0.103  -0.324 0.80           0.93           0.99            -23.86        38.66         42.43          1.03        1.14        1.18         -18.23         30.78          34.24           -5.63         7.88          8.19           
0.27  -1.002 0.098  -0.350 0.46           0.89           0.90            -18.61        60.93         61.35          0.70        1.03        1.04         -12.04         48.74          49.22           -6.57         12.20         12.13          
0.30  -0.982 0.090  -0.376 0.65           0.98           1.01            -22.00        52.17         53.46          0.89        1.15        1.18         -15.93         42.29          43.63           -6.07         9.88          9.83           
0.33  -0.966 0.086  -0.404 0.50           0.99           0.99            -13.54        60.44         60.67          0.75        1.13        1.14         -9.04          49.36          49.62           -4.50         11.08         11.05          
0.37  -0.955 0.090  -0.434 0.34           0.95           0.95            16.36         69.81         69.92          0.59        1.06        1.06         9.45           57.03          57.18           6.91          12.78         12.74          
0.40  -0.946 0.104  -0.465 0.51           0.98           1.07            58.68         74.32         75.70          0.67        1.08        1.16         40.23          61.40          63.66           18.45         12.92         12.04          
0.43  -0.945 0.124  -0.490 0.60           0.73           0.94            85.41         86.22         87.08          0.67        0.79        0.99         63.51          67.71          72.43           21.90         18.52         14.65          
0.47  -0.942 0.138  -0.507 0.44           0.53           0.68            77.92         79.93         82.22          0.55        0.62        0.76         51.54          56.61          63.10           26.38         23.32         19.11          
0.50  -0.945 0.167  -0.526 0.86           0.58           1.03            96.88         100.18        95.72          0.87        0.59        1.04         80.23          75.62          81.87           16.65         24.55         13.85          
0.53  -0.936 0.184  -0.543 0.58           0.58           0.77            61.64         61.77         69.16          0.73        0.73        0.89         44.12          44.27          53.98           17.52         17.50         15.19          
0.57  -0.938 0.205  -0.559 0.65           0.49           0.81            96.21         98.31         94.99          0.67        0.52        0.83         74.58          69.70          77.53           21.63         28.60         17.45          
0.60  -0.938 0.228  -0.565 0.68           0.16           0.70            89.22         86.71         89.24          0.73        0.31        0.75         69.16          31.93          69.68           20.06         54.77         19.56          
0.63  -0.942 0.259  -0.579 0.94           0.44           1.03            96.81         104.53        96.19          0.94        0.45        1.04         81.55          72.13          82.32           15.25         32.41         13.87          
0.67  -0.944 0.287  -0.590 0.84           0.35           0.91            93.97         99.52         93.67          0.86        0.40        0.93         77.13          61.07          78.07           16.84         38.45         15.59          
0.70  -0.943 0.305  -0.597 0.52           0.19           0.56            87.58         83.43         87.73          0.59        0.33        0.62         62.44          35.06          63.90           25.14         48.37         23.84          
0.73  -0.940 0.320  -0.598 0.47           0.09           0.47            80.03         17.12         80.04          0.57        0.33        0.57         54.55          4.35           54.59           25.47         12.77         25.45          
0.77  -0.936 0.339  -0.601 0.59           0.17           0.60            77.84         42.08         78.06          0.69        0.39        0.70         57.12          16.74          57.60           20.73         25.34         20.46          
0.80  -0.928 0.354  -0.597 0.51           0.28           0.52            60.62         -26.02        61.50          0.67        0.51        0.68         41.61          -13.72         42.64           19.01         -12.30        18.86          
0.83  -0.916 0.368  -0.588 0.54           0.45           0.61            49.28         -39.27        54.86          0.72        0.66        0.78         34.11          -25.48         39.63           15.17         -13.79        15.23          
0.87  -0.912 0.390  -0.576 0.67           0.38           0.76            78.39         -69.51        79.79          0.76        0.53        0.84         59.50          -43.03         62.70           18.88         -26.48        17.09          
0.90  -0.906 0.395  -0.567 0.23           0.30           0.34            46.68         -57.64        62.26          0.44        0.48        0.51         22.45          -31.60         36.54           24.22         -26.04        25.72          
0.93  -0.901 0.398  -0.546 0.18           0.66           0.67            29.30         -76.37        76.49          0.42        0.76        0.77         12.20          -57.81         58.05           17.10         -18.56        18.44          
0.97  -0.908 0.401  -0.527 0.21           0.61           0.61            159.64        -109.38       109.23         0.09        0.57        0.58         56.97          -85.15         85.19           102.67        -24.23        24.04          
1.00  -0.918 0.393  -0.500 0.37           0.87           0.90            -142.00       -109.76       109.07         0.23        0.82        0.85         -100.65        -93.02         92.91           -41.35        -16.73        16.17          
1.03  -0.929 0.382  -0.474 0.47           0.83           0.89            -136.34       -113.83       112.14         0.33        0.77        0.83         -105.09        -96.48         95.98           -31.24        -17.34        16.16          
1.07  -0.945 0.362  -0.439 0.78           1.17           1.32            -128.82       -114.52       111.64         0.65        1.09        1.25         -111.37        -102.50        100.92          -17.46        -12.02        10.72          
1.10  -0.938 0.342  -0.411 0.64           0.88           1.06            -69.59        -75.14        77.81          0.77        0.97        1.14         -51.82         -60.72         65.46           -17.77        -14.42        12.35          
1.13  -0.942 0.338  -0.374 0.18           1.11           1.11            -143.42       -97.51        97.48          0.15        1.10        1.11         -45.72         -84.55         84.57           -97.70        -12.97        12.90          
1.17  -0.941 0.333  -0.348 0.15           0.79           0.80            -75.36        -87.21        87.26          0.32        0.84        0.85         -26.96         -69.88         70.19           -48.40        -17.33        17.07          
1.20  -0.944 0.335  -0.321 0.09           0.81           0.81            154.34        -95.60        95.59          0.18        0.82        0.82         12.47          -77.98         77.99           141.87        -17.62        17.60          
1.23  -0.938 0.334  -0.304 0.17           0.55           0.55            -3.21         -72.29        72.30          0.42        0.67        0.67         -1.28          -51.32         51.32           -1.93         -20.98        20.97          
1.27  -0.928 0.355  -0.280 0.70           0.78           1.00            62.68         -65.82        71.28          0.84        0.91        1.10         47.38          -51.34         58.88           15.30         -14.48        12.40          
1.30  -0.921 0.349  -0.268 0.26           0.40           0.43            -43.74        -62.20        64.80          0.47        0.56        0.59         -22.13         -38.87         42.07           -21.61        -23.33        22.72          
1.33  -0.906 0.378  -0.250 0.99           0.70           1.12            62.28         -48.91        65.77          1.13        0.89        1.25         50.97          -36.62         55.22           11.31         -12.29        10.55          
1.37  -0.894 0.381  -0.236 0.36           0.55           0.56            13.35         -50.23        50.77          0.61        0.74        0.74         7.91           -35.13         35.65           5.44          -15.11        15.13          
1.40  -0.868 0.400  -0.225 0.97           0.85           1.02            36.60         -23.57        40.74          1.18        1.08        1.23         29.32          -18.27         33.09           7.27          -5.31         7.65           
1.43  -0.849 0.401  -0.214 0.57           0.67           0.67            0.91          -30.81        30.82          0.82        0.89        0.89         0.63           -22.54         22.55           0.28          -8.27         8.27           
1.47  -0.818 0.400  -0.207 0.95           0.97           0.97            -2.06         -11.73        11.90          1.20        1.21        1.21         -1.63          -9.33          9.47            -0.43         -2.40         2.43           
1.50  -0.793 0.405  -0.196 0.76           0.81           0.83            12.08         -23.93        26.23          1.01        1.05        1.06         9.10           -18.37         20.24           2.98          -5.56         5.99           
1.53  -0.753 0.421  -0.205 1.30           1.23           1.32            21.33         11.79         23.88          1.53        1.48        1.55         17.93          9.81           20.15           3.40          1.98          3.74           
1.57  -0.736 0.443  -0.212 0.83           0.54           0.86            53.17         23.45         54.54          1.00        0.78        1.03         41.66          16.12          43.09           11.51         7.33          11.45          
1.60  -0.716 0.451  -0.229 0.66           0.80           0.84            21.76         40.38         43.21          0.90        1.01        1.04         15.82          31.11          33.69           5.94          9.26          9.52           
1.63  -0.698 0.453  -0.259 0.55           1.06           1.06            5.85          59.05         59.09          0.80        1.21        1.21         4.02           48.80          48.86           1.83          10.24         10.24          
1.67  -0.683 0.451  -0.282 0.43           0.80           0.80            -6.68         57.64         57.71          0.68        0.96        0.96         -4.23          44.90          44.98           -2.45         12.73         12.73          
1.70  -0.675 0.450  -0.311 0.26           0.90           0.90            -8.32         73.27         73.28          0.51        1.00        1.00         -4.25          59.41          59.44           -4.07         13.86         13.85          
1.73  -0.657 0.442  -0.341 0.57           1.06           1.09            -25.17        60.92         61.72          0.80        1.20        1.23         -17.56         50.45          51.37           -7.61         10.47         10.34          
1.77  -0.651 0.418  -0.378 0.75           1.13           1.34            -74.66        79.81         81.45          0.85        1.20        1.40         -58.25         67.93          71.27           -16.40        11.88         10.18          
1.80  -0.640 0.410  -0.412 0.39           1.05           1.08            -37.23        72.76         73.19          0.61        1.15        1.18         -22.87         60.80          61.46           -14.35        11.96         11.74          
1.83  -0.623 0.376  -0.442 1.12           1.04           1.44            -63.03        60.64         69.32          1.26        1.18        1.55         -52.81         50.00          60.63           -10.22        10.63         8.69           
1.87  -0.608 0.384  -0.487 0.53           1.44           1.46            26.21         70.69         70.95          0.76        1.54        1.56         17.89          61.88          62.23           8.31          8.80          8.71           
1.90  -0.593 0.352  -0.525 1.05           1.22           1.55            -65.09        68.73         73.39          1.18        1.33        1.64         -54.02         58.68          65.00           -11.07        10.06         8.39           
1.93  -0.588 0.356  -0.553 0.17           0.83           0.84            37.56         80.85         80.92          0.40        0.90        0.91         14.87          64.99          65.16           22.69         15.86         15.76          
1.97  -0.582 0.360  -0.589 0.23           1.11           1.12            37.79         80.43         80.51          0.46        1.18        1.19         18.23          68.36          68.52           19.56         12.08         11.99          
2.00  -0.581 0.374  -0.622 0.41           0.97           1.05            83.66         87.32         87.53          0.50        1.02        1.09         54.17          73.08          74.34           29.49         14.24         13.19          
2.03  -0.576 0.377  -0.641 0.16           0.59           0.60            33.95         77.40         77.53          0.39        0.69        0.70         12.91          56.71          57.00           21.04         20.69         20.53          
2.07  -0.597 0.403  -0.650 0.98           0.68           1.02            128.77        155.78        127.06         0.85        0.46        0.89         115.51         142.87         114.17          13.25         12.90         12.89          
2.10  -0.598 0.418  -0.653 0.46           0.10           0.46            95.45         116.50        95.35          0.50        0.22        0.51         65.48          22.75          65.87           29.96         93.75         29.48          
2.13  -0.615 0.444  -0.654 0.95           0.50           0.95            121.96        176.53        121.94         0.84        0.25        0.84         107.37         173.10         107.36          14.59         3.43          14.58          
2.17  -0.641 0.467  -0.648 1.04           0.81           1.05            139.44        -167.22       138.47         0.86        0.57        0.88         128.55         -161.61        127.61          10.88         -5.61         10.86          
2.20  -0.658 0.494  -0.637 0.96           0.59           1.01            121.05        -146.73       119.24         0.86        0.41        0.92         106.58         -127.00        105.47          14.47         -19.73        13.77          
2.23  -0.666 0.522  -0.626 0.86           0.42           0.92            106.98        -126.91       105.79         0.82        0.33        0.88         90.02          -90.04         90.01           16.96         -36.87        15.78          
2.27  -0.686 0.548  -0.608 0.98           0.80           1.12            127.28        -137.82       122.08         0.86        0.64        1.01         113.83         -122.63        109.98          13.45         -15.19        12.09          
2.30  -0.703 0.569  -0.587 0.80           0.81           1.02            128.84        -128.26       119.40         0.67        0.69        0.93         112.03         -111.62        105.81          16.81         -16.64        13.59          
2.33  -0.725 0.609  -0.565 1.39           0.93           1.53            118.73        -135.74       115.80         1.29        0.77        1.44         108.91         -122.68        106.82          9.82          -13.06        8.99           
2.37  -0.741 0.629  -0.546 0.77           0.75           0.96            130.00        -130.97       121.11         0.64        0.62        0.85         112.52         -113.22        106.60          17.48         -17.75        14.50          
2.40  -0.759 0.660  -0.519 1.08           0.97           1.35            118.95        -122.71       112.74         0.98        0.86        1.27         106.07         -108.49        102.31          12.88         -14.22        10.43          
2.43  -0.781 0.674  -0.489 0.79           1.12           1.19            148.53        -126.91       124.31         0.59        0.99        1.07         135.71         -115.23        113.18          12.82         -11.67        11.13          
2.47  -0.795 0.686  -0.452 0.56           1.20           1.25            138.71        -110.42       109.49         0.40        1.14        1.19         114.63         -98.53         98.11           24.08         -11.90        11.38          
2.50  -0.807 0.684  -0.423 0.37           0.95           0.95            -171.03       -112.67       112.63         0.13        0.88        0.88         -153.37        -97.49         97.47           -17.66        -15.18        15.15          
2.53  -0.829 0.670  -0.407 0.78           0.80           0.91            -146.76       -144.36       135.83         0.59        0.62        0.75         -133.27        -130.70        122.41          -13.50        -13.66        13.42          
2.57  -0.844 0.665  -0.370 0.47           1.19           1.19            -161.05       -111.85       111.67         0.24        1.12        1.13         -141.61        -99.86         99.76           -19.45        -12.00        11.90          
2.60  -0.850 0.654  -0.339 0.38           0.96           1.01            -120.77       -101.61       100.99         0.33        0.94        0.99         -79.86         -86.47         86.66           -40.91        -15.14        14.33          
2.63  -0.867 0.633  -0.324 0.80           0.68           0.92            -129.21       -138.22       123.40         0.67        0.52        0.81         -112.36        -119.44        108.39          -16.85        -18.78        15.01          
2.67  -0.881 0.617  -0.292 0.64           1.05           1.16            -130.81       -113.32       111.09         0.51        0.98        1.09         -109.00        -99.75         98.74           -21.81        -13.57        12.35          
2.70  -0.892 0.611  -0.264 0.40           0.92           0.94            -149.40       -112.16       111.60         0.23        0.85        0.88         -115.03        -96.42         96.24           -34.37        -15.74        15.36          
2.73  -0.900 0.593  -0.252 0.59           0.44           0.69            -114.49       -123.51       110.57         0.54        0.37        0.65         -89.34         -89.05         89.46           -25.15        -34.47        21.11          
2.77  -0.906 0.572  -0.221 0.66           0.93           1.12            -105.88       -101.19       99.23          0.64        0.91        1.11         -83.65         -85.57         86.36           -22.24        -15.62        12.86          
2.80  -0.914 0.549  -0.203 0.73           0.59           0.91            -108.11       -112.59       104.42         0.69        0.54        0.88         -87.97         -87.42         88.40           -20.14        -25.17        16.02          
2.83  -0.915 0.524  -0.177 0.75           0.78           1.08            -93.17        -93.02        92.19          0.77        0.81        1.10         -74.36         -75.09         79.08           -18.81        -17.93        13.11          
2.87  -0.916 0.506  -0.161 0.53           0.49           0.72            -93.17        -93.47        92.34          0.58        0.53        0.76         -67.53         -65.66         73.03           -25.64        -27.81        19.32          
2.90  -0.918 0.496  -0.140 0.32           0.63           0.70            -97.26        -93.66        93.27          0.38        0.66        0.73         -56.18         -71.40         73.27           -41.08        -22.25        20.00          
2.93  -0.912 0.472  -0.136 0.73           0.21           0.74            -76.04        -33.31        76.22          0.82        0.44        0.83         -58.93         -15.17         59.26           -17.11        -18.14        16.95          
2.97  -0.901 0.453  -0.131 0.66           0.36           0.67            -60.01        -24.64        60.85          0.81        0.60        0.82         -44.52         -14.59         45.49           -15.49        -10.05        15.35          
3.00  -0.890 0.418  -0.129 1.12           0.34           1.12            -72.53        -13.57        72.58          1.21        0.59        1.22         -61.21         -7.87          61.28           -11.33        -5.70         11.30          
3.03  -0.866 0.397  -0.132 0.94           0.71           0.95            -41.65        9.05          42.10          1.14        0.96        1.15         -33.28         6.70           33.70           -8.37         2.35          8.41           
3.07  -0.844 0.370  -0.144 1.05           0.76           1.11            -50.28        27.59         52.69          1.23        0.99        1.28         -41.27         20.85          43.73           -9.01         6.74          8.96           
3.10  -0.821 0.365  -0.166 0.69           0.95           0.96            -12.37        44.71         45.40          0.94        1.14        1.15         -9.09          35.84          36.49           -3.28         8.88          8.91           
3.13  -0.794 0.361  -0.183 0.82           0.95           0.96            -7.64         31.11         31.73          1.07        1.17        1.18         -5.86          24.78          25.31           -1.78         6.33          6.42           
3.17  -0.767 0.352  -0.198 0.88           0.95           0.99            -19.05        29.10         33.22          1.12        1.18        1.21         -14.86         23.16          26.72           -4.19         5.94          6.50           
3.20  -0.737 0.342  -0.200 0.92           0.88           0.92            -18.02        4.35          18.47          1.16        1.13        1.16         -14.20         3.38           14.56           -3.82         0.96          3.91           
3.23  -0.712 0.363  -0.204 0.97           0.76           0.98            39.60         8.73          40.07          1.18        1.01        1.18         31.81          6.57           32.25           7.79          2.16          7.83           
3.27  -0.686 0.374  -0.190 0.87           0.91           0.97            23.25         -28.60        34.77          1.10        1.13        1.18         18.11          -22.54         27.85           5.14          -6.06         6.91           
3.30  -0.672 0.387  -0.186 0.58           0.44           0.59            42.44         -13.55        43.40          0.78        0.69        0.79         30.00          -8.65          30.84           12.44         -4.90         12.56          
3.33  -0.659 0.409  -0.165 0.75           0.73           0.98            59.61         -58.55        67.06          0.91        0.89        1.10         45.85          -44.64         54.98           13.76         -13.90        12.08          
3.37  -0.652 0.436  -0.147 0.83           0.58           0.99            75.61         -69.25        78.01          0.92        0.71        1.07         60.36          -49.95         64.77           15.25         -19.29        13.24          
3.40  -0.657 0.459  -0.121 0.71           0.81           1.07            101.02        -99.65        97.30          0.71        0.81        1.07         80.80          -81.95         83.92           20.22         -17.70        13.38          
3.43  -0.657 0.481  -0.097 0.64           0.71           0.96            90.74         -90.66        90.49          0.69        0.75        0.99         69.38          -71.30         75.87           21.36         -19.36        14.62          
3.47  -0.665 0.508  -0.066 0.87           0.95           1.26            106.14        -104.74       101.02         0.83        0.92        1.24         89.41          -89.47         89.60           16.72         -15.28        11.41          
3.50  -0.671 0.526  -0.040 0.56           0.82           0.97            110.34        -103.77       101.56         0.53        0.79        0.95         83.94          -85.99         86.65           26.40         -17.79        14.91          
3.53  -0.685 0.545  -0.011 0.70           0.96           1.12            124.35        -114.31       110.65         0.60        0.89        1.06         104.08         -99.41         97.87           20.27         -14.90        12.78          
3.57  -0.696 0.552  0.016  0.39           0.87           0.90            149.34        -112.84       112.22         0.22        0.81        0.83         113.84         -96.30         96.11           35.49         -16.54        16.11          
3.60  -0.699 0.558  0.049  0.22           1.00           1.02            114.69        -95.33        95.22          0.26        1.01        1.03         52.03          -81.00         81.18           62.66         -14.32        14.04          
3.63  -0.709 0.553  0.072  0.33           0.73           0.75            -150.59       -113.24       112.66         0.17        0.67        0.69         -103.07        -93.22         93.13           -47.52        -20.02        19.53          
3.67  -0.727 0.544  0.108  0.63           1.23           1.26            -154.52       -117.61       116.91         0.42        1.13        1.17         -139.62        -106.34        105.88          -14.89        -11.27        11.03          
3.70  -0.730 0.549  0.130  0.15           0.65           0.67            113.70        -95.43        95.31          0.23        0.67        0.69         36.66          -73.78         74.13           77.04         -21.64        21.17          
3.73  -0.761 0.554  0.142  0.97           1.03           1.04            170.98        -158.69       157.16         0.72        0.80        0.81         167.87         -152.15        150.30          3.11          -6.54         6.86           
3.77  -0.780 0.554  0.159  0.56           0.76           0.76            178.63        -137.23       137.22         0.31        0.60        0.60         177.53         -120.89        120.88          1.10          -16.34        16.33          
3.80  -0.800 0.545  0.175  0.67           0.76           0.81            -154.32       -142.62       137.92         0.45        0.58        0.65         -140.51        -127.37        122.88          -13.81        -15.25        15.04          
3.83  -0.828 0.535  0.181  0.89           0.86           0.91            -160.62       -166.89       157.13         0.66        0.62        0.69         -153.41        -161.67        149.03          -7.21         -5.22         8.10           
3.87  -0.850 0.516  0.191  0.85           0.71           0.91            -139.03       -154.93       135.39         0.69        0.50        0.75         -125.20        -142.64        121.84          -13.83        -12.29        13.55          
3.90  -0.871 0.511  0.205  0.65           0.75           0.77            -166.74       -146.96       145.33         0.41        0.56        0.58         -158.71        -132.91        131.16          -8.03         -14.05        14.17          
3.93  -0.877 0.491  0.213  0.63           0.32           0.68            -108.43       -128.39       107.07         0.60        0.26        0.65         -85.15         -78.60         85.53           -23.27        -49.79        21.54          
3.97  -0.891 0.482  0.218  0.49           0.43           0.50            -147.00       -162.45       144.16         0.31        0.20        0.33         -120.69        -140.63        118.09          -26.31        -21.82        26.07          
4.00  -0.907 0.465  0.226  0.70           0.54           0.75            -133.23       -151.78       130.00         0.56        0.34        0.62         -114.23        -131.73        111.89          -19.00        -20.04        18.11          
4.03  -0.913 0.452  0.226  0.44           0.19           0.44            -115.35       175.21        115.33         0.40        0.06        0.40         -81.37         14.67          81.38           -33.97        160.54        33.95          
4.07  -0.932 0.452  0.245  0.56           0.82           0.82            -179.52       -133.36       133.36         0.31        0.67        0.67         -179.13        -117.64        117.64          -0.39         -15.72        15.72          
4.10  -0.924 0.436  0.260  0.53           0.50           0.69            -61.85        -60.12        68.61          0.68        0.66        0.81         -43.06         -41.04         51.94           -18.79        -19.08        16.68          
4.13  -0.918 0.434  0.251  0.18           0.31           0.31            -24.24        58.45         59.38          0.42        0.49        0.49         -9.97          32.45          33.41           -14.27        26.00         25.97          
4.17  -0.919 0.420  0.242  0.43           0.28           0.51            -94.92        97.43         94.11          0.48        0.35        0.55         -63.49         52.92          67.40           -31.43        44.51         26.71          
4.20  -0.916 0.415  0.233  0.18           0.29           0.33            -54.84        69.07         71.42          0.38        0.45        0.47         -22.59         37.46          41.08           -32.25        31.61         30.34          
4.23  -0.893 0.391  0.218  0.98           0.80           1.07            -46.00        32.12         50.45          1.17        1.03        1.24         -37.14         24.67          41.54           -8.85         7.45          8.91           
4.27  -0.870 0.377  0.195  0.83           1.01           1.10            -31.49        45.10         49.62          1.06        1.20        1.27         -24.38         36.60          41.02           -7.11         8.50          8.59           
4.30  -0.857 0.352  0.160  0.84           1.10           1.33            -62.35        69.15         72.88          0.99        1.21        1.42         -49.36         58.04          63.22           -12.99        11.11         9.66           
4.33  -0.851 0.320  0.131  0.98           0.91           1.33            -79.35        78.56         82.16          1.05        0.99        1.38         -65.89         64.26          71.84           -13.47        14.29         10.32          
4.37  -0.844 0.305  0.091  0.48           1.20           1.28            -67.56        81.20         81.75          0.62        1.27        1.34         -45.79         69.95          71.14           -21.78        11.24         10.61          
4.40  -0.840 0.285  0.049  0.61           1.25           1.39            -78.69        84.51         85.05          0.70        1.30        1.43         -58.28         73.46          75.01           -20.41        11.05         10.04          
4.43  -0.837 0.282  0.013  0.13           1.11           1.11            -46.66        85.34         85.35          0.35        1.15        1.16         -15.66         72.86          72.92           -31.00        12.48         12.43          
4.47  -0.844 0.269  -0.024 0.43           1.12           1.18            -116.90       100.00        99.46          0.39        1.10        1.17         -81.73         87.11          87.27           -35.17        12.89         12.19          
4.50  -0.849 0.265  -0.060 0.17           1.10           1.10            -143.94       97.39         97.35          0.15        1.09        1.10         -43.19         84.26          84.28           -100.75       13.13         13.07          
4.53  -0.854 0.268  -0.091 0.17           0.95           0.95            157.51        99.28         99.26          0.12        0.94        0.94         32.98          84.05          84.07           124.53        15.23         15.19          
4.57  -0.860 0.237  -0.129 0.95           1.16           1.48            -102.05       99.88         97.69          0.93        1.14        1.47         -86.82         87.40          87.98           -15.23        12.48         9.70           
4.60  -0.860 0.215  -0.152 0.64           0.68           0.94            -88.37        88.47         88.88          0.70        0.73        0.98         -67.32         68.57          74.03           -21.04        19.90         14.85          
4.63  -0.850 0.213  -0.177 0.30           0.80           0.80            -14.62        68.53         68.63          0.55        0.92        0.92         -8.00          53.88          54.02           -6.62         14.65         14.61          
4.67  -0.851 0.207  -0.206 0.18           0.87           0.89            -98.89        91.81         91.78          0.28        0.90        0.91         -38.32         75.64          75.92           -60.57        16.17         15.86          
4.70  -0.838 0.194  -0.234 0.54           0.92           1.00            -44.83        65.63         67.56          0.74        1.05        1.12         -30.98         53.13          55.63           -13.85        12.50         11.92          
4.73  -0.821 0.175  -0.266 0.77           1.08           1.22            -49.09        62.25         65.78          0.95        1.21        1.34         -37.60         51.74          56.02           -11.49        10.51         9.77           
4.77  -0.807 0.177  -0.284 0.44           0.71           0.71            8.21          52.00         52.18          0.69        0.88        0.88         5.23           39.09          39.26           2.98          12.91         12.91          
4.80  -0.778 0.167  -0.298 0.92           0.97           1.01            -19.77        25.85         31.11          1.16        1.20        1.24         -15.60         20.62          25.10           -4.18         5.23          6.00           
4.83  -0.756 0.158  -0.293 0.70           0.68           0.72            -21.23        -14.60        25.07          0.94        0.92        0.95         -15.70         -10.68         18.70           -5.53         -3.93         6.37           
4.87  -0.733 0.151  -0.291 0.72           0.69           0.72            -16.81        -2.80         17.01          0.96        0.94        0.96         -12.48         -2.05          12.63           -4.33         -0.75         4.38           
4.90  -0.711 0.135  -0.288 0.82           0.67           0.83            -37.32        -9.45         37.96          1.03        0.91        1.04         -28.90         -6.87          29.46           -8.42         -2.58         8.50           
4.93  -0.678 0.119  -0.269 1.10           1.15           1.24            -24.51        -29.88        36.26          1.33        1.38        1.45         -20.04         -24.69         30.41           -4.47         -5.19         5.85           
4.97  -0.658 0.115  -0.267 0.63           0.61           0.63            -12.51        -3.86         13.06          0.87        0.86        0.87         -8.96          -2.74          9.35            -3.56         -1.12         3.71           
5.00  -0.626 0.093  -0.254 1.14           1.02           1.20            -34.35        -22.54        38.64          1.35        1.25        1.41         -28.36         -18.15         32.28           -5.99         -4.39         6.37           
5.03  -0.586 0.080  -0.239 1.28           1.30           1.36            -18.07        -20.33        26.27          1.52        1.54        1.59         -15.15         -17.09         22.27           -2.92         -3.24         4.00           
5.07  -0.557 0.067  -0.215 0.95           1.14           1.20            -24.07        -40.18        43.69          1.19        1.34        1.39         -19.13         -33.26         36.58           -4.94         -6.92         7.11           
5.10  -0.530 0.066  -0.201 0.80           0.89           0.90            -3.39         -27.26        27.41          1.05        1.12        1.12         -2.58          -21.41         21.54           -0.81         -5.85         5.88           
5.13  -0.512 0.084  -0.192 0.76           0.60           0.81            45.02         -25.67        47.99          0.96        0.83        0.99         34.37          -18.18         37.19           10.65         -7.48         10.80          
5.17  -0.499 0.100  -0.187 0.65           0.43           0.67            51.50         -22.29        52.90          0.83        0.67        0.84         37.78          -14.18         39.19           13.72         -8.10         13.71          
5.20  -0.488 0.114  -0.178 0.51           0.42           0.58            51.67         -40.47        56.76          0.70        0.63        0.75         35.31          -25.54         40.51           16.35         -14.93        16.24          
5.23  -0.474 0.138  -0.181 0.83           0.44           0.84            59.00         12.80         59.23          0.98        0.69        0.99         46.43          8.17           46.70           12.57         4.63          12.54          
5.27  -0.465 0.145  -0.189 0.35           0.36           0.42            37.66         39.59         48.52          0.57        0.57        0.61         22.09          23.50          30.74           15.57         16.09         17.78          
5.30  -0.466 0.181  -0.192 1.07           0.10           1.08            91.73         109.49        91.72          1.09        0.24        1.10         78.54          22.81          78.58           13.19         86.68         13.15          
5.33  -0.463 0.209  -0.202 0.85           0.31           0.90            83.79         72.85         84.14          0.91        0.45        0.96         68.02          41.13          69.16           15.78         31.72         14.99          
5.37  -0.457 0.223  -0.217 0.47           0.50           0.66            67.13         68.70         74.02          0.61        0.63        0.76         44.85          47.11          55.70           22.28         21.59         18.33          
5.40  -0.461 0.264  -0.243 1.23           0.77           1.44            96.39         100.18        95.43          1.22        0.77        1.44         84.67          81.50          85.47           11.72         18.68         9.96           
5.43  -0.460 0.290  -0.261 0.79           0.57           0.97            88.33         87.67         88.64          0.84        0.63        1.01         70.96          64.23          74.32           17.37         23.44         14.33          
5.47  -0.452 0.313  -0.286 0.74           0.79           1.05            69.74         71.12         75.92          0.86        0.90        1.14         53.90          55.95          63.64           15.84         15.17         12.28          
5.50  -0.440 0.311  -0.303 0.35           0.60           0.60            -9.11         54.37         54.55          0.60        0.77        0.77         -5.34          39.11          39.29           -3.77         15.26         15.26          
5.53  -0.427 0.325  -0.313 0.58           0.51           0.66            46.07         36.72         51.96          0.78        0.72        0.83         32.69          24.76          38.32           13.37         11.96         13.64          
5.57  -0.412 0.326  -0.327 0.45           0.63           0.63            0.93          44.82         44.83          0.70        0.83        0.83         0.60           32.55          32.56           0.33          12.27         12.27          
5.60  -0.396 0.335  -0.334 0.55           0.50           0.58            31.91         22.04         36.60          0.77        0.74        0.79         22.04          14.74          25.77           9.87          7.29          10.83          
5.63  -0.392 0.346  -0.333 0.36           0.13           0.36            69.27         -10.12        69.31          0.50        0.38        0.50         41.62          -3.44          41.69           27.65         -6.69         27.62          
5.67  -0.392 0.347  -0.317 0.01           0.47           0.47            123.93        -90.94        90.94          0.24        0.53        0.53         2.69           -62.64         62.65           121.25        -28.29        28.28          
5.70  -0.395 0.343  -0.309 0.15           0.28           0.30            -122.29       -106.26       104.83         0.21        0.32        0.34         -35.54         -57.14         59.61           -86.74        -49.12        45.22          
5.73  -0.402 0.344  -0.290 0.20           0.59           0.59            169.70        -109.92       109.88         0.06        0.55        0.56         36.18          -84.85         84.87           133.52        -25.07        25.02          
5.77  -0.412 0.334  -0.272 0.43           0.63           0.70            -135.48       -119.24       116.13         0.31        0.55        0.63         -100.67        -95.92         95.19           -34.81        -23.32        20.93          
5.80  -0.421 0.333  -0.256 0.27           0.54           0.54            -174.89       -119.30       119.27         0.03        0.47        0.48         -124.24        -91.95         91.95           -50.66        -27.34        27.32          
5.83  -0.439 0.331  -0.237 0.54           0.78           0.78            -173.25       -133.40       133.23         0.29        0.63        0.64         -167.46        -116.73        116.59          -5.78         -16.68        16.64          
5.87  -0.458 0.325  -0.218 0.61           0.81           0.83            -161.85       -135.94       134.38         0.38        0.65        0.68         -150.14        -120.54        119.20          -11.71        -15.40        15.19          
5.90  -0.465 0.301  -0.206 0.73           0.43           0.82            -105.68       -117.46       103.87         0.70        0.38        0.80         -85.62         -81.93         86.15           -20.06        -35.53        17.73          
5.93  -0.471 0.293  -0.180 0.31           0.81           0.84            -130.63       -104.26       103.70         0.24        0.79        0.82         -77.75         -86.32         86.47           -52.88        -17.94        17.22          
5.97  -0.481 0.282  -0.159 0.44           0.68           0.76            -129.66       -114.57       111.82         0.34        0.62        0.71         -95.59         -93.09         92.71           -34.07        -21.48        19.11          
6.00  -0.484 0.292  -0.142 0.30           0.52           0.59            106.62        -99.64        98.40          0.33        0.53        0.61         60.53          -72.17         74.38           46.08         -27.48        24.02          
6.03  -0.479 0.285  -0.133 0.25           0.30           0.36            -52.89        -60.36        65.55          0.45        0.48        0.52         -26.32         -33.34         39.46           -26.57        -27.02        26.09          
6.07  -0.469 0.297  -0.111 0.46           0.73           0.81            51.54         -66.67        69.24          0.65        0.86        0.93         34.00          -51.16         54.72           17.55         -15.51        14.53          
6.10  -0.466 0.317  -0.110 0.61           0.09           0.61            81.77         -22.54        81.78          0.69        0.34        0.69         60.70          -6.11          60.75           21.06         -16.43        21.03          
6.13  -0.448 0.335  -0.101 0.77           0.61           0.82            44.76         -26.71        48.03          0.96        0.84        1.00         34.22          -19.04         37.33           10.53         -7.67         10.70          
6.17  -0.440 0.343  -0.102 0.35           0.25           0.35            43.92         7.89          44.22          0.55        0.50        0.55         25.66          3.95           25.89           18.27         3.94          18.33          
6.20  -0.422 0.362  -0.114 0.78           0.66           0.87            46.48         35.46         51.81          0.97        0.87        1.04         35.67          25.90          40.91           10.81         9.56          10.90          
6.23  -0.399 0.362  -0.130 0.69           0.84           0.84            -0.78         34.64         34.65          0.94        1.05        1.05         -0.57          26.89          26.89           -0.21         7.75          7.75           
6.27  -0.399 0.368  -0.147 0.19           0.51           0.54            91.09         90.40         90.37          0.31        0.57        0.60         37.03          64.29          65.65           54.06         26.11         24.72          
6.30  -0.394 0.383  -0.173 0.48           0.80           0.92            72.51         79.61         80.99          0.60        0.88        0.99         49.17          63.30          66.51           23.35         16.31         14.49          
6.33  -0.389 0.382  -0.188 0.15           0.47           0.47            -15.34        71.74         71.81          0.40        0.59        0.60         -5.78          48.18          48.30           -9.56         23.56         23.51          
6.37  -0.382 0.358  -0.213 0.75           0.76           1.05            -74.10        74.34         78.70          0.86        0.87        1.13         -57.79         58.21          66.16           -16.31        16.13         12.54          
6.40  -0.375 0.338  -0.235 0.64           0.71           0.93            -70.97        72.98         77.11          0.75        0.82        1.01         -52.72         55.96          63.19           -18.25        17.03         13.91          
6.43  -0.367 0.317  -0.262 0.66           0.86           1.05            -66.37        71.93         75.34          0.80        0.96        1.14         -49.66         57.65          63.08           -16.71        14.28         12.26          
6.47  -0.361 0.302  -0.303 0.49           1.24           1.32            -71.81        82.88         83.34          0.62        1.29        1.37         -49.14         71.81          72.92           -22.67        11.08         10.42          
6.50  -0.346 0.297  -0.325 0.47           0.79           0.81            -17.69        55.53         56.15          0.71        0.96        0.97         -11.58         43.09          43.76           -6.11         12.43         12.39          
6.53  -0.327 0.273  -0.344 0.94           0.81           1.09            -51.34        43.50         57.50          1.11        1.00        1.24         -41.23         33.64          47.74           -10.11        9.86          9.76           
6.57  -0.325 0.286  -0.361 0.41           0.52           0.66            82.80         84.26         85.50          0.51        0.60        0.72         53.59          59.58          65.33           29.21         24.67         20.17          
6.60  -0.321 0.286  -0.360 0.12           0.12           0.12            -6.84         -11.09        12.94          0.37        0.37        0.37         -2.25          -3.67          4.31            -4.59         -7.42         8.64           
6.63  -0.313 0.297  -0.362 0.40           0.24           0.41            55.20         17.12         55.80          0.58        0.48        0.59         34.50          8.37           35.10           20.70         8.75          20.70          
6.67  -0.309 0.306  -0.368 0.30           0.22           0.34            61.07         46.97         64.56          0.48        0.43        0.50         33.81          21.63          37.89           27.26         25.34         26.67          
6.70  -0.314 0.323  -0.365 0.55           0.18           0.56            107.93        -157.21       107.77         0.53        0.11        0.53         81.26          -41.49         81.34           26.66         -115.72       26.43          
6.73  -0.320 0.346  -0.355 0.70           0.36           0.77            105.53        -120.84       104.14         0.68        0.32        0.75         84.65          -78.63         85.15           20.87         -42.22        18.99          
6.77  -0.327 0.363  -0.342 0.56           0.43           0.68            109.53        -115.91       105.99         0.53        0.39        0.66         83.26          -80.80         84.55           26.27         -35.11        21.44          
6.80  -0.331 0.376  -0.327 0.39           0.46           0.59            106.80        -104.47       101.10         0.40        0.46        0.60         70.18          -72.88         76.82           36.61         -31.58        24.27          
6.83  -0.334 0.384  -0.315 0.26           0.38           0.45            116.07        -107.41       104.79         0.27        0.39        0.45         60.00          -69.69         72.69           56.07         -37.73        32.10          
6.87  -0.346 0.404  -0.303 0.71           0.52           0.80            120.72        -134.41       116.93         0.62        0.39        0.72         100.47         -106.94        98.98           20.25         -27.47        17.95          
6.90  -0.357 0.419  -0.281 0.57           0.72           0.85            125.88        -117.47       112.89         0.47        0.64        0.79         100.10         -97.29         95.93           25.78         -20.18        16.95          
6.93  -0.357 0.429  -0.266 0.30           0.46           0.55            87.46         -88.37        88.63          0.40        0.53        0.61         48.32          -60.20         64.28           39.14         -28.17        24.35          
6.97  -0.365 0.456  -0.247 0.84           0.64           1.02            107.22        -113.00       104.05         0.80        0.59        0.99         89.91          -89.87         89.93           17.31         -23.13        14.13          
7.00  -0.361 0.461  -0.230 0.20           0.51           0.53            49.76         -75.63        76.22          0.40        0.62        0.64         21.65          -52.66         53.86           28.12         -22.97        22.36          
7.03  -0.358 0.470  -0.216 0.31           0.45           0.53            70.45         -76.80        78.93          0.45        0.56        0.63         39.25          -51.05         56.00           31.20         -25.75        22.93          
7.07  -0.363 0.499  -0.198 0.88           0.54           1.02            99.47         -105.64       98.15          0.87        0.53        1.01         83.07          -78.46         84.04           16.40         -27.18        14.12          
7.10  -0.366 0.516  -0.187 0.52           0.36           0.62            101.73        -106.95       99.74          0.53        0.38        0.63         74.16          -67.40         76.81           27.57         -39.55        22.93          
7.13  -0.375 0.536  -0.171 0.64           0.55           0.80            114.26        -118.25       109.05         0.58        0.49        0.76         91.13          -91.35         90.87           23.13         -26.90        18.18          
7.17  -0.375 0.543  -0.151 0.21           0.59           0.62            93.03         -91.11        91.04          0.32        0.63        0.67         41.94          -67.87         69.09           51.08         -23.24        21.95          
7.20  -0.377 0.569  -0.157 0.79           0.19           0.81            93.87         105.94        93.76          0.81        0.27        0.84         76.02          43.55          76.38           17.84         62.39         17.38          
7.23  -0.388 0.588  -0.157 0.66           0.33           0.66            119.36        -179.58       119.36         0.58        0.08        0.58         97.42          -178.17        97.42           21.94         -1.40         21.94          
7.27  -0.402 0.604  -0.147 0.63           0.53           0.71            133.21        -144.66       128.02         0.50        0.36        0.59         111.75         -120.91        108.36          21.47         -23.75        19.66          
7.30  -0.416 0.633  -0.161 0.98           0.59           1.07            115.70        136.22        113.61         0.90        0.45        0.99         101.28         113.39         100.27          14.42         22.83         13.34          
7.33  -0.438 0.653  -0.168 0.86           0.67           0.89            137.34        161.63        135.59         0.70        0.44        0.73         123.28         151.23         121.69          14.06         10.40         13.90          
7.37  -0.448 0.659  -0.191 0.36           0.77           0.79            146.32        112.98        112.20         0.21        0.71        0.74         103.91         94.00          93.85           42.42         18.97         18.35          
7.40  -0.467 0.660  -0.206 0.58           0.72           0.72            177.30        143.20        143.15         0.33        0.54        0.55         175.27         127.25         127.19          2.04          15.96         15.96          
7.43  -0.481 0.655  -0.227 0.45           0.78           0.79            -158.83       122.50        121.74         0.23        0.68        0.69         -135.93        104.30         103.90          -22.90        18.20         17.84          
7.47  -0.485 0.643  -0.256 0.37           0.86           0.93            -108.34       97.85         97.25          0.38        0.86        0.93         -69.54         81.19          81.85           -38.81        16.66         15.40          
7.50  -0.484 0.629  -0.285 0.42           0.88           0.98            -86.15        88.17         88.35          0.50        0.93        1.02         -56.50         72.53          74.13           -29.66        15.64         14.21          
7.53  -0.488 0.600  -0.308 0.89           0.69           1.12            -97.73        100.04        96.15          0.90        0.69        1.12         -81.68         79.20          83.38           -16.05        20.83         12.77          
7.57  -0.483 0.585  -0.344 0.45           1.10           1.18            -72.04        82.78         83.27          0.58        1.16        1.23         -47.65         70.39          71.64           -24.39        12.39         11.63          
7.60  -0.470 0.558  -0.377 0.92           1.06           1.34            -64.44        67.88         72.79          1.05        1.17        1.44         -52.09         56.50          63.24           -12.35        11.38         9.56           
7.63  -0.472 0.546  -0.407 0.36           0.92           0.99            -100.52       94.14         93.86          0.40        0.93        1.00         -62.81         78.67          79.43           -37.71        15.47         14.43          
7.67  -0.468 0.525  -0.433 0.64           0.77           1.00            -77.84        79.97         82.22          0.73        0.85        1.06         -58.41         63.21          68.68           -19.44        16.76         13.53          
7.70  -0.464 0.506  -0.458 0.57           0.78           0.96            -77.84        81.08         82.77          0.67        0.85        1.02         -56.46         64.23          68.68           -21.38        16.85         14.09          
7.73  -0.460 0.510  -0.486 0.15           0.82           0.83            49.49         83.14         83.21          0.37        0.89        0.90         18.28          66.92          67.12           31.21         16.22         16.09          
7.77  -0.451 0.500  -0.506 0.42           0.67           0.73            -45.74        64.13         66.53          0.62        0.81        0.86         -28.95         48.03          51.16           -16.79        16.10         15.37          
7.80  -0.453 0.503  -0.526 0.13           0.61           0.61            125.82        97.00         96.90          0.20        0.63        0.63         30.08          73.64          73.86           95.74         23.36         23.04          
7.83  -0.443 0.477  -0.521 0.85           0.32           0.86            -70.05        -25.63        70.32          0.96        0.56        0.97         -55.89         -14.42         56.28           -14.16        -11.21        14.04          
7.87  -0.436 0.444  -0.520 1.01           0.23           1.01            -76.77        -7.46         76.78          1.10        0.48        1.10         -63.96         -3.60          63.97           -12.81        -3.85         12.81          
7.90  -0.430 0.433  -0.506 0.37           0.46           0.56            -64.86        -69.96        73.93          0.53        0.59        0.68         -39.34         -46.53         53.18           -25.51        -23.43        20.75          
7.93  -0.425 0.415  -0.487 0.57           0.60           0.81            -72.84        -73.66        78.00          0.69        0.71        0.90         -52.52         -53.94         62.17           -20.32        -19.72        15.83          
7.97  -0.428 0.390  -0.470 0.75           0.51           0.90            -98.21        -102.00       96.81          0.75        0.52        0.91         -79.08         -74.14         80.93           -19.13        -27.86        15.88          
8.00  -0.428 0.370  -0.443 0.60           0.80           1.00            -88.21        -88.66        88.93          0.66        0.84        1.03         -65.81         -71.42         74.93           -22.40        -17.25        13.99          
8.03  -0.438 0.349  -0.416 0.70           0.86           1.07            -114.83       -110.00       105.96         0.64        0.81        1.03         -94.01         -93.15         92.48           -20.83        -16.84        13.48          
8.07  -0.443 0.355  -0.387 0.23           0.89           0.90            130.19        -99.64        99.46          0.20        0.88        0.90         60.02          -83.38         83.51           70.17         -16.26        15.94          
8.10  -0.441 0.333  -0.357 0.66           0.90           1.11            -86.35        -87.30        87.83          0.72        0.94        1.15         -66.16         -71.94         75.30           -20.18        -15.36        12.53          
8.13  -0.438 0.310  -0.332 0.68           0.75           1.01            -81.70        -82.51        84.42          0.76        0.83        1.07         -62.67         -65.03         70.92           -19.03        -17.48        13.51          
8.17  -0.437 0.297  -0.304 0.39           0.86           0.95            -85.44        -87.93        88.11          0.48        0.91        0.99         -54.27         -71.95         73.47           -31.16        -15.98        14.64          
8.20  -0.437 0.291  -0.284 0.19           0.58           0.61            -94.99        -91.60        91.53          0.30        0.62        0.65         -38.32         -67.94         68.90           -56.68        -23.66        22.63          
8.23  -0.426 0.285  -0.264 0.37           0.69           0.71            -27.06        -61.36        62.25          0.60        0.84        0.85         -16.19         -46.13         47.21           -10.87        -15.22        15.05          
8.27  -0.413 0.286  -0.248 0.42           0.63           0.63            3.71          -48.99        49.03          0.67        0.82        0.82         2.32           -35.67         35.72           1.39          -13.31        13.32          
8.30  -0.405 0.281  -0.226 0.28           0.71           0.73            -33.37        -70.79        71.25          0.51        0.83        0.84         -17.70         -54.28         54.97           -15.67        -16.51        16.27          
8.33  -0.395 0.278  -0.209 0.30           0.59           0.60            -17.73        -61.12        61.49          0.54        0.75        0.75         -9.70          -44.10         44.54           -8.03         -17.02        16.95          
8.37  -0.385 0.275  -0.192 0.31           0.58           0.58            -17.85        -58.89        59.36          0.56        0.74        0.74         -9.93          -42.02         42.55           -7.92         -16.87        16.81          
8.40  -0.359 0.258  -0.181 0.95           0.86           1.01            -32.98        -22.33        37.53          1.17        1.10        1.21         -26.30         -17.37         30.32           -6.69         -4.96         7.21           
8.43  -0.338 0.253  -0.167 0.65           0.77           0.78            -13.07        -34.48        35.94          0.89        0.98        0.99         -9.44          -26.21         27.46           -3.62         -8.27         8.48           
8.47  -0.318 0.243  -0.156 0.65           0.67           0.73            -25.44        -28.75        35.99          0.88        0.90        0.94         -18.47         -21.07         27.02           -6.97         -7.68         8.97           
8.50  -0.303 0.244  -0.144 0.45           0.58           0.58            2.27          -39.43        39.47          0.70        0.79        0.79         1.45           -27.80         27.83           0.81          -11.63        11.64          
8.53  -0.291 0.264  -0.128 0.70           0.58           0.84            59.87         -52.49        65.16          0.86        0.76        0.97         45.27          -37.35         51.68           14.60         -15.14        13.47          
8.57  -0.281 0.265  -0.113 0.30           0.55           0.55            6.03          -57.32        57.38          0.55        0.72        0.72         3.28           -40.25         40.31           2.75          -17.08        17.07          
8.60  -0.259 0.268  -0.090 0.66           0.95           0.95            5.66          -46.24        46.36          0.91        1.14        1.14         4.11           -37.12         37.25           1.55          -9.11         9.12           
8.63  -0.254 0.288  -0.084 0.62           0.25           0.65            74.93         -49.83        75.61          0.73        0.45        0.75         55.52          -24.91         56.80           19.41         -24.91        18.81          
8.67  -0.242 0.312  -0.079 0.80           0.38           0.81            63.43         -19.37        63.78          0.94        0.62        0.95         49.71          -11.71         50.14           13.72         -7.65         13.64          
8.70  -0.241 0.333  -0.062 0.65           0.52           0.83            88.11         -87.65        88.53          0.70        0.59        0.87         67.23          -62.42         71.88           20.88         -25.23        16.65          
8.73  -0.251 0.361  -0.059 0.88           0.29           0.89            108.34        -161.27       108.24         0.84        0.10        0.84         91.90          -106.45        91.89           16.44         -54.83        16.35          
8.77  -0.252 0.374  -0.067 0.38           0.26           0.46            97.06         100.32        95.85          0.43        0.33        0.50         61.70          51.63          66.00           35.36         48.68         29.84          
8.80  -0.260 0.400  -0.073 0.84           0.28           0.85            106.37        145.93        106.08         0.80        0.16        0.82         88.96          84.77          88.98           17.41         61.16         17.10          
8.83  -0.263 0.412  -0.092 0.37           0.60           0.70            103.53        98.31         97.11          0.39        0.61        0.71         65.46          74.52          76.68           38.07         23.79         20.44          
8.87  -0.272 0.422  -0.111 0.41           0.62           0.68            133.67        117.33        114.44         0.30        0.55        0.62         96.32          93.43          93.02           37.35         23.90         21.42          
8.90  -0.280 0.436  -0.130 0.48           0.63           0.76            118.42        111.25        107.53         0.42        0.59        0.73         87.20          87.99          88.37           31.22         23.27         19.16          
8.93  -0.290 0.443  -0.152 0.37           0.73           0.76            144.87        114.89        113.80         0.22        0.66        0.70         104.58         94.86          94.62           40.28         20.03         19.18          
8.97  -0.290 0.431  -0.187 0.37           1.05           1.11            -89.21        89.72         89.74          0.45        1.08        1.14         -55.50         76.32          77.07           -33.72        13.41         12.66          
9.00  -0.296 0.416  -0.217 0.48           0.91           1.02            -110.74       100.61        99.53          0.45        0.90        1.01         -79.62         84.82          85.35           -31.13        15.80         14.18          
9.03  -0.302 0.411  -0.253 0.25           1.09           1.10            -142.87       100.58        100.47         0.16        1.07        1.08         -71.39         87.27          87.30           -71.48        13.30         13.17          
9.07  -0.302 0.391  -0.287 0.60           1.01           1.18            -88.01        88.82         88.98          0.66        1.05        1.21         -65.84         75.04          77.07           -22.18        13.78         11.91          
9.10  -0.300 0.376  -0.324 0.47           1.13           1.23            -83.65        87.38         87.58          0.55        1.17        1.26         -57.04         75.08          76.15           -26.61        12.30         11.42          
9.13  -0.300 0.358  -0.356 0.53           0.95           1.08            -89.54        89.74         89.78          0.59        0.98        1.11         -64.38         74.95          76.80           -25.16        14.80         12.98          
9.17  -0.291 0.344  -0.379 0.48           0.75           0.85            -56.96        69.54         72.07          0.65        0.87        0.96         -38.22         53.92          57.71           -18.75        15.62         14.36          
9.20  -0.287 0.336  -0.402 0.27           0.70           0.74            -66.75        81.34         81.83          0.43        0.78        0.82         -34.60         62.80          64.16           -32.15        18.54         17.67          
9.23  -0.280 0.333  -0.421 0.24           0.59           0.60            -26.66        68.59         68.95          0.48        0.72        0.73         -13.06         49.68          50.22           -13.60        18.91         18.74          
9.27  -0.284 0.347  -0.428 0.46           0.27           0.52            105.55        117.65        103.81         0.46        0.27        0.52         74.05          61.71          75.83           31.51         55.94         27.98          
9.30  -0.280 0.359  -0.445 0.36           0.52           0.62            67.72         74.70         77.18          0.51        0.64        0.72         40.97          52.45          57.41           26.75         22.25         19.78          
9.33  -0.282 0.369  -0.447 0.31           0.09           0.31            103.49        147.08        103.34         0.35        0.18        0.35         59.23          14.61          59.52           44.27         132.47        43.81          
9.37  -0.280 0.373  -0.451 0.16           0.14           0.20            63.97         59.37         69.36          0.35        0.34        0.37         24.04          20.19          30.03           39.94         39.18         39.33          
9.40  -0.287 0.374  -0.455 0.23           0.26           0.26            176.11        149.32        149.16         0.03        0.14        0.14         31.98          79.60          79.66           144.13        69.72         69.49          
9.43  -0.283 0.359  -0.465 0.48           0.31           0.56            -73.29        64.08         75.67          0.60        0.48        0.66         -49.79         36.15          54.27           -23.50        27.93         21.40          
9.47  -0.279 0.339  -0.463 0.60           0.13           0.60            -78.57        -25.94        78.62          0.70        0.37        0.70         -57.93         -8.92          58.06           -20.64        -17.02        20.57          
9.50  -0.275 0.314  -0.464 0.76           0.13           0.76            -80.56        22.01         80.58          0.84        0.38        0.84         -63.44         7.66           63.49           -17.13        14.36         17.10          
9.53  -0.269 0.292  -0.456 0.70           0.31           0.74            -74.80        -54.22        75.74          0.80        0.50        0.84         -57.26         -30.39         58.97           -17.54        -23.84        16.77          
9.57  -0.260 0.269  -0.435 0.72           0.67           0.95            -70.06        -68.48        75.05          0.84        0.79        1.04         -53.75         -51.45         61.65           -16.31        -17.03        13.40          
9.60  -0.256 0.264  -0.426 0.20           0.30           0.34            -53.54        -66.37        69.37          0.40        0.46        0.49         -23.64         -36.48         40.67           -29.90        -29.89        28.70          
9.63  -0.243 0.233  -0.389 1.00           1.20           1.51            -65.55        -69.87        74.07          1.12        1.31        1.59         -53.88         -59.53         65.39           -11.67        -10.34        8.68           
9.67  -0.221 0.216  -0.362 0.83           1.03           1.15            -38.65        -51.07        55.84          1.04        1.20        1.31         -29.99         -41.78         46.77           -8.66         -9.29         9.08           
9.70  -0.218 0.227  -0.324 0.33           1.13           1.17            73.42         -85.26        85.43          0.46        1.17        1.22         42.36          -73.01         73.60           31.06         -12.24        11.83          
9.73  -0.205 0.216  -0.288 0.51           1.15           1.20            -40.69        -70.56        71.34          0.71        1.26        1.30         -27.50         -59.76         60.85           -13.19        -10.80        10.49          
9.77  -0.210 0.220  -0.251 0.20           1.12           1.12            142.73        -98.16        98.11          0.15        1.11        1.12         52.77          -85.26         85.29           89.96         -12.90        12.82          
9.80  -0.214 0.241  -0.245 0.64           0.23           0.67            100.36        -120.09       99.89          0.65        0.24        0.68         78.04          -56.11         78.57           22.32         -63.98        21.31          
9.83  -0.234 0.259  -0.230 0.82           0.74           0.92            138.06        -144.87       131.23         0.65        0.56        0.78         123.19         -129.88        117.25          14.87         -14.99        13.98          
9.87  -0.234 0.254  -0.196 0.13           1.02           1.03            -86.36        -89.53        89.54          0.29        1.05        1.06         -26.74         -75.78         75.89           -59.62        -13.76        13.65          
9.90  -0.241 0.275  -0.162 0.65           1.05           1.22            108.11        -101.10       99.55          0.62        1.03        1.21         85.65          -87.39         87.76           22.46         -13.72        11.79          
9.93  -0.243 0.274  -0.143 0.07           0.58           0.58            -156.02       -96.57        96.56          0.19        0.60        0.60         -9.08          -72.23         72.25           -146.94       -24.34        24.31          
9.97  -0.249 0.292  -0.130 0.56           0.41           0.67            107.26        -113.73       104.23         0.54        0.38        0.66         80.87          -77.20         82.53           26.38         -36.53        21.71          
10.00 -0.247 0.284  -0.116 0.24           0.44           0.50            -76.93        -82.74        83.63          0.39        0.53        0.58         -37.88         -54.79         58.25           -39.06        -27.95        25.37          
10.03 -0.232 0.277  -0.100 0.49           0.66           0.69            -24.56        -46.98        49.36          0.73        0.85        0.87         -16.37         -34.56         36.83           -8.19         -12.42        12.53          
10.07 -0.230 0.296  -0.083 0.57           0.50           0.76            84.44         -83.67        85.82          0.65        0.59        0.82         61.80          -58.56         68.05           22.64         -25.11        17.77          
10.10 -0.207 0.294  -0.087 0.69           0.69           0.70            -4.31         8.48          9.49           0.94        0.94        0.94         -3.16          6.24           6.98            -1.15         2.24          2.50           
10.13 -0.190 0.295  -0.093 0.52           0.56           0.56            3.10          21.23         21.41          0.77        0.80        0.80         2.10           14.72          14.86           1.00          6.50          6.55           
10.17 -0.172 0.308  -0.098 0.64           0.53           0.65            35.75         13.75         37.25          0.85        0.78        0.86         25.90          9.37           27.15           9.86          4.38          10.10          
10.20 -0.167 0.346  -0.106 1.17           0.30           1.20            81.65         55.92         81.84          1.23        0.49        1.26         70.08          30.89          70.50           11.58         25.03         11.34          
10.23 -0.150 0.365  -0.135 0.75           1.02           1.16            47.20         59.91         63.84          0.94        1.16        1.29         35.94          49.20          53.81           11.26         10.71         10.03          
10.27 -0.133 0.367  -0.158 0.50           0.84           0.85            8.28          54.02         54.17          0.75        1.01        1.01         5.52           42.47          42.63           2.75          11.54         11.53          
10.30 -0.130 0.384  -0.188 0.52           0.89           1.02            80.43         84.47         85.20          0.61        0.95        1.07         56.54          69.22          71.79           23.89         15.25         13.41          
