time  x      y      z      groundspeedxy  groundspeedxz  groundspeedxyz  trackanglexy  trackanglexz  trackanglexyz  airspeedxy  airspeedxz  airspeedxyz  courseanglexy  courseanglexz  courseanglexyz  driftanglexy  driftanglexz  driftanglexyz  
0.00  -1.158 0.434  0.016  
0.03  -1.144 0.430  -0.003 0.45           0.72           0.73            -16.81        53.63         54.29          0.69        0.89        0.90         -10.79         40.57          41.25           -6.03         13.06         13.04          
0.07  -1.133 0.414  -0.025 0.58           0.73           0.87            -54.74        62.72         67.38          0.75        0.88        1.00         -39.04         48.02          53.99           -15.70        14.70         13.39          
0.10  -1.123 0.417  -0.055 0.30           0.93           0.94            19.57         72.27         72.37          0.54        1.04        1.04         10.71          58.98          59.14           8.86          13.28         13.23          
0.13  -1.127 0.403  -0.087 0.44           0.99           1.08            -103.48       95.97         95.48          0.45        0.99        1.08         -71.10         81.50          82.20           -32.38        14.47         13.28          
0.17  -1.111 0.397  -0.117 0.51           1.00           1.02            -21.01        61.76         62.25          0.75        1.14        1.15         -14.11         50.62          51.21           -6.90         11.13         11.04          
0.20  -1.112 0.380  -0.151 0.50           1.02           1.13            -93.37        91.65         91.48          0.54        1.04        1.16         -66.11         77.78          78.99           -27.26        13.87         12.49          
0.23  -1.106 0.388  -0.199 0.31           1.45           1.47            53.57         82.80         82.90          0.50        1.50        1.52         29.67          73.28          73.50           23.89         9.52          9.40           
0.27  -1.124 0.382  -0.232 0.57           1.13           1.14            -160.14       118.62        118.16         0.35        1.03        1.05         -146.08        106.33         106.04          -14.06        12.29         12.12          
0.30  -1.135 0.386  -0.267 0.35           1.12           1.13            161.17        107.22        107.13         0.14        1.08        1.08         125.99         94.39          94.36           35.18         12.83         12.76          
0.33  -1.144 0.385  -0.295 0.28           0.87           0.87            -173.18       108.87        108.85         0.05        0.82        0.82         -131.97        92.11          92.10           -41.21        16.76         16.75          
0.37  -1.156 0.391  -0.325 0.40           0.98           1.00            149.23        110.36        109.92         0.22        0.92        0.94         113.98         95.61          95.48           35.25         14.74         14.43          
0.40  -1.157 0.392  -0.351 0.06           0.78           0.78            142.94        93.26         93.26          0.21        0.80        0.80         9.19           75.11          75.12           133.76        18.15         18.13          
0.43  -1.159 0.409  -0.379 0.49           0.82           0.96            95.89         93.51         93.02          0.53        0.85        0.98         67.83          76.38          78.23           28.06         17.13         14.78          
0.47  -1.165 0.424  -0.396 0.50           0.55           0.72            112.20        110.42        105.38         0.47        0.51        0.69         82.71          83.35          85.07           29.48         27.07         20.30          
0.50  -1.152 0.439  -0.417 0.59           0.76           0.88            48.94         59.20         63.81          0.78        0.91        1.02         34.97          45.63          51.08           13.97         13.57         12.72          
0.53  -1.143 0.456  -0.429 0.56           0.44           0.66            61.88         52.78         66.39          0.72        0.62        0.80         43.94          34.13          49.68           17.94         18.64         16.71          
0.57  -1.123 0.473  -0.444 0.81           0.77           0.92            39.62         35.51         47.55          1.01        0.98        1.11         30.59          26.99          37.96           9.04          8.52          9.58           
0.60  -1.104 0.481  -0.452 0.60           0.61           0.65            23.93         24.67         32.57          0.84        0.84        0.88         16.98          17.54          23.72           6.95          7.13          8.85           
0.63  -1.084 0.490  -0.455 0.66           0.61           0.66            22.88         6.71          23.66          0.89        0.86        0.90         16.64          4.76           17.24           6.24          1.95          6.42           
0.67  -1.062 0.495  -0.455 0.67           0.65           0.67            13.98         1.96          14.11          0.91        0.90        0.91         10.19          1.41           10.29           3.79          0.54          3.82           
0.70  -1.043 0.494  -0.451 0.58           0.59           0.59            -2.07         -12.17        12.33          0.83        0.84        0.84         -1.45          -8.57          8.69            -0.62         -3.59         3.64           
0.73  -1.020 0.476  -0.449 0.87           0.69           0.87            -38.20        -4.74         38.36          1.08        0.94        1.08         -29.97         -3.48          30.10           -8.24         -1.26         8.25           
0.77  -0.994 0.465  -0.439 0.87           0.85           0.92            -24.10        -20.75        30.38          1.10        1.08        1.14         -18.78         -16.06         24.01           -5.32         -4.69         6.37           
0.80  -0.980 0.441  -0.431 0.81           0.49           0.85            -59.26        -32.21        60.89          0.96        0.72        1.00         -46.39         -21.47         48.27           -12.87        -10.74        12.62          
0.83  -0.955 0.425  -0.419 0.88           0.82           0.95            -32.80        -25.25        38.61          1.10        1.05        1.15         -25.73         -19.43         30.84           -7.07         -5.83         7.77           
0.87  -0.944 0.409  -0.401 0.61           0.65           0.81            -54.59        -56.96        64.36          0.78        0.81        0.95         -39.45         -41.97         50.64           -15.14        -14.99        13.73          
0.90  -0.924 0.400  -0.384 0.65           0.77           0.82            -24.21        -39.82        43.45          0.88        0.98        1.01         -17.55         -30.39         33.67           -6.66         -9.43         9.78           
0.93  -0.918 0.379  -0.353 0.66           0.95           1.14            -74.14        -79.08        80.93          0.77        1.03        1.21         -55.86         -65.27         69.14           -18.29        -13.81        11.79          
0.97  -0.909 0.357  -0.326 0.71           0.85           1.08            -68.48        -72.19        76.02          0.83        0.96        1.16         -52.30         -57.81         63.98           -16.18        -14.39        12.03          
1.00  -0.902 0.346  -0.300 0.40           0.82           0.89            -56.17        -74.33        75.49          0.58        0.92        0.98         -35.11         -59.23         61.22           -21.06        -15.10        14.27          
1.03  -0.894 0.329  -0.267 0.55           1.01           1.13            -65.25        -76.97        78.31          0.69        1.10        1.20         -46.02         -64.14         66.58           -19.24        -12.82        11.73          
1.07  -0.886 0.329  -0.231 0.23           1.10           1.10            -1.93         -77.80        77.80          0.48        1.18        1.18         -0.93          -65.88         65.88           -1.00         -11.93        11.93          
1.10  -0.879 0.314  -0.200 0.49           0.96           1.06            -65.17        -77.72        78.86          0.63        1.04        1.13         -44.22         -64.19         66.37           -20.96        -13.53        12.49          
1.13  -0.872 0.316  -0.160 0.23           1.21           1.21            10.90         -79.29        79.30          0.48        1.28        1.28         5.20           -68.19         68.20           5.70          -11.10        11.09          
1.17  -0.865 0.323  -0.130 0.30           0.93           0.95            45.73         -76.91        77.25          0.51        1.01        1.03         25.08          -62.99         63.63           20.65         -13.92        13.63          
1.20  -0.857 0.317  -0.105 0.29           0.77           0.79            -37.74        -72.86        73.30          0.51        0.88        0.90         -20.27         -57.12         57.84           -17.48        -15.74        15.47          
1.23  -0.851 0.337  -0.079 0.65           0.82           1.02            71.85         -75.75        78.65          0.76        0.91        1.10         53.69          -60.35         65.77           18.16         -15.41        12.88          
1.27  -0.839 0.361  -0.057 0.79           0.75           1.03            63.75         -62.49        70.30          0.93        0.90        1.14         49.74          -48.19         58.41           14.01         -14.30        11.89          
1.30  -0.824 0.379  -0.032 0.71           0.86           1.02            51.37         -58.94        64.32          0.89        1.01        1.15         38.64          -46.69         53.03           12.73         -12.25        11.29          
1.33  -0.802 0.385  -0.022 0.69           0.73           0.75            13.83         -23.75        26.76          0.93        0.96        0.98         10.16          -17.76         20.15           3.67          -6.00         6.61           
1.37  -0.790 0.406  -0.017 0.74           0.41           0.76            59.69         -24.38        60.53          0.90        0.65        0.91         45.74          -15.21         46.71           13.95         -9.17         13.82          
1.40  -0.763 0.420  -0.020 0.90           0.81           0.90            26.79         6.47          27.37          1.13        1.05        1.13         21.05          4.94           21.52           5.75          1.53          5.84           
1.43  -0.744 0.442  -0.031 0.88           0.67           0.94            48.81         30.14         52.04          1.06        0.90        1.11         38.60          22.08          41.84           10.21         8.06          10.19          
1.47  -0.722 0.461  -0.045 0.88           0.78           0.97            41.78         31.72         47.37          1.08        1.00        1.16         32.94          24.14          38.23           8.84          7.58          9.14           
1.50  -0.704 0.482  -0.068 0.81           0.88           1.07            49.28         53.13         60.51          0.99        1.05        1.21         38.22          42.10          50.16           11.06         11.03         10.35          
1.53  -0.690 0.493  -0.090 0.52           0.78           0.84            38.20         57.90         60.64          0.74        0.93        0.99         26.10          44.79          47.91           12.10         13.11         12.74          
1.57  -0.685 0.509  -0.110 0.52           0.62           0.80            73.74         76.45         79.48          0.64        0.72        0.88         51.68          56.85          63.28           22.06         19.60         16.20          
1.60  -0.676 0.529  -0.148 0.64           1.17           1.31            64.75         76.50         77.93          0.78        1.25        1.38         47.93          65.33          67.73           16.82         11.18         10.19          
1.63  -0.677 0.512  -0.176 0.50           0.85           0.99            -91.07        90.63         90.55          0.56        0.88        1.02         -64.51         74.21          76.33           -26.56        16.42         14.21          
1.67  -0.683 0.514  -0.207 0.21           0.95           0.95            165.89        102.20        102.18         0.07        0.93        0.93         45.74          86.97          86.97           120.15        15.23         15.21          
1.70  -0.697 0.503  -0.251 0.50           1.36           1.40            -142.69       106.98        106.56         0.34        1.31        1.35         -116.00        96.47          96.31           -26.69        10.50         10.25          
1.73  -0.704 0.495  -0.274 0.34           0.72           0.76            -132.55       108.71        107.63         0.25        0.68        0.73         -85.57         88.36          88.46           -46.98        20.35         19.16          
1.77  -0.721 0.479  -0.311 0.69           1.24           1.33            -135.89       113.69        111.99         0.54        1.16        1.25         -117.11        102.29         101.33          -18.77        11.40         10.66          
1.80  -0.729 0.457  -0.336 0.70           0.78           1.02            -111.04       108.99        104.39         0.66        0.74        0.99         -90.27         90.24          90.18           -20.78        18.76         14.21          
1.83  -0.742 0.439  -0.370 0.65           1.10           1.22            -124.98       109.85        107.78         0.55        1.04        1.17         -103.07        96.83          96.07           -21.91        13.02         11.71          
1.87  -0.742 0.431  -0.392 0.24           0.66           0.70            -93.14        91.15         91.08          0.34        0.70        0.74         -45.37         70.12          71.25           -47.77        21.03         19.83          
1.90  -0.747 0.418  -0.438 0.42           1.39           1.44            -110.69       96.11         95.88          0.40        1.38        1.44         -75.32         85.75          85.91           -35.38        10.36         9.97           
1.93  -0.747 0.423  -0.468 0.15           0.90           0.92            83.70         88.99         89.00          0.30        0.94        0.95         28.48          73.60          73.79           55.22         15.39         15.21          
1.97  -0.742 0.422  -0.494 0.15           0.79           0.79            -10.10        79.31         79.31          0.40        0.87        0.87         -3.77          62.95          62.96           -6.33         16.35         16.35          
2.00  -0.741 0.425  -0.522 0.09           0.84           0.84            73.52         88.25         88.25          0.29        0.88        0.89         17.50          71.81          71.90           56.02         16.43         16.35          
2.03  -0.724 0.435  -0.538 0.59           0.68           0.75            32.12         43.49         48.68          0.81        0.88        0.93         22.65          32.23          37.10           9.47          11.25         11.59          
2.07  -0.713 0.443  -0.542 0.40           0.36           0.42            32.45         18.96         35.86          0.63        0.60        0.64         20.16          11.22          22.65           12.29         7.74          13.21          
2.10  -0.709 0.457  -0.541 0.43           0.10           0.43            76.18         -4.51         76.18          0.55        0.35        0.55         49.79          -1.32          49.80           26.38         -3.20         26.38          
2.13  -0.706 0.467  -0.535 0.33           0.22           0.38            70.12         -60.08        72.98          0.47        0.41        0.51         40.33          -28.07         45.07           29.80         -32.01        27.91          
2.17  -0.706 0.473  -0.521 0.18           0.43           0.47            90.82         -90.35        90.32          0.31        0.50        0.53         36.73          -60.12         62.16           54.09         -30.23        28.16          
2.20  -0.704 0.469  -0.503 0.12           0.53           0.54            -59.06        -83.15        83.28          0.33        0.61        0.62         -18.50         -59.08         59.58           -40.56        -24.07        23.70          
2.23  -0.713 0.464  -0.479 0.32           0.77           0.78            -150.23       -111.30       110.84         0.16        0.71        0.73         -100.03        -92.26         92.20           -50.20        -19.05        18.63          
2.27  -0.722 0.449  -0.459 0.53           0.69           0.82            -122.14       -114.21       110.08         0.45        0.63        0.77         -94.03         -92.88         92.35           -28.11        -21.32        17.74          
2.30  -0.741 0.447  -0.431 0.57           1.00           1.00            -174.68       -124.37       124.31         0.32        0.88        0.88         -170.52        -110.85        110.81          -4.17         -13.52        13.50          
2.33  -0.753 0.431  -0.411 0.60           0.69           0.85            -125.11       -119.88       113.98         0.50        0.61        0.78         -101.02        -99.04         97.03           -24.09        -20.83        16.96          
2.37  -0.772 0.418  -0.379 0.70           1.12           1.19            -145.55       -120.99       119.04         0.51        1.01        1.09         -129.55        -108.79        107.46          -16.00        -12.20        11.58          
2.40  -0.793 0.399  -0.353 0.84           1.00           1.14            -138.19       -128.84       123.16         0.67        0.86        1.03         -123.88        -115.81        111.43          -14.31        -13.03        11.73          
2.43  -0.815 0.383  -0.325 0.82           1.06           1.17            -143.78       -128.64       124.60         0.64        0.93        1.05         -130.40        -116.49        113.27          -13.38        -12.15        11.33          
2.47  -0.833 0.359  -0.302 0.89           0.88           1.13            -126.39       -127.19       117.86         0.77        0.75        1.04         -111.25        -111.82        105.59          -15.14        -15.37        12.28          
2.50  -0.860 0.335  -0.278 1.08           1.08           1.30            -138.36       -138.59       128.61         0.91        0.91        1.16         -127.85        -128.08        118.89          -10.50        -10.51        9.72           
2.53  -0.879 0.307  -0.253 1.01           0.95           1.27            -124.60       -127.22       117.06         0.90        0.83        1.17         -111.34        -113.27        106.13          -13.27        -13.95        10.93          
2.57  -0.899 0.284  -0.216 0.93           1.26           1.44            -131.39       -119.27       115.31         0.79        1.16        1.35         -117.65        -108.42        105.70          -13.74        -10.84        9.61           
2.60  -0.908 0.261  -0.186 0.74           0.94           1.17            -111.64       -106.91       103.57         0.69        0.90        1.14         -92.05         -91.57         91.24           -19.59        -15.34        12.32          
2.63  -0.918 0.242  -0.156 0.64           0.94           1.11            -116.09       -107.40       104.79         0.58        0.90        1.07         -93.19         -92.04         91.72           -22.90        -15.36        13.07          
2.67  -0.928 0.234  -0.127 0.38           0.93           0.96            -140.31       -108.27       107.67         0.25        0.89        0.92         -99.89         -92.74         92.64           -40.42        -15.54        15.03          
2.70  -0.924 0.224  -0.107 0.29           0.60           0.66            -69.86        -80.35        81.23          0.44        0.68        0.74         -37.90         -59.23         61.62           -31.96        -21.13        19.61          
2.73  -0.921 0.219  -0.081 0.20           0.81           0.83            -59.25        -82.57        82.74          0.40        0.87        0.89         -26.32         -66.11         66.60           -32.94        -16.47        16.14          
2.77  -0.920 0.219  -0.063 0.04           0.52           0.52            5.60          -86.04        86.04          0.29        0.59        0.59         0.70           -61.08         61.08           4.90          -24.96        24.96          
2.80  -0.914 0.211  -0.042 0.30           0.65           0.69            -53.48        -74.31        75.29          0.49        0.76        0.80         -29.18         -55.82         57.59           -24.30        -18.49        17.70          
2.83  -0.910 0.210  -0.028 0.12           0.45           0.45            -7.27         -74.87        74.88          0.37        0.57        0.57         -2.33          -49.72         49.73           -4.94         -25.15        25.14          
2.87  -0.896 0.206  -0.011 0.42           0.66           0.67            -16.14        -51.77        52.48          0.67        0.83        0.84         -10.16         -38.17         38.87           -5.98         -13.61        13.60          
2.90  -0.885 0.211  0.008  0.37           0.66           0.68            22.03         -58.65        59.39          0.61        0.82        0.83         13.21          -43.58         44.42           8.83          -15.07        14.97          
2.93  -0.871 0.227  0.021  0.62           0.58           0.74            48.20         -43.76        55.82          0.81        0.78        0.90         34.94          -30.89         42.61           13.26         -12.87        13.21          
2.97  -0.844 0.235  0.027  0.84           0.81           0.85            17.90         -10.95        20.63          1.08        1.06        1.09         13.82          -8.38          16.00           4.08          -2.57         4.64           
3.00  -0.820 0.248  0.029  0.82           0.73           0.82            27.19         -6.58         27.76          1.05        0.98        1.05         20.92          -4.91          21.40           6.26          -1.67         6.37           
3.03  -0.796 0.272  0.027  1.02           0.72           1.02            45.34         5.12          45.45          1.21        0.97        1.21         36.85          3.80           36.96           8.48          1.32          8.49           
3.07  -0.785 0.293  0.021  0.72           0.39           0.74            61.72         27.85         62.64          0.87        0.62        0.89         47.03          16.97          48.14           14.69         10.88         14.50          
3.10  -0.761 0.309  0.013  0.86           0.76           0.89            33.63         18.92         36.80          1.08        1.00        1.10         26.23          14.25          29.00           7.40          4.67          7.81           
3.13  -0.740 0.335  -0.002 1.00           0.78           1.10            51.01         35.90         55.07          1.17        0.99        1.26         41.47          27.38          45.69           9.54          8.52          9.38           
3.17  -0.731 0.359  -0.024 0.77           0.72           1.02            69.65         68.06         74.74          0.89        0.85        1.11         54.42          52.15          62.24           15.23         15.91         12.50          
3.20  -0.717 0.373  -0.047 0.60           0.81           0.91            45.41         58.27         62.35          0.80        0.96        1.05         32.54          45.48          50.20           12.88         12.79         12.15          
3.23  -0.709 0.385  -0.075 0.44           0.87           0.94            57.40         74.10         75.41          0.61        0.96        1.03         37.28          59.66          61.87           20.12         14.44         13.54          
3.27  -0.702 0.400  -0.101 0.49           0.80           0.91            62.19         73.39         75.45          0.65        0.90        1.00         42.18          58.03          61.49           20.01         15.36         13.96          
3.30  -0.696 0.415  -0.134 0.48           1.01           1.11            70.71         81.06         81.83          0.61        1.08        1.17         47.84          67.84          69.63           22.87         13.21         12.21          
3.33  -0.689 0.418  -0.161 0.22           0.83           0.84            20.70         75.78         75.84          0.46        0.93        0.93         9.66           60.62          60.73           11.04         15.15         15.11          
3.37  -0.690 0.413  -0.190 0.13           0.89           0.90            -92.32        90.35         90.35          0.28        0.92        0.93         -28.83         74.64          74.81           -63.49        15.71         15.54          
3.40  -0.686 0.404  -0.217 0.30           0.81           0.85            -68.75        82.40         82.81          0.45        0.88        0.92         -37.61         66.00          67.17           -31.14        16.40         15.64          
3.43  -0.686 0.397  -0.252 0.20           1.03           1.05            -92.64        90.51         90.50          0.31        1.06        1.08         -39.53         76.83          77.06           -53.11        13.67         13.44          
3.47  -0.681 0.412  -0.281 0.48           0.91           1.02            71.25         80.27         81.30          0.61        0.98        1.08         48.26          65.75          68.10           22.98         14.52         13.20          
3.50  -0.666 0.415  -0.306 0.45           0.87           0.88            8.49          59.36         59.46          0.70        1.02        1.03         5.46           47.24          47.35           3.03          12.12         12.11          
3.53  -0.670 0.435  -0.323 0.62           0.51           0.80            99.58         101.57        97.42          0.63        0.52        0.80         76.47          73.73          79.48           23.11         27.83         17.94          
3.57  -0.663 0.440  -0.339 0.26           0.50           0.53            38.10         66.37         67.52          0.48        0.64        0.66         19.27          45.55          47.14           18.82         20.82         20.38          
3.60  -0.651 0.458  -0.345 0.64           0.42           0.67            55.09         28.73         56.90          0.81        0.65        0.84         40.46          18.06          42.40           14.64         10.66         14.51          
3.63  -0.639 0.473  -0.352 0.60           0.42           0.63            52.03         28.59         54.32          0.78        0.65        0.80         37.33          17.97          39.65           14.70         10.62         14.67          
3.67  -0.634 0.486  -0.351 0.39           0.14           0.39            69.37         -7.61         69.39          0.53        0.39        0.53         43.39          -2.72          43.42           25.98         -4.89         25.97          
3.70  -0.623 0.496  -0.347 0.46           0.37           0.48            41.09         -21.90        43.83          0.67        0.61        0.68         26.79          -13.10         29.08           14.29         -8.79         14.76          
3.73  -0.612 0.502  -0.336 0.36           0.44           0.48            30.66         -45.74        49.84          0.59        0.64        0.67         18.17          -29.61         33.28           12.49         -16.13        16.57          
3.77  -0.607 0.517  -0.325 0.47           0.38           0.58            69.20         -63.30        73.14          0.61        0.54        0.70         46.67          -38.69         53.03           22.53         -24.61        20.11          
3.80  -0.603 0.519  -0.300 0.13           0.76           0.76            35.67         -81.93        81.97          0.36        0.83        0.83         12.08          -64.57         64.68           23.59         -17.36        17.29          
3.83  -0.599 0.511  -0.286 0.27           0.43           0.49            -65.96        -75.10        77.13          0.44        0.55        0.60         -34.45         -49.00         53.25           -31.51        -26.10        23.88          
3.87  -0.605 0.510  -0.261 0.18           0.78           0.78            -168.11       -103.32       103.30         0.08        0.77        0.77         -28.62         -84.78         84.79           -139.49       -18.53        18.51          
3.90  -0.610 0.487  -0.234 0.69           0.82           1.06            -102.57       -100.46       98.09          0.68        0.82        1.06         -81.45         -82.90         84.52           -21.12        -17.55        13.57          
3.93  -0.619 0.474  -0.209 0.48           0.79           0.89            -122.02       -108.97       106.77         0.41        0.75        0.85         -90.89         -90.49         90.43           -31.13        -18.48        16.34          
3.97  -0.637 0.459  -0.182 0.70           0.97           1.07            -140.64       -124.04       120.58         0.53        0.85        0.96         -123.32        -110.02        107.68          -17.31        -14.02        12.90          
4.00  -0.649 0.444  -0.153 0.57           0.96           1.06            -129.14       -111.96       109.87         0.45        0.90        1.00         -103.87        -96.97         96.26           -25.27        -14.99        13.61          
4.03  -0.661 0.417  -0.115 0.90           1.19           1.44            -114.11       -107.96       104.71         0.83        1.14        1.40         -98.09         -95.88         94.77           -16.03        -12.09        9.95           
4.07  -0.679 0.395  -0.084 0.86           1.06           1.26            -128.91       -120.40       115.39         0.73        0.96        1.17         -113.38        -107.44        104.26          -15.53        -12.96        11.13          
4.10  -0.698 0.381  -0.060 0.70           0.93           1.02            -144.74       -128.05       124.41         0.52        0.80        0.90         -128.60        -113.84        111.14          -16.14        -14.22        13.27          
4.13  -0.720 0.370  -0.026 0.75           1.22           1.26            -153.02       -123.09       121.74         0.54        1.10        1.15         -140.79        -112.13        111.11          -12.23        -10.96        10.63          
4.17  -0.737 0.353  -0.009 0.71           0.71           0.87            -134.31       -134.56       124.73         0.57        0.56        0.76         -115.91        -116.11        109.04          -18.40        -18.45        15.70          
4.20  -0.745 0.351  0.015  0.25           0.77           0.77            -171.28       -108.89       108.87         0.04        0.73        0.73         -90.30         -90.02         90.02           -80.98        -18.88        18.85          
4.23  -0.765 0.348  0.029  0.60           0.72           0.73            -169.75       -144.73       143.87         0.36        0.54        0.55         -162.61        -129.22        128.34          -7.14         -15.51        15.53          
4.27  -0.767 0.327  0.042  0.63           0.39           0.75            -94.59        -97.40        93.91          0.66        0.44        0.77         -72.53         -63.00         75.01           -22.06        -34.41        18.90          
4.30  -0.773 0.315  0.032  0.41           0.36           0.51            -115.31       119.44        109.92         0.38        0.32        0.49         -78.49         76.34          81.13           -36.82        43.10         28.80          
4.33  -0.772 0.308  0.024  0.18           0.24           0.30            -80.71        82.92         84.35          0.33        0.37        0.41         -32.96         40.49          46.99           -47.76        42.44         37.37          
4.37  -0.762 0.292  0.011  0.57           0.49           0.70            -60.94        55.18         66.53          0.73        0.66        0.83         -43.46         37.12          50.49           -17.49        18.06         16.04          
4.40  -0.760 0.275  0.000  0.50           0.32           0.59            -82.45        77.98         83.58          0.59        0.44        0.66         -57.52         44.34          61.61           -24.93        33.64         21.97          
4.43  -0.758 0.266  -0.018 0.28           0.55           0.61            -75.67        82.77         83.52          0.42        0.63        0.69         -40.36         59.72          62.39           -35.31        23.06         21.13          
4.47  -0.754 0.240  -0.043 0.80           0.76           1.10            -81.84        81.34         84.04          0.88        0.83        1.15         -65.42         64.09          71.58           -16.42        17.25         12.46          
4.50  -0.756 0.231  -0.078 0.26           1.04           1.08            -100.52       92.61         92.53          0.33        1.06        1.09         -51.64         79.02          79.33           -48.89        13.59         13.21          
4.53  -0.756 0.203  -0.120 0.84           1.29           1.54            -90.88        90.57         90.48          0.87        1.31        1.55         -74.17         79.56          81.22           -16.70        11.01         9.26           
4.57  -0.760 0.197  -0.158 0.22           1.13           1.14            -125.96       96.61         96.53          0.22        1.13        1.14         -56.10         83.87          83.95           -69.85        12.74         12.59          
4.60  -0.759 0.173  -0.200 0.74           1.27           1.47            -86.11        87.73         88.04          0.80        1.31        1.50         -67.89         76.70          78.45           -18.22        11.03         9.59           
4.63  -0.759 0.164  -0.230 0.25           0.90           0.94            -90.82        90.23         90.22          0.35        0.93        0.97         -45.96         74.69          75.24           -44.86        15.55         14.98          
4.67  -0.753 0.152  -0.265 0.40           1.05           1.11            -64.46        80.65         81.15          0.55        1.12        1.17         -40.31         67.89          68.99           -24.15        12.76         12.16          
4.70  -0.749 0.158  -0.292 0.23           0.83           0.85            55.57         81.14         81.35          0.42        0.90        0.92         26.24          65.22          65.77           29.33         15.91         15.58          
4.73  -0.735 0.163  -0.314 0.43           0.79           0.80            17.73         58.67         59.14          0.67        0.94        0.95         11.23          45.57          46.10           6.50          13.10         13.04          
4.77  -0.724 0.170  -0.329 0.41           0.56           0.60            31.80         51.85         54.77          0.63        0.74        0.77         19.78          36.45          39.40           12.02         15.41         15.37          
4.80  -0.713 0.175  -0.342 0.35           0.49           0.52            27.84         50.55         52.96          0.59        0.68        0.70         16.34          34.01          36.34           11.50         16.55         16.62          
4.83  -0.703 0.179  -0.347 0.32           0.33           0.35            21.49         27.18         32.91          0.56        0.57        0.58         12.02          15.52          19.29           9.47          11.66         13.62          
4.87  -0.693 0.179  -0.347 0.32           0.32           0.32            -0.59         3.06          3.11           0.57        0.57        0.57         -0.33          1.71           1.75            -0.26         1.34          1.37           
4.90  -0.675 0.182  -0.347 0.53           0.53           0.53            8.37          -0.11         8.37           0.78        0.78        0.78         5.70           -0.08          5.70            2.67          -0.04         2.67           
4.93  -0.652 0.180  -0.340 0.70           0.73           0.73            -5.63         -18.23        18.97          0.94        0.97        0.97         -4.14          -13.60         14.17           -1.49         -4.63         4.80           
4.97  -0.636 0.177  -0.332 0.49           0.52           0.53            -10.37        -24.05        25.75          0.73        0.76        0.76         -6.85          -16.34         17.58           -3.52         -7.72         8.17           
5.00  -0.620 0.184  -0.319 0.53           0.63           0.67            25.52         -40.42        44.31          0.77        0.84        0.87         17.44          -29.27         32.72           8.08          -11.15        11.59          
5.03  -0.604 0.186  -0.299 0.50           0.76           0.77            5.51          -49.78        49.87          0.74        0.94        0.95         3.66           -38.12         38.21           1.85          -11.66        11.66          
5.07  -0.588 0.192  -0.287 0.52           0.62           0.64            19.74         -38.28        40.93          0.76        0.83        0.85         13.32          -27.51         29.77           6.42          -10.78        11.15          
5.10  -0.575 0.188  -0.264 0.39           0.77           0.78            -17.32        -61.13        61.48          0.63        0.92        0.92         -10.55         -47.29         47.71           -6.77         -13.83        13.77          
5.13  -0.568 0.206  -0.243 0.59           0.68           0.87            68.65         -71.58        75.77          0.72        0.80        0.97         49.78          -54.23         61.26           18.87         -17.35        14.51          
5.17  -0.557 0.209  -0.219 0.34           0.78           0.79            14.88         -65.15        65.32          0.59        0.92        0.92         8.58           -50.81         51.03           6.30          -14.34        14.29          
5.20  -0.547 0.212  -0.208 0.33           0.45           0.46            16.19         -45.14        46.29          0.57        0.65        0.66         9.21           -29.30         30.30           6.98          -15.84        15.99          
5.23  -0.528 0.218  -0.185 0.58           0.90           0.92            18.79         -52.57        53.48          0.82        1.07        1.08         13.13          -41.86         42.80           5.66          -10.71        10.68          
5.27  -0.513 0.221  -0.167 0.48           0.72           0.72            8.79          -48.38        48.65          0.73        0.90        0.91         5.79           -36.46         36.71           2.99          -11.92        11.93          
5.30  -0.502 0.232  -0.152 0.47           0.55           0.65            47.34         -54.97        60.84          0.66        0.73        0.80         31.28          -38.61         45.09           16.06         -16.36        15.75          
5.33  -0.494 0.260  -0.148 0.86           0.25           0.86            74.70         -27.14        74.85          0.95        0.49        0.96         60.05          -13.67         60.29           14.66         -13.47        14.56          
5.37  -0.478 0.271  -0.148 0.58           0.48           0.58            34.38         0.15          34.38          0.80        0.73        0.80         24.17          0.10           24.17           10.20         0.05          10.20          
5.40  -0.472 0.281  -0.152 0.35           0.23           0.38            57.95         36.16         60.35          0.53        0.46        0.55         34.38          17.38          36.95           23.57         18.78         23.39          
5.43  -0.458 0.287  -0.162 0.48           0.51           0.55            24.95         32.52         38.28          0.71        0.74        0.76         16.45          22.02          26.60           8.50          10.49         11.68          
5.47  -0.449 0.286  -0.183 0.26           0.69           0.69            -9.29         67.84         67.88          0.51        0.82        0.82         -4.76          51.34          51.41           -4.53         16.50         16.48          
5.50  -0.444 0.292  -0.199 0.22           0.51           0.54            50.14         73.67         74.54          0.43        0.63        0.65         23.63          51.27          52.88           26.51         22.40         21.66          
5.53  -0.436 0.295  -0.223 0.26           0.74           0.75            20.22         70.99         71.13          0.50        0.86        0.86         10.28          55.03          55.24           9.94          15.96         15.89          
5.57  -0.423 0.297  -0.243 0.42           0.75           0.75            9.04          56.57         56.72          0.67        0.91        0.91         5.66           43.32          43.47           3.39          13.26         13.24          
5.60  -0.412 0.293  -0.258 0.34           0.53           0.55            -21.51        53.32         54.44          0.58        0.71        0.72         -12.46         36.98          38.13           -9.04         16.33         16.32          
5.63  -0.397 0.300  -0.274 0.49           0.66           0.70            25.30         48.26         50.58          0.72        0.85        0.88         16.80          35.60          37.85           8.50          12.66         12.73          
5.67  -0.381 0.297  -0.300 0.49           0.91           0.92            -8.83         57.66         57.78          0.74        1.07        1.07         -5.87          46.26          46.40           -2.96         11.40         11.38          
5.70  -0.362 0.297  -0.308 0.57           0.62           0.62            -0.71         23.80         23.81          0.82        0.85        0.85         -0.49          17.01          17.01           -0.22         6.79          6.80           
5.73  -0.348 0.300  -0.321 0.44           0.58           0.59            10.46         41.65         42.25          0.69        0.78        0.79         6.67           29.42          29.94           3.78          12.23         12.31          
5.77  -0.326 0.311  -0.321 0.74           0.66           0.74            27.98         -0.99         27.99          0.97        0.91        0.97         21.05          -0.71          21.06           6.93          -0.27         6.93           
5.80  -0.315 0.324  -0.313 0.51           0.40           0.56            51.11         -36.17        55.21          0.70        0.62        0.74         34.92          -22.37         39.02           16.19         -13.80        16.19          
5.83  -0.311 0.341  -0.307 0.51           0.23           0.55            75.83         -56.74        76.74          0.62        0.42        0.65         52.92          -26.99         54.80           22.92         -29.76        21.94          
5.87  -0.297 0.335  -0.289 0.44           0.66           0.68            -23.36        -52.88        54.27          0.67        0.84        0.85         -14.88         -39.11         40.54           -8.48         -13.77        13.73          
5.90  -0.295 0.348  -0.272 0.38           0.52           0.64            79.73         -82.53        83.93          0.49        0.60        0.71         49.51          -58.28         63.41           30.21         -24.24        20.53          
5.93  -0.292 0.343  -0.256 0.18           0.48           0.50            -54.97        -77.87        78.39          0.38        0.59        0.61         -22.37         -53.32         54.55           -32.59        -24.55        23.84          
5.97  -0.287 0.331  -0.237 0.39           0.60           0.70            -67.18        -75.14        77.35          0.54        0.70        0.79         -42.04         -55.04         59.40           -25.14        -20.10        17.95          
6.00  -0.278 0.318  -0.214 0.47           0.73           0.83            -55.81        -69.08        71.58          0.64        0.85        0.94         -36.96         -53.22         56.91           -18.85        -15.87        14.67          
6.03  -0.280 0.312  -0.203 0.20           0.34           0.39            -108.63       -100.91       99.50          0.27        0.38        0.43         -46.07         -61.16         64.45           -62.55        -39.75        35.05          
6.07  -0.280 0.315  -0.183 0.10           0.59           0.60            90.86         -90.14        90.14          0.27        0.64        0.65         21.13          -67.29         67.55           69.73         -22.85        22.58          
6.10  -0.269 0.309  -0.164 0.36           0.67           0.69            -27.13        -61.00        61.93          0.60        0.82        0.83         -16.11         -45.49         46.60           -11.01        -15.51        15.33          
6.13  -0.263 0.287  -0.137 0.69           0.83           1.07            -74.75        -77.31        80.15          0.80        0.92        1.14         -57.15         -61.92         67.64           -17.60        -15.39        12.51          
6.17  -0.262 0.289  -0.122 0.08           0.44           0.45            68.21         -85.88        85.95          0.29        0.52        0.53         15.65          -57.28         57.69           52.56         -28.61        28.26          
6.20  -0.261 0.303  -0.121 0.40           0.06           0.41            82.65         -30.47        82.67          0.50        0.30        0.50         53.02          -5.75          53.10           29.63         -24.71        29.57          
6.23  -0.254 0.297  -0.088 0.27           1.00           1.02            -41.40        -78.19        78.38          0.49        1.08        1.09         -21.65         -65.09         65.45           -19.75        -13.10        12.93          
6.27  -0.245 0.316  -0.077 0.62           0.44           0.72            64.52         -52.70        68.00          0.76        0.63        0.84         47.35          -34.19         52.02           17.17         -18.52        15.98          
6.30  -0.234 0.333  -0.069 0.61           0.40           0.65            57.54         -35.64        59.94          0.77        0.62        0.81         41.73          -22.13         44.43           15.81         -13.51        15.51          
6.33  -0.223 0.346  -0.047 0.51           0.72           0.82            49.00         -62.43        65.89          0.70        0.87        0.95         33.33          -47.60         51.95           15.67         -14.83        13.94          
6.37  -0.208 0.358  -0.048 0.58           0.45           0.58            39.28         3.20          39.35          0.79        0.70        0.79         27.73          2.06           27.78           11.55         1.14          11.56          
6.40  -0.194 0.384  -0.044 0.88           0.42           0.89            62.82         -17.97        63.13          1.02        0.66        1.03         50.21          -11.31         50.59           12.61         -6.66         12.54          
6.43  -0.187 0.406  -0.055 0.69           0.39           0.76            71.21         55.61         73.06          0.81        0.57        0.87         54.18          34.54          57.12           17.04         21.06         15.94          
6.47  -0.174 0.424  -0.056 0.69           0.40           0.69            54.81         4.24          54.85          0.86        0.65        0.86         41.00          2.60           41.04           13.81         1.64          13.81          
6.50  -0.169 0.434  -0.064 0.31           0.28           0.40            64.80         62.25         70.68          0.47        0.46        0.54         36.36          33.36          44.65           28.44         28.89         26.03          
6.53  -0.157 0.443  -0.078 0.45           0.56           0.61            35.19         48.24         52.93          0.67        0.75        0.79         22.83          33.77          38.31           12.36         14.47         14.61          
6.57  -0.151 0.442  -0.091 0.18           0.42           0.42            -7.88         64.43         64.48          0.43        0.58        0.58         -3.34          41.35          41.41           -4.55         23.08         23.07          
6.60  -0.138 0.431  -0.120 0.50           0.96           1.02            -41.48        66.92         68.26          0.71        1.09        1.14         -28.01         54.68          56.46           -13.47        12.23         11.80          
6.63  -0.135 0.425  -0.130 0.20           0.31           0.36            -60.69        71.14         73.73          0.39        0.46        0.49         -27.02         39.95          44.44           -33.67        31.18         29.29          
6.67  -0.121 0.400  -0.147 0.86           0.67           1.00            -60.85        51.27         65.40          1.00        0.85        1.13         -48.27         37.94          53.79           -12.58        13.32         11.61          
6.70  -0.114 0.396  -0.170 0.23           0.71           0.72            -25.51        72.72         72.89          0.47        0.82        0.83         -12.34         55.83          56.12           -13.18        16.89         16.78          
