time  x      y      z      groundspeedxy  groundspeedxz  groundspeedxyz  trackanglexy  trackanglexz  trackanglexyz  airspeedxy  airspeedxz  airspeedxyz  courseanglexy  courseanglexz  courseanglexyz  driftanglexy  driftanglexz  driftanglexyz  
0.00  -1.162 0.423  -0.468 
0.03  -1.154 0.410  -0.440 0.44           0.87           0.95            -56.36        -73.98        75.23          0.61        0.97        1.04         -36.44         -59.70         61.78           -19.92        -14.28        13.45          
0.07  -1.150 0.402  -0.412 0.29           0.85           0.89            -65.36        -81.85        82.22          0.45        0.92        0.95         -35.28         -66.19         67.16           -30.07        -15.66        15.05          
0.10  -1.147 0.395  -0.377 0.23           1.07           1.09            -67.33        -85.24        85.33          0.40        1.12        1.14         -32.09         -72.35         72.67           -35.25        -12.89        12.66          
0.13  -1.135 0.400  -0.349 0.40           0.92           0.94            25.68         -67.26        67.67          0.63        1.04        1.06         15.79          -54.52         55.05           9.90          -12.75        12.61          
0.17  -1.121 0.416  -0.312 0.62           1.17           1.26            48.14         -69.09        70.63          0.81        1.28        1.36         34.89          -58.56         60.64           13.25         -10.53        9.99           
0.20  -1.109 0.423  -0.286 0.41           0.86           0.89            32.30         -65.95        66.75          0.64        0.99        1.01         20.25          -52.59         53.65           12.05         -13.35        13.11          
0.23  -1.093 0.429  -0.252 0.51           1.14           1.15            19.38         -64.91        65.20          0.75        1.27        1.28         13.05          -54.60         54.96           6.33          -10.31        10.24          
0.27  -1.072 0.426  -0.219 0.66           1.19           1.19            -7.99         -56.83        56.94          0.90        1.34        1.34         -5.79          -47.84         47.96           -2.20         -8.99         8.98           
0.30  -1.052 0.418  -0.185 0.63           1.15           1.17            -22.25        -59.64        60.33          0.86        1.29        1.32         -15.97         -50.05         50.83           -6.29         -9.59         9.50           
0.33  -1.025 0.401  -0.157 0.96           1.18           1.28            -32.08        -46.17        50.56          1.18        1.36        1.45         -25.63         -38.56         42.93           -6.45         -7.61         7.63           
0.37  -1.005 0.375  -0.130 0.99           1.01           1.27            -52.00        -52.91        61.48          1.16        1.18        1.41         -42.21         -43.15         52.53           -9.79         -9.76         8.96           
0.40  -0.974 0.365  -0.108 0.96           1.14           1.18            -18.87        -36.97        39.58          1.20        1.35        1.38         -15.01         -30.56         32.96           -3.86         -6.41         6.62           
0.43  -0.954 0.355  -0.094 0.69           0.74           0.80            -26.01        -33.55        39.46          0.92        0.96        1.00         -19.15         -25.25         30.36           -6.87         -8.29         9.11           
0.47  -0.923 0.353  -0.102 0.93           0.96           0.96            -3.84         15.22         15.65          1.17        1.20        1.20         -3.02          12.08          12.44           -0.82         3.14          3.22           
0.50  -0.899 0.347  -0.114 0.75           0.81           0.82            -11.83        25.10         27.17          0.99        1.04        1.05         -8.87          19.25          20.93           -2.96         5.86          6.24           
0.53  -0.883 0.356  -0.134 0.53           0.77           0.81            28.45         52.37         54.57          0.76        0.94        0.98         19.48          40.26          42.55           8.97          12.11         12.03          
0.57  -0.857 0.354  -0.149 0.77           0.89           0.89            -4.58         29.87         30.11          1.02        1.11        1.11         -3.46          23.44          23.64           -1.12         6.43          6.47           
0.60  -0.842 0.355  -0.167 0.47           0.72           0.72            5.16          49.60         49.68          0.72        0.91        0.91         3.37           37.46          37.54           1.79          12.13         12.14          
0.63  -0.824 0.343  -0.192 0.65           0.91           0.98            -33.39        53.63         56.47          0.87        1.08        1.14         -24.27         42.89          45.92           -9.12         10.74         10.55          
0.67  -0.803 0.340  -0.208 0.61           0.79           0.79            -8.28         39.68         40.11          0.86        0.99        1.00         -5.89          30.44          30.82           -2.40         9.24          9.29           
0.70  -0.765 0.329  -0.221 1.20           1.21           1.26            -16.33        18.35         23.87          1.44        1.45        1.49         -13.53         15.24          19.98           -2.80         3.11          3.90           
0.73  -0.732 0.324  -0.234 1.01           1.07           1.08            -8.18         21.58         22.82          1.25        1.31        1.31         -6.55          17.55          18.59           -1.62         4.03          4.23           
0.77  -0.697 0.317  -0.256 1.08           1.24           1.25            -11.33        31.40         32.72          1.32        1.45        1.47         -9.20          26.27          27.45           -2.13         5.14          5.27           
0.80  -0.657 0.314  -0.269 1.21           1.27           1.27            -5.16         18.29         18.91          1.46        1.51        1.51         -4.27          15.30          15.83           -0.88         2.99          3.08           
0.83  -0.616 0.312  -0.280 1.23           1.27           1.27            -2.26         14.84         15.00          1.48        1.52        1.52         -1.88          12.42          12.56           -0.38         2.42          2.44           
0.87  -0.575 0.313  -0.290 1.22           1.25           1.25            1.12          13.89         13.93          1.47        1.50        1.50         0.93           11.59          11.63           0.19          2.30          2.30           
0.90  -0.537 0.325  -0.301 1.20           1.20           1.25            17.63         16.89         23.73          1.44        1.44        1.48         14.63          14.00          19.84           3.01          2.89          3.89           
0.93  -0.501 0.332  -0.312 1.10           1.13           1.15            10.06         16.35         18.92          1.35        1.37        1.39         8.20           13.41          15.57           1.86          2.94          3.36           
0.97  -0.456 0.331  -0.317 1.33           1.34           1.34            -0.99         6.88          6.95           1.58        1.59        1.59         -0.83          5.80           5.86            -0.16         1.08          1.09           
1.00  -0.421 0.338  -0.314 1.07           1.05           1.08            12.12         -5.00         13.05          1.32        1.30        1.32         9.84           -4.04          10.60           2.28          -0.96         2.45           
1.03  -0.385 0.351  -0.307 1.15           1.11           1.17            18.76         -10.83        21.30          1.39        1.36        1.41         15.46          -8.85          17.61           3.31          -1.98         3.70           
1.07  -0.356 0.360  -0.283 0.90           1.13           1.17            18.16         -41.21        43.08          1.14        1.33        1.36         14.23          -34.11         35.88           3.92          -7.10         7.20           
1.10  -0.338 0.375  -0.259 0.72           0.90           1.01            39.58         -51.63        56.48          0.93        1.07        1.16         29.70          -41.08         46.17           9.88          -10.56        10.31          
1.13  -0.334 0.397  -0.229 0.66           0.90           1.11            78.66         -81.68        83.26          0.75        0.97        1.16         59.63          -66.86         70.95           19.04         -14.82        12.31          
1.17  -0.338 0.409  -0.206 0.40           0.71           0.81            109.47        -100.73       99.48          0.39        0.71        0.80         72.73          -80.54         81.64           36.74         -20.19        17.84          
1.20  -0.350 0.415  -0.187 0.41           0.67           0.69            154.02        -123.32       122.05         0.21        0.57        0.60         123.09         -101.79        101.25          30.93         -21.53        20.80          
1.23  -0.378 0.425  -0.181 0.87           0.84           0.89            161.15        -167.69       157.94         0.64        0.60        0.66         153.86         -162.59        149.78          7.29          -5.10         8.16           
1.27  -0.404 0.443  -0.167 0.96           0.91           1.06            145.70        -150.94       138.66         0.77        0.70        0.88         135.10         -140.93        127.88          10.60         -10.01        10.78          
1.30  -0.433 0.454  -0.156 0.94           0.94           0.99            159.17        -159.82       152.12         0.71        0.71        0.78         151.99         -152.80        143.51          7.18          -7.02         8.61           
1.33  -0.459 0.458  -0.145 0.79           0.84           0.85            170.23        -156.94       155.34         0.54        0.62        0.64         165.75         -147.89        145.90          4.48          -9.06         9.44           
1.37  -0.482 0.457  -0.137 0.70           0.74           0.74            -177.67       -160.73       160.61         0.45        0.51        0.51         -176.36        -151.40        151.24          -1.30         -9.33         9.37           
1.40  -0.509 0.457  -0.129 0.79           0.83           0.83            -179.45       -162.72       162.72         0.54        0.60        0.60         -179.20        -155.56        155.55          -0.25         -7.16         7.16           
1.43  -0.540 0.448  -0.111 0.98           1.07           1.11            -163.85       -151.02       148.00         0.74        0.86        0.91         -158.47        -142.96        139.59          -5.38         -8.06         8.41           
1.47  -0.564 0.429  -0.105 0.91           0.73           0.93            -140.61       -164.63       139.11         0.73        0.49        0.76         -128.11        -156.90        126.64          -12.50        -7.74         12.46          
1.50  -0.588 0.414  -0.091 0.86           0.86           0.96            -149.94       -150.50       141.01         0.66        0.65        0.78         -138.98        -139.62        129.42          -10.96        -10.88        11.59          
1.53  -0.610 0.392  -0.079 0.94           0.73           1.00            -133.12       -151.81       129.93         0.79        0.52        0.86         -119.73        -138.68        117.04          -13.39        -13.12        12.89          
1.57  -0.623 0.362  -0.060 0.98           0.71           1.14            -114.30       -124.98       110.77         0.91        0.60        1.08         -99.79         -104.97        98.25           -14.51        -20.01        12.53          
1.60  -0.632 0.341  -0.045 0.68           0.51           0.82            -111.09       -118.66       107.49         0.64        0.45        0.78         -89.58         -89.41         89.66           -21.51        -29.25        17.83          
1.63  -0.636 0.330  -0.028 0.33           0.54           0.62            -112.85       -103.74       101.94         0.33        0.54        0.62         -68.04         -76.84         78.56           -44.81        -26.90        23.38          
1.67  -0.623 0.300  -0.014 0.99           0.56           1.07            -66.84        -46.06        68.65          1.11        0.76        1.18         -54.93         -32.30         57.31           -11.92        -13.76        11.34          
1.70  -0.615 0.274  -0.007 0.81           0.32           0.84            -72.98        -43.35        73.62          0.91        0.53        0.94         -57.76         -24.61         58.79           -15.22        -18.74        14.83          
1.73  -0.601 0.262  0.004  0.56           0.52           0.64            -42.11        -37.22        49.74          0.76        0.74        0.83         -29.44         -25.37         36.40           -12.67        -11.85        13.34          
1.77  -0.590 0.254  0.015  0.41           0.47           0.53            -36.87        -46.55        52.32          0.62        0.67        0.71         -22.95         -30.79         36.17           -13.92        -15.76        16.15          
1.80  -0.572 0.226  0.030  0.99           0.71           1.09            -56.32        -39.25        59.66          1.15        0.92        1.24         -45.92         -29.35         49.62           -10.40        -9.90         10.04          
1.83  -0.560 0.212  0.047  0.55           0.60           0.74            -51.13        -54.97        62.12          0.73        0.77        0.88         -35.74         -39.61         47.64           -15.39        -15.36        14.49          
1.87  -0.548 0.197  0.060  0.56           0.53           0.69            -50.57        -47.86        58.68          0.75        0.72        0.84         -35.58         -33.02         44.03           -14.99        -14.83        14.65          
1.90  -0.534 0.182  0.085  0.62           0.87           0.98            -46.82        -60.74        64.31          0.81        1.01        1.11         -33.83         -48.31         52.59           -12.99        -12.44        11.72          
1.93  -0.529 0.186  0.107  0.21           0.68           0.69            33.59         -75.27        75.48          0.44        0.79        0.79         15.24          -57.34         57.73           18.35         -17.93        17.75          
1.97  -0.526 0.195  0.129  0.26           0.65           0.70            73.64         -83.54        83.97          0.41        0.73        0.77         37.77          -63.51         65.07           35.87         -20.02        18.90          
2.00  -0.528 0.214  0.138  0.59           0.30           0.66            94.26         -98.43        93.81          0.62        0.36        0.69         70.70          -55.13         72.63           23.56         -43.29        21.18          
2.03  -0.515 0.239  0.151  0.84           0.53           0.92            62.62         -43.53        65.07          0.98        0.74        1.05         49.56          -30.00         52.59           13.06         -13.53        12.48          
2.07  -0.516 0.279  0.136  1.18           0.43           1.26            91.87         95.11         91.75          1.20        0.48        1.27         79.85          63.83          80.45           12.02         31.28         11.30          
2.10  -0.509 0.299  0.125  0.64           0.40           0.72            70.15         57.28         72.53          0.76        0.58        0.83         52.15          35.87          55.89           18.00         21.41         16.65          
2.13  -0.502 0.310  0.106  0.39           0.62           0.71            58.68         70.70         73.12          0.57        0.74        0.81         36.51          52.14          56.03           22.17         18.56         17.09          
2.17  -0.490 0.334  0.082  0.80           0.79           1.07            63.17         62.91         70.22          0.94        0.93        1.18         49.44          49.13          58.68           13.73         13.78         11.54          
2.20  -0.495 0.341  0.061  0.27           0.64           0.68            125.47        104.21        103.42         0.24        0.63        0.67         67.54          81.64          82.12           57.93         22.57         21.31          
2.23  -0.491 0.353  0.036  0.39           0.78           0.86            70.81         80.64         81.53          0.52        0.86        0.93         44.03          63.90          66.12           26.78         16.74         15.41          
2.27  -0.480 0.345  0.012  0.40           0.79           0.82            -37.41        66.15         67.28          0.62        0.92        0.95         -23.18         51.71          53.21           -14.22        14.44         14.07          
2.30  -0.475 0.337  -0.018 0.29           0.89           0.92            -52.86        78.87         79.22          0.48        0.97        1.00         -28.30         64.26          64.99           -24.55        14.61         14.24          
2.33  -0.466 0.322  -0.047 0.52           0.90           1.02            -62.49        74.48         76.23          0.68        1.00        1.10         -43.34         60.54          63.50           -19.15        13.95         12.73          
2.37  -0.465 0.313  -0.079 0.28           0.96           1.00            -83.50        88.12         88.19          0.40        1.00        1.04         -44.65         73.71          74.32           -38.85        14.40         13.87          
2.40  -0.455 0.301  -0.111 0.46           1.01           1.06            -48.35        72.39         73.36          0.65        1.11        1.16         -31.67         59.96          61.42           -16.67        12.43         11.93          
2.43  -0.450 0.300  -0.140 0.16           0.90           0.90            -15.55        80.35         80.36          0.40        0.98        0.98         -5.99          65.72          65.74           -9.57         14.64         14.62          
2.47  -0.438 0.282  -0.179 0.65           1.22           1.33            -54.74        72.19         73.69          0.82        1.32        1.42         -40.28         61.79          63.97           -14.47        10.40         9.72           
2.50  -0.430 0.271  -0.211 0.40           0.98           1.04            -55.43        76.49         77.22          0.58        1.07        1.12         -34.76         63.33          64.62           -20.67        13.17         12.60          
2.53  -0.423 0.260  -0.240 0.38           0.89           0.95            -57.55        76.77         77.56          0.56        0.98        1.03         -35.29         62.41          63.89           -22.27        14.36         13.68          
2.57  -0.410 0.258  -0.272 0.42           1.06           1.06            -11.52        67.24         67.32          0.67        1.18        1.18         -7.22          55.98          56.07           -4.30         11.27         11.24          
2.60  -0.399 0.253  -0.304 0.35           1.01           1.02            -22.72        71.23         71.40          0.59        1.12        1.13         -13.33         59.01          59.27           -9.39         12.21         12.13          
2.63  -0.388 0.255  -0.340 0.34           1.11           1.11            11.34         72.40         72.44          0.59        1.21        1.21         6.54           61.00          61.05           4.79          11.41         11.39          
2.67  -0.378 0.262  -0.376 0.37           1.13           1.15            34.43         74.36         74.63          0.59        1.22        1.24         20.63          62.99          63.41           13.80         11.37         11.22          
2.70  -0.367 0.263  -0.394 0.30           0.64           0.64            3.43          61.57         61.58          0.55        0.79        0.79         1.88           45.35          45.36           1.55          16.23         16.22          
2.73  -0.363 0.278  -0.427 0.47           0.99           1.09            74.36         82.59         83.28          0.59        1.05        1.15         50.35          68.94          70.75           24.02         13.65         12.52          
2.77  -0.353 0.271  -0.458 0.36           0.98           1.00            -34.68        72.19         72.59          0.59        1.08        1.10         -20.65         59.47          60.07           -14.03        12.72         12.52          
2.80  -0.345 0.274  -0.483 0.27           0.80           0.81            19.38         71.19         71.32          0.52        0.91        0.92         10.14          56.19          56.38           9.24          15.00         14.94          
2.83  -0.344 0.278  -0.513 0.12           0.89           0.90            79.35         88.57         88.58          0.30        0.93        0.94         23.44          72.95          73.09           55.91         15.62         15.49          
2.87  -0.338 0.279  -0.545 0.19           0.97           0.97            6.39          78.78         78.78          0.44        1.04        1.04         2.75           65.18          65.19           3.64          13.60         13.60          
2.90  -0.330 0.283  -0.572 0.25           0.84           0.85            26.39         74.80         74.93          0.48        0.94        0.94         13.08          59.89          60.11           13.30         14.91         14.82          
2.93  -0.331 0.289  -0.596 0.20           0.74           0.76            94.55         91.21         91.17          0.31        0.78        0.80         39.93          72.41          72.96           54.62         18.80         18.21          
2.97  -0.334 0.302  -0.608 0.39           0.36           0.52            106.37        108.04        102.30         0.40        0.37        0.52         69.61          67.60          74.57           36.76         40.44         27.74          
3.00  -0.344 0.345  -0.613 1.32           0.33           1.33            102.70        151.00        102.61         1.29        0.17        1.30         91.82          104.29         91.81           10.88         46.71         10.80          
3.03  -0.347 0.354  -0.616 0.30           0.12           0.31            105.63        133.29        105.01         0.33        0.19        0.34         59.21          26.49          60.26           46.42         106.80        44.75          
3.07  -0.364 0.386  -0.602 1.09           0.66           1.17            117.89        -141.19       115.97         1.00        0.49        1.08         105.12         -122.41        103.96          12.77         -18.78        12.00          
3.10  -0.389 0.419  -0.582 1.24           0.96           1.38            127.32        -141.94       123.21         1.11        0.78        1.26         117.00         -130.49        113.63          10.32         -11.46        9.58           
3.13  -0.402 0.446  -0.561 0.89           0.76           1.10            116.72        -121.97       111.39         0.81        0.66        1.03         100.69         -103.18        98.36           16.02         -18.79        13.03          
3.17  -0.418 0.461  -0.538 0.67           0.83           0.95            136.51        -125.55       120.61         0.52        0.72        0.85         117.04         -109.08        105.98          19.47         -16.47        14.63          
3.20  -0.429 0.476  -0.509 0.54           0.93           1.03            124.40        -109.15       107.21         0.45        0.88        0.98         96.89          -93.51         93.13           27.51         -15.65        14.08          
3.23  -0.451 0.494  -0.478 0.87           1.15           1.27            142.06        -126.60       122.73         0.69        1.02        1.15         129.21         -115.28        112.23          12.85         -11.31        10.49          
3.27  -0.472 0.526  -0.457 1.15           0.89           1.32            122.40        -133.60       117.84         1.04        0.74        1.22         110.68         -119.53        107.44          11.72         -14.07        10.40          
3.30  -0.496 0.543  -0.424 0.87           1.22           1.32            144.92        -125.84       122.79         0.68        1.09        1.20         132.79         -115.16        112.73          12.13         -10.68        10.06          
3.33  -0.514 0.553  -0.387 0.61           1.24           1.28            151.20        -115.68       114.94         0.41        1.16        1.19         134.28         -104.46        104.00          16.92         -11.23        10.94          
3.37  -0.545 0.556  -0.353 0.94           1.37           1.38            173.84        -133.00       132.86         0.69        1.22        1.22         171.63         -124.37        124.23          2.21          -8.64         8.63           
3.40  -0.577 0.583  -0.324 1.26           1.31           1.54            140.40        -137.80       129.17         1.08        1.14        1.39         131.90         -129.31        121.17          8.49          -8.49         8.00           
3.43  -0.597 0.563  -0.279 0.84           1.48           1.60            -133.85       -113.26       111.42         0.69        1.40        1.52         -118.74        -103.78        102.62          -15.11        -9.47         8.80           
3.47  -0.621 0.541  -0.232 0.97           1.58           1.71            -138.24       -117.35       115.15         0.80        1.48        1.62         -126.29        -108.73        107.11          -11.95        -8.62         8.04           
3.50  -0.645 0.528  -0.199 0.83           1.21           1.28            -150.99       -126.50       124.40         0.62        1.08        1.16         -139.69        -115.82        114.11          -11.30        -10.68        10.28          
3.53  -0.666 0.513  -0.159 0.78           1.36           1.42            -145.42       -118.12       116.63         0.59        1.26        1.33         -131.44        -108.02        106.97          -13.98        -10.10        9.66           
3.57  -0.688 0.490  -0.125 0.95           1.22           1.40            -134.12       -122.68       118.15         0.80        1.11        1.30         -121.09        -111.75        108.40          -13.02        -10.93        9.74           
3.60  -0.709 0.472  -0.088 0.84           1.28           1.39            -139.05       -119.54       116.95         0.67        1.18        1.30         -124.83        -108.88        107.06          -14.23        -10.65        9.89           
3.63  -0.732 0.449  -0.059 0.98           1.10           1.30            -134.57       -128.91       121.97         0.83        0.96        1.19         -122.15        -117.25        111.72          -12.41        -11.65        10.25          
3.67  -0.747 0.432  -0.027 0.66           1.05           1.16            -131.72       -114.48       112.07         0.52        0.98        1.09         -110.85        -101.01        99.83           -20.86        -13.47        12.24          
3.70  -0.755 0.418  -0.000 0.49           0.86           0.95            -119.85       -106.48       104.73         0.42        0.82        0.92         -89.03         -89.50         89.55           -30.83        -16.98        15.18          
3.73  -0.759 0.390  0.023  0.86           0.70           1.10            -98.32        -100.36       96.52          0.86        0.70        1.10         -81.70         -79.67         83.50           -16.62        -20.69        13.01          
3.77  -0.764 0.377  0.037  0.41           0.45           0.59            -111.44       -109.32       104.66         0.39        0.44        0.58         -75.06         -76.59         79.92           -36.38        -32.73        24.74          
3.80  -0.750 0.344  0.048  1.08           0.54           1.13            -67.25        -38.73        68.32          1.20        0.75        1.24         -56.16         -26.64         57.56           -11.09        -12.09        10.76          
3.83  -0.741 0.319  0.051  0.80           0.29           0.81            -69.69        -16.95        69.81          0.92        0.54        0.93         -54.95         -9.14          55.12           -14.74        -7.82         14.68          
3.87  -0.725 0.302  0.045  0.71           0.52           0.73            -46.21        18.67         47.64          0.90        0.76        0.92         -34.69         12.63          36.03           -11.53        6.04          11.60          
3.90  -0.698 0.282  0.042  1.00           0.82           1.01            -36.06        7.28          36.47          1.21        1.06        1.22         -29.09         5.57           29.46           -6.97         1.70          7.02           
3.93  -0.679 0.269  0.040  0.69           0.58           0.69            -33.79        7.19          34.25          0.91        0.82        0.91         -24.95         5.01           25.34           -8.83         2.18          8.91           
3.97  -0.658 0.262  0.044  0.67           0.64           0.68            -19.60        -11.01        22.08          0.91        0.89        0.91         -14.28         -7.92          16.18           -5.31         -3.09         5.90           
4.00  -0.649 0.250  0.050  0.44           0.32           0.48            -53.43        -34.35        56.51          0.62        0.54        0.65         -34.68         -19.33         37.80           -18.75        -15.02        18.71          
4.03  -0.641 0.242  0.060  0.33           0.39           0.45            -43.28        -51.52        57.53          0.54        0.58        0.62         -24.75         -31.64         37.58           -18.53        -19.89        19.95          
4.07  -0.633 0.237  0.068  0.29           0.35           0.39            -34.70        -48.32        52.84          0.51        0.55        0.58         -18.55         -28.55         32.59           -16.16        -19.77        20.25          
4.10  -0.631 0.239  0.077  0.08           0.27           0.28            48.00         -79.21        79.44          0.31        0.40        0.41         10.64          -41.59         42.22           37.36         -37.62        37.22          
4.13  -0.622 0.238  0.092  0.28           0.53           0.53            -5.87         -58.44        58.49          0.53        0.70        0.70         -3.10          -40.61         40.66           -2.77         -17.83        17.82          
4.17  -0.615 0.237  0.105  0.21           0.43           0.44            -5.43         -61.69        61.72          0.46        0.60        0.60         -2.46          -40.00         40.04           -2.97         -21.69        21.68          
4.20  -0.604 0.244  0.119  0.39           0.52           0.56            33.24         -51.19        54.57          0.62        0.71        0.74         20.37          -35.16         38.53           12.87         -16.03        16.04          
4.23  -0.599 0.255  0.136  0.34           0.54           0.62            63.52         -73.90        75.98          0.50        0.66        0.73         37.08          -52.52         56.43           26.45         -21.38        19.54          
4.27  -0.596 0.283  0.142  0.87           0.19           0.89            84.10         -61.22        84.20          0.93        0.38        0.95         68.62          -25.66         68.96           15.48         -35.56        15.25          
4.30  -0.592 0.300  0.155  0.51           0.42           0.65            75.82         -72.63        78.88          0.62        0.55        0.74         52.82          -46.80         59.46           23.00         -25.83        19.42          
4.33  -0.584 0.342  0.152  1.29           0.27           1.29            78.46         18.48         78.49          1.36        0.52        1.37         68.11          9.64           68.16           10.35         8.85          10.33          
4.37  -0.585 0.366  0.152  0.71           0.04           0.71            93.31         158.78        93.31          0.74        0.21        0.74         73.67          4.39           73.68           19.64         154.39        19.63          
4.40  -0.586 0.382  0.131  0.49           0.61           0.78            94.28         93.44         92.68          0.53        0.64        0.81         66.37          70.64          74.68           27.92         22.80         18.01          
4.43  -0.591 0.405  0.110  0.71           0.65           0.95            101.45        102.45        98.49          0.70        0.65        0.95         81.07          80.28          83.40           20.37         22.17         15.09          
4.47  -0.601 0.417  0.086  0.45           0.78           0.85            130.46        112.21        110.21         0.35        0.72        0.80         97.43          93.57          93.22           33.03         18.64         16.99          
4.50  -0.600 0.420  0.069  0.09           0.51           0.52            72.71         86.93         86.97          0.29        0.58        0.59         17.52          61.37          61.73           55.19         25.56         25.25          
4.53  -0.604 0.407  0.050  0.39           0.58           0.69            -107.96       101.81        99.97          0.39        0.59        0.69         -70.46         77.10          79.11           -37.51        24.71         20.86          
4.57  -0.614 0.410  0.025  0.33           0.81           0.81            166.54        113.15        113.04         0.10        0.74        0.75         131.38         95.15          95.13           35.16         18.00         17.92          
4.60  -0.624 0.408  0.005  0.30           0.67           0.67            -165.77       115.75        115.59         0.08        0.60        0.61         -119.14        93.90          93.87           -46.63        21.85         21.71          
4.63  -0.642 0.413  -0.023 0.56           1.01           1.03            162.37        122.08        121.58         0.34        0.91        0.92         149.31         108.56         108.22          13.06         13.53         13.36          
4.67  -0.665 0.423  -0.043 0.76           0.92           0.97            157.10        139.77        136.60         0.54        0.75        0.80         146.76         127.30         124.28          10.34         12.47         12.32          
4.70  -0.696 0.433  -0.058 0.97           1.01           1.06            161.31        154.69        149.83         0.73        0.79        0.85         155.05         146.96         141.35          6.26          7.73          8.48           
4.73  -0.726 0.447  -0.074 0.98           1.01           1.09            155.65        151.94        145.04         0.76        0.80        0.90         147.86         143.51         135.86          7.78          8.43          9.18           
4.77  -0.758 0.457  -0.088 1.02           1.07           1.11            162.12        156.06        151.24         0.79        0.84        0.90         156.54         149.15         143.56          5.58          6.91          7.68           
4.80  -0.784 0.478  -0.096 0.98           0.79           1.01            141.07        163.50        139.29         0.80        0.56        0.83         129.76         156.21         127.99          11.31         7.29          11.30          
4.83  -0.817 0.499  -0.109 1.19           1.09           1.26            148.37        158.91        144.00         0.99        0.86        1.06         140.76         152.91         136.06          7.62          6.00          7.94           
4.87  -0.846 0.517  -0.119 1.01           0.91           1.05            147.79        160.23        144.05         0.81        0.68        0.86         138.29         153.04         134.26          9.51          7.19          9.80           
4.90  -0.871 0.539  -0.135 1.02           0.90           1.13            137.99        147.54        132.20         0.85        0.70        0.98         126.64         136.49         121.28          11.34         11.05         10.92          
4.93  -0.891 0.565  -0.150 0.98           0.75           1.08            128.29        143.91        124.39         0.85        0.57        0.96         114.96         128.96         111.97          13.34         14.95         12.42          
4.97  -0.910 0.591  -0.157 0.94           0.59           0.96            125.90        159.08        124.90         0.82        0.37        0.85         111.59         145.04         110.88          14.31         14.04         14.02          
5.00  -0.931 0.623  -0.160 1.15           0.63           1.16            122.64        171.59        122.52         1.04        0.38        1.04         110.97         166.11         110.88          11.67         5.47          11.64          
5.03  -0.948 0.652  -0.156 1.02           0.53           1.03            120.30        -168.29       120.12         0.92        0.29        0.93         106.79         -158.13        106.67          13.51         -10.16        13.45          
5.07  -0.965 0.685  -0.144 1.11           0.64           1.17            118.11        -144.92       116.57         1.02        0.46        1.08         105.58         -126.61        104.63          12.54         -18.31        11.95          
5.10  -0.978 0.702  -0.129 0.63           0.59           0.78            126.15        -129.53       118.68         0.53        0.47        0.69         103.56         -105.24        100.24          22.59         -24.29        18.44          
5.13  -0.988 0.715  -0.108 0.51           0.70           0.81            128.75        -117.32       113.48         0.41        0.63        0.74         100.05         -96.51         95.48           28.70         -20.81        18.00          
5.17  -0.997 0.718  -0.091 0.29           0.59           0.60            161.22        -117.70       117.33         0.10        0.52        0.53         104.39         -92.62         92.58           56.83         -25.08        24.75          
5.20  -1.001 0.715  -0.069 0.16           0.66           0.66            -139.99       -100.61       100.48         0.16        0.66        0.67         -38.14         -78.68         78.81           -101.85       -21.93        21.67          
5.23  -1.009 0.686  -0.046 0.90           0.74           1.14            -104.89       -108.33       101.72         0.87        0.70        1.12         -88.82         -88.53         89.08           -16.07        -19.80        12.64          
5.27  -1.007 0.668  -0.018 0.56           0.84           1.00            -82.34        -84.90        85.75          0.64        0.89        1.05         -59.59         -68.74         72.03           -22.75        -16.16        13.71          
5.30  -1.005 0.637  0.007  0.91           0.76           1.19            -86.01        -85.23        86.94          0.96        0.82        1.23         -71.01         -67.62         75.21           -15.00        -17.61        11.73          
5.33  -1.002 0.609  0.033  0.85           0.79           1.16            -85.37        -85.01        86.60          0.90        0.85        1.20         -69.37         -67.91         74.57           -16.00        -17.10        12.03          
5.37  -0.991 0.595  0.062  0.54           0.93           1.02            -50.31        -68.53        70.44          0.72        1.05        1.13         -34.84         -55.75         58.40           -15.48        -12.78        12.04          
5.40  -0.997 0.555  0.087  1.21           0.77           1.42            -98.72        -103.78       97.41          1.20        0.75        1.41         -86.80         -84.89         87.29           -11.91        -18.89        10.12          
5.43  -0.988 0.517  0.111  1.18           0.77           1.38            -76.26        -68.56        78.27          1.26        0.89        1.45         -65.18         -53.40         68.56           -11.08        -15.17        9.71           
5.47  -0.987 0.492  0.122  0.75           0.33           0.82            -89.22        -88.20        89.28          0.80        0.42        0.86         -70.97         -51.43         72.43           -18.25        -36.76        16.85          
5.50  -0.982 0.460  0.130  0.97           0.29           1.00            -81.26        -59.13        81.53          1.04        0.47        1.07         -67.51         -31.85         68.15           -13.75        -27.28        13.38          
5.53  -0.972 0.433  0.126  0.86           0.35           0.87            -67.78        19.94         68.00          0.99        0.59        0.99         -54.21         11.62          54.51           -13.57        8.32          13.49          
5.57  -0.956 0.408  0.103  0.88           0.83           1.12            -58.69        56.63         65.92          1.03        0.99        1.24         -46.72         44.44          55.33           -11.97        12.19         10.60          
5.60  -0.954 0.369  0.072  1.18           0.94           1.51            -87.21        86.49         87.81          1.22        0.99        1.54         -75.41         71.89          78.49           -11.80        14.60         9.33           
5.63  -0.948 0.344  0.045  0.77           0.83           1.11            -74.71        75.89         79.52          0.87        0.92        1.18         -58.56         60.66          67.52           -16.15        15.23         12.00          
5.67  -0.953 0.324  0.027  0.62           0.58           0.83            -105.54       106.80        101.56         0.60        0.56        0.82         -82.06         81.39          84.14           -23.47        25.41         17.41          
5.70  -0.951 0.300  -0.000 0.74           0.81           1.10            -85.77        86.10         87.13          0.80        0.86        1.14         -67.67         69.27          74.45           -18.10        16.83         12.68          
5.73  -0.954 0.262  -0.041 1.13           1.22           1.66            -94.30        94.00         92.93          1.14        1.22        1.66         -81.67         82.25          84.31           -12.63        11.75         8.63           
5.77  -0.962 0.241  -0.072 0.68           0.98           1.17            -111.17       104.53        102.16         0.64        0.95        1.15         -89.74         89.82          89.85           -21.43        14.71         12.30          
5.80  -0.976 0.212  -0.097 0.96           0.84           1.21            -114.99       118.85        109.59         0.89        0.75        1.15         -100.17        101.97         97.79           -14.82        16.89         11.79          
5.83  -0.981 0.197  -0.126 0.48           0.89           1.00            -109.29       100.28        99.15          0.46        0.88        0.99         -78.60         84.03          84.70           -30.69        16.25         14.45          
5.87  -0.991 0.180  -0.159 0.58           1.02           1.14            -119.58       106.34        104.60         0.51        0.98        1.10         -94.21         92.18          91.93           -25.37        14.16         12.66          
5.90  -0.987 0.166  -0.167 0.43           0.27           0.49            -72.75        61.55         74.93          0.56        0.44        0.60         -47.31         31.84          51.33           -25.44        29.71         23.60          
5.93  -0.984 0.159  -0.169 0.24           0.11           0.25            -72.04        48.43         73.07          0.39        0.33        0.40         -34.85         14.28          36.56           -37.18        34.15         36.51          
5.97  -0.976 0.156  -0.177 0.26           0.35           0.35            -15.12        44.06         45.14          0.50        0.55        0.56         -7.69          25.79          26.64           -7.44         18.27         18.49          
6.00  -0.967 0.170  -0.178 0.48           0.26           0.48            57.49         4.46          57.53          0.65        0.51        0.65         38.44          2.26           38.47           19.05         2.20          19.05          
6.03  -0.950 0.161  -0.183 0.58           0.53           0.60            -28.43        15.97         31.48          0.81        0.77        0.82         -19.96         10.87          22.33           -8.47         5.10          9.15           
6.07  -0.933 0.148  -0.176 0.64           0.56           0.68            -36.69        -22.79        40.54          0.86        0.79        0.88         -26.63         -15.79         29.93           -10.05        -7.00         10.61          
6.10  -0.918 0.135  -0.170 0.59           0.49           0.62            -39.64        -22.61        42.83          0.80        0.73        0.82         -28.10         -15.02         30.86           -11.54        -7.58         11.97          
6.13  -0.895 0.119  -0.165 0.84           0.69           0.85            -35.65        -11.08        36.63          1.05        0.94        1.06         -27.68         -8.15          28.54           -7.97         -2.93         8.09           
6.17  -0.869 0.107  -0.161 0.88           0.81           0.89            -24.93        -9.00         26.15          1.12        1.06        1.12         -19.51         -6.88          20.52           -5.42         -2.11         5.63           
6.20  -0.843 0.108  -0.149 0.76           0.84           0.84            2.53          -24.01        24.12          1.01        1.07        1.07         1.91           -18.55         18.64           0.62          -5.46         5.48           
6.23  -0.817 0.110  -0.147 0.79           0.79           0.79            6.10          -6.41         8.81           1.04        1.04        1.04         4.64           -4.87          6.71            1.47          -1.54         2.11           
6.27  -0.791 0.113  -0.140 0.79           0.81           0.81            6.46          -13.34        14.72          1.04        1.05        1.06         4.91           -10.20         11.28           1.55          -3.13         3.44           
6.30  -0.765 0.124  -0.135 0.84           0.79           0.86            23.15         -10.87        25.11          1.08        1.04        1.09         17.91          -8.26          19.51           5.24          -2.61         5.60           
6.33  -0.742 0.141  -0.129 0.83           0.70           0.85            35.25         -14.71        37.02          1.05        0.95        1.06         27.34          -10.87         28.88           7.91          -3.84         8.13           
6.37  -0.721 0.166  -0.125 0.98           0.64           0.99            50.43         -11.80        50.84          1.16        0.89        1.17         40.85          -8.49          41.27           9.58          -3.31         9.57           
6.40  -0.700 0.187  -0.124 0.91           0.64           0.91            45.62         -3.37         45.67          1.10        0.89        1.10         36.26          -2.42          36.30           9.36          -0.95         9.36           
6.43  -0.673 0.202  -0.115 0.92           0.85           0.96            28.50         -17.48        32.11          1.15        1.09        1.18         22.55          -13.54         25.64           5.95          -3.94         6.47           
6.47  -0.656 0.209  -0.102 0.55           0.65           0.68            21.77         -38.20        41.43          0.79        0.86        0.89         15.03          -27.89         30.69           6.74          -10.31        10.74          
6.50  -0.634 0.238  -0.098 1.09           0.67           1.10            52.76         -8.75         52.94          1.26        0.92        1.26         43.67          -6.37          43.86           9.09          -2.38         9.08           
6.53  -0.612 0.261  -0.099 0.97           0.67           0.97            46.43         2.32          46.45          1.16        0.92        1.16         37.43          1.69           37.45           9.01          0.63          9.01           
6.57  -0.592 0.283  -0.096 0.89           0.60           0.89            47.94         -8.22         48.18          1.07        0.85        1.07         37.96          -5.81          38.20           9.98          -2.41         9.99           
6.60  -0.565 0.303  -0.096 1.00           0.81           1.00            36.15         -1.12         36.16          1.21        1.06        1.21         29.16          -0.85          29.17           7.00          -0.26         7.00           
6.63  -0.545 0.304  -0.101 0.61           0.63           0.63            3.80          14.21         14.67          0.86        0.87        0.87         2.70           10.18          10.52           1.10          4.03          4.15           
6.67  -0.530 0.313  -0.111 0.50           0.53           0.59            30.33         34.57         42.11          0.73        0.75        0.79         20.39          23.65          29.87           9.94          10.92         12.24          
6.70  -0.521 0.307  -0.123 0.33           0.46           0.49            -31.69        51.85         54.74          0.56        0.64        0.67         -18.13         34.03          36.88           -13.56        17.82         17.86          
6.73  -0.505 0.294  -0.142 0.62           0.74           0.84            -39.73        50.17         55.57          0.83        0.92        1.00         -28.56         38.14          43.69           -11.17        12.03         11.87          
6.77  -0.490 0.283  -0.153 0.56           0.57           0.66            -35.81        35.90         45.63          0.78        0.78        0.85         -25.03         25.10          33.48           -10.79        10.81         12.15          
6.80  -0.476 0.272  -0.173 0.53           0.73           0.81            -39.32        55.89         59.36          0.74        0.90        0.96         -26.99         42.56          46.40           -12.32        13.33         12.96          
6.83  -0.463 0.261  -0.192 0.52           0.68           0.76            -39.93        54.30         58.38          0.73        0.85        0.91         -27.20         40.52          44.92           -12.73        13.78         13.46          
6.87  -0.458 0.259  -0.210 0.15           0.56           0.56            -15.58        75.09         75.13          0.40        0.67        0.67         -5.81          53.91          53.98           -9.77         21.18         21.15          
6.90  -0.450 0.262  -0.236 0.24           0.83           0.83            22.67         74.37         74.47          0.48        0.93        0.93         11.14          59.33          59.50           11.52         15.04         14.97          
6.93  -0.435 0.271  -0.257 0.53           0.78           0.82            28.17         53.13         55.16          0.76        0.96        0.99         19.28          41.04          43.18           8.89          12.08         11.99          
6.97  -0.425 0.283  -0.276 0.46           0.63           0.72            50.85         62.60         66.38          0.64        0.77        0.85         33.33          45.92          50.76           17.52         16.68         15.62          
7.00  -0.426 0.294  -0.296 0.34           0.60           0.69            96.42         93.59         93.14          0.40        0.63        0.72         57.48          70.42          72.74           38.94         23.17         20.39          
7.03  -0.425 0.304  -0.327 0.32           0.93           0.98            83.92         87.91         88.02          0.43        0.97        1.02         48.18          72.97          73.84           35.74         14.94         14.18          
7.07  -0.431 0.316  -0.342 0.40           0.50           0.61            117.26        111.17        107.20         0.36        0.47        0.59         78.99          81.69          83.34           38.27         29.48         23.86          
7.10  -0.439 0.319  -0.368 0.24           0.80           0.80            161.41        106.36        106.28         0.08        0.77        0.77         72.04          88.17          88.18           89.38         18.19         18.11          
7.13  -0.439 0.327  -0.386 0.26           0.54           0.60            91.47         90.71         90.64          0.36        0.59        0.65         46.94          65.77          67.93           44.53         24.94         22.71          
7.17  -0.437 0.340  -0.410 0.39           0.72           0.81            83.28         86.35         86.79          0.49        0.77        0.86         52.64          67.52          70.01           30.65         18.82         16.78          
7.20  -0.423 0.350  -0.428 0.52           0.71           0.76            33.41         52.34         55.48          0.74        0.88        0.93         22.69          39.40          42.67           10.71         12.94         12.81          
7.23  -0.425 0.365  -0.447 0.48           0.57           0.74            97.72         96.48         94.98          0.51        0.60        0.76         68.61          71.82          75.88           29.11         24.66         19.10          
7.27  -0.414 0.371  -0.463 0.38           0.59           0.61            24.80         53.40         54.91          0.62        0.76        0.78         15.07          38.11          39.67           9.74          15.29         15.25          
7.30  -0.404 0.376  -0.487 0.34           0.79           0.81            28.74         67.94         68.42          0.57        0.92        0.93         16.62          53.33          53.99           12.12         14.61         14.43          
7.33  -0.393 0.385  -0.492 0.41           0.34           0.43            40.81         25.35         44.57          0.62        0.58        0.63         25.46          14.64          28.51           15.35         10.71         16.06          
7.37  -0.385 0.367  -0.516 0.60           0.74           0.92            -65.60        70.63         74.47          0.73        0.86        1.01         -47.56         54.66          60.73           -18.05        15.97         13.74          
7.40  -0.380 0.359  -0.532 0.28           0.50           0.55            -58.90        73.36         75.01          0.46        0.62        0.66         -31.12         50.62          53.67           -27.78        22.74         21.34          
7.43  -0.365 0.346  -0.527 0.61           0.49           0.62            -39.72        -14.87        41.10          0.82        0.73        0.83         -28.46         -9.83          29.64           -11.27        -5.04         11.46          
7.47  -0.348 0.328  -0.523 0.75           0.53           0.75            -46.43        -12.91        47.10          0.94        0.77        0.94         -35.27         -8.77          35.90           -11.16        -4.14         11.20          
7.50  -0.333 0.308  -0.500 0.73           0.82           1.01            -54.15        -58.22        64.81          0.90        0.97        1.14         -41.20         -45.60         53.37           -12.95        -12.63        11.45          
7.53  -0.316 0.292  -0.476 0.71           0.89           1.01            -42.51        -54.10        58.90          0.91        1.06        1.16         -31.78         -43.04         48.26           -10.73        -11.06        10.65          
7.57  -0.304 0.270  -0.443 0.76           1.07           1.26            -61.70        -70.32        73.41          0.90        1.18        1.35         -47.60         -58.76         63.20           -14.09        -11.55        10.21          
7.60  -0.297 0.253  -0.413 0.56           0.92           1.06            -67.54        -76.63        78.36          0.69        1.01        1.14         -48.12         -62.73         65.92           -19.42        -13.90        12.44          
7.63  -0.296 0.265  -0.378 0.38           1.06           1.12            87.42         -89.08        89.13          0.46        1.09        1.16         54.85          -75.83         76.63           32.58         -13.24        12.50          
7.67  -0.298 0.257  -0.347 0.26           0.92           0.95            -99.01        -92.58        92.48          0.33        0.94        0.97         -51.30         -77.16         77.64           -47.71        -15.42        14.85          
7.70  -0.306 0.268  -0.322 0.42           0.78           0.85            126.46        -108.79       107.18         0.34        0.74        0.82         90.41          -90.19         90.17           36.05         -18.60        17.00          
7.73  -0.314 0.273  -0.292 0.28           0.93           0.94            152.78        -105.64       105.49         0.13        0.90        0.91         90.78          -90.11         90.11           62.00         -15.53        15.38          
7.77  -0.328 0.275  -0.266 0.41           0.89           0.90            170.87        -116.64       116.57         0.16        0.81        0.82         156.86         -100.68        100.65          14.01         -15.96        15.92          
7.80  -0.348 0.290  -0.244 0.76           0.89           1.00            143.85        -133.19       127.74         0.57        0.74        0.87         128.96         -119.01        114.58          14.89         -14.18        13.17          
7.83  -0.367 0.327  -0.216 1.26           1.01           1.52            116.14        -123.50       111.52         1.18        0.90        1.45         105.13         -110.03        102.25          11.01         -13.47        9.26           
7.87  -0.381 0.341  -0.182 0.58           1.10           1.17            136.32        -112.36       110.95         0.43        1.03        1.11         112.89         -99.42         98.78           23.43         -12.94        12.17          
7.90  -0.400 0.367  -0.176 0.96           0.60           0.98            126.04        -162.02       125.30         0.84        0.37        0.86         112.11         -149.84        111.58          13.92         -12.18        13.72          
7.93  -0.428 0.399  -0.159 1.30           0.99           1.39            130.95        -149.00       127.58         1.15        0.79        1.26         121.49         -139.59        118.51          9.47          -9.41         9.07           
7.97  -0.444 0.424  -0.153 0.88           0.52           0.90            123.74        -159.66       122.96         0.77        0.30        0.79         108.11         -142.87        107.61          15.63         -16.79        15.34          
8.00  -0.457 0.445  -0.128 0.73           0.83           1.04            120.64        -116.76       111.01         0.64        0.75        0.98         101.13         -99.51         97.27           19.51         -17.26        13.74          
8.03  -0.474 0.466  -0.109 0.83           0.77           1.01            129.30        -132.84       121.53         0.70        0.63        0.90         113.25         -115.95        107.85          16.05         -16.89        13.68          
8.07  -0.490 0.488  -0.090 0.79           0.74           0.98            125.75        -128.70       118.17         0.67        0.61        0.89         108.22         -110.13        103.76          17.53         -18.58        14.41          
8.10  -0.498 0.499  -0.078 0.43           0.43           0.56            124.43        -124.76       116.00         0.36        0.35        0.50         89.29          -89.28         89.49           35.14         -35.48        26.50          
8.13  -0.513 0.527  -0.072 0.94           0.50           0.96            119.41        -157.40       118.75         0.84        0.28        0.86         104.41         -137.60        104.04          15.00         -19.80        14.71          
8.17  -0.517 0.542  -0.066 0.48           0.22           0.52            103.39        -120.69       102.46         0.49        0.23        0.52         73.59          -53.72         74.71           29.80         -66.97        27.74          
8.20  -0.522 0.574  -0.076 0.97           0.36           1.02            99.52         116.21        99.02          0.96        0.34        1.01         84.65          74.63          84.94           14.86         41.58         14.08          
8.23  -0.519 0.592  -0.091 0.53           0.44           0.68            78.25         75.69         80.84          0.63        0.56        0.76         55.52          49.91          61.98           22.73         25.78         18.86          
8.27  -0.514 0.606  -0.105 0.46           0.44           0.63            72.85         72.08         77.41          0.59        0.57        0.72         48.87          47.54          57.72           23.97         24.53         19.69          
8.30  -0.508 0.612  -0.120 0.27           0.51           0.54            43.66         67.76         69.14          0.48        0.65        0.67         22.55          46.77          48.79           21.11         20.99         20.35          
8.33  -0.496 0.606  -0.139 0.39           0.66           0.69            -31.07        59.31         60.80          0.62        0.81        0.84         -19.06         44.01          45.73           -12.01        15.30         15.07          
8.37  -0.483 0.592  -0.160 0.57           0.73           0.84            -46.07        57.28         61.88          0.76        0.89        0.98         -32.45         43.63          48.88           -13.63        13.65         12.99          
8.40  -0.471 0.558  -0.169 1.08           0.47           1.11            -69.41        36.71         70.11          1.19        0.69        1.22         -58.06         24.19          59.02           -11.35        12.52         11.09          
8.43  -0.453 0.529  -0.189 1.03           0.78           1.19            -60.26        49.17         64.52          1.17        0.96        1.31         -49.61         37.85          54.64           -10.65        11.32         9.88           
8.47  -0.440 0.525  -0.209 0.42           0.74           0.74            -12.98        56.29         56.60          0.67        0.90        0.91         -8.14          42.93          43.27           -4.84         13.36         13.33          
8.50  -0.418 0.493  -0.236 1.18           1.03           1.42            -56.29        50.46         62.57          1.33        1.20        1.55         -47.32         41.24          54.35           -8.97         9.22          8.22           
8.53  -0.410 0.483  -0.246 0.39           0.40           0.50            -49.45        50.15         59.15          0.59        0.59        0.66         -30.60         31.23          40.26           -18.85        18.93         18.88          
8.57  -0.384 0.460  -0.253 1.02           0.79           1.04            -41.20        15.44         42.55          1.22        1.04        1.24         -33.43         11.76          34.69           -7.77         3.68          7.86           
8.60  -0.367 0.441  -0.253 0.77           0.50           0.77            -49.43        0.37          49.43          0.95        0.75        0.95         -37.96         0.25           37.96           -11.48        0.12          11.48          
8.63  -0.347 0.416  -0.250 0.95           0.60           0.95            -50.95        -7.79         51.12          1.12        0.85        1.13         -40.99         -5.51          41.17           -9.96         -2.28         9.96           
8.67  -0.336 0.406  -0.236 0.45           0.56           0.64            -41.16        -52.80        57.69          0.66        0.74        0.80         -26.73         -37.20         42.33           -14.43        -15.61        15.36          
8.70  -0.320 0.382  -0.215 0.88           0.78           1.08            -57.18        -52.48        63.72          1.04        0.96        1.21         -45.50         -40.52         53.04           -11.68        -11.96        10.68          
8.73  -0.311 0.369  -0.193 0.47           0.70           0.79            -52.05        -65.90        68.79          0.65        0.84        0.91         -34.41         -50.06         54.01           -17.63        -15.84        14.78          
8.77  -0.301 0.350  -0.165 0.65           0.89           1.07            -64.58        -71.80        74.87          0.79        1.00        1.16         -47.95         -58.03         62.83           -16.64        -13.77        12.04          
8.80  -0.295 0.353  -0.153 0.22           0.41           0.42            25.73         -61.61        62.39          0.45        0.57        0.58         11.90          -38.97         39.89           13.83         -22.64        22.50          
8.83  -0.275 0.342  -0.134 0.68           0.83           0.90            -29.21        -44.88        48.80          0.90        1.03        1.08         -21.44         -34.97         38.74           -7.77         -9.91         10.06          
8.87  -0.261 0.346  -0.112 0.42           0.76           0.77            14.20         -57.37        57.70          0.67        0.92        0.93         8.94           -44.14         44.51           5.27          -13.23        13.19          
8.90  -0.249 0.356  -0.106 0.48           0.41           0.52            41.60         -28.78        46.24          0.69        0.64        0.72         27.66          -17.97         31.65           13.94         -10.81        14.59          
8.93  -0.242 0.375  -0.113 0.60           0.31           0.64            69.31         47.82         70.78          0.73        0.52        0.76         50.50          26.82          52.74           18.81         21.00         18.05          
8.97  -0.230 0.378  -0.118 0.38           0.40           0.41            14.54         21.32         25.11          0.63        0.64        0.64         8.81           13.12          15.64           5.73          8.19          9.47           
9.00  -0.215 0.372  -0.134 0.50           0.65           0.68            -23.01        44.65         47.07          0.74        0.85        0.87         -15.41         32.67          34.91           -7.60         11.98         12.16          
9.03  -0.207 0.366  -0.147 0.29           0.45           0.49            -37.56        59.64         61.90          0.51        0.62        0.64         -20.20         39.24          41.86           -17.36        20.40         20.04          
9.07  -0.199 0.360  -0.165 0.29           0.60           0.62            -37.46        67.25         68.24          0.51        0.73        0.75         -20.19         48.86          50.25           -17.27        18.39         17.99          
9.10  -0.191 0.351  -0.187 0.37           0.71           0.76            -44.71        68.71         70.02          0.57        0.84        0.88         -26.76         52.58          54.48           -17.95        16.13         15.54          
9.13  -0.183 0.348  -0.202 0.25           0.51           0.52            -26.43        64.12         64.75          0.49        0.66        0.67         -13.20         44.21          45.02           -13.22        19.90         19.73          
9.17  -0.172 0.348  -0.227 0.34           0.80           0.80            4.17          64.99         65.00          0.59        0.94        0.94         2.41           50.98          51.00           1.77          14.01         14.00          
9.20  -0.139 0.339  -0.247 1.03           1.16           1.19            -15.11        31.13         33.49          1.27        1.38        1.40         -12.16         25.74          27.84           -2.95         5.39          5.65           
9.23  -0.130 0.349  -0.264 0.39           0.59           0.65            44.80         61.84         64.71          0.60        0.74        0.79         27.60          44.53          48.09           17.20         17.32         16.62          
9.27  -0.114 0.350  -0.274 0.46           0.55           0.55            3.56          33.69         33.80          0.71        0.77        0.77         2.30           23.33          23.42           1.26          10.36         10.38          
9.30  -0.094 0.340  -0.286 0.68           0.71           0.77            -26.22        29.98         37.18          0.91        0.93        0.98         -19.29         22.29          28.32           -6.93         7.69          8.86           
9.33  -0.078 0.328  -0.277 0.60           0.55           0.65            -37.13        -29.51        43.39          0.81        0.77        0.85         -26.38         -20.34         31.76           -10.76        -9.17         11.63          
9.37  -0.059 0.318  -0.283 0.63           0.59           0.66            -27.64        18.87         32.02          0.86        0.83        0.88         -19.90         13.29          23.37           -7.75         5.58          8.65           
9.40  -0.048 0.306  -0.275 0.49           0.43           0.55            -45.01        -35.64        50.91          0.69        0.65        0.73         -30.14         -22.59         35.54           -14.88        -13.05        15.37          
9.43  -0.042 0.303  -0.267 0.21           0.30           0.32            -26.80        -51.06        53.20          0.45        0.50        0.51         -12.33         -28.16         30.04           -14.47        -22.90        23.16          
9.47  -0.034 0.305  -0.246 0.25           0.67           0.67            16.83         -69.40        69.52          0.49        0.79        0.80         8.34           -52.21         52.39           8.49          -17.19        17.13          
9.50  -0.037 0.314  -0.227 0.29           0.58           0.64            108.61        -99.10        98.23          0.31        0.59        0.65         59.58          -74.40         75.85           49.03         -24.70        22.38          
9.53  -0.035 0.328  -0.213 0.40           0.43           0.59            81.26         -81.85        84.02          0.50        0.53        0.66         51.95          -53.89         61.91           29.32         -27.96        22.11          
9.57  -0.045 0.345  -0.201 0.61           0.48           0.71            121.68        -132.50       117.10         0.53        0.36        0.63         97.80          -101.49        96.48           23.88         -31.01        20.62          
9.60  -0.038 0.347  -0.195 0.22           0.29           0.30            15.84         -44.64        45.77          0.46        0.50        0.51         7.36           -24.20         25.06           8.48          -20.43        20.71          
9.63  -0.046 0.372  -0.189 0.77           0.29           0.79            107.61        -142.85       107.15         0.74        0.18        0.76         88.74          -84.78         88.78           18.87         -58.07        18.37          
9.67  -0.041 0.384  -0.197 0.41           0.29           0.48            69.69         60.20         72.73          0.55        0.46        0.60         44.44          32.37          49.43           25.24         27.83         23.30          
9.70  -0.027 0.404  -0.200 0.74           0.44           0.74            54.48         10.03         54.69          0.91        0.68        0.91         41.52          6.38           41.74           12.96         3.65          12.95          
9.73  -0.024 0.415  -0.207 0.32           0.25           0.40            71.91         66.37         75.33          0.47        0.42        0.52         41.32          33.27          47.65           30.60         33.10         27.69          
9.77  -0.024 0.433  -0.220 0.55           0.38           0.67            90.10         90.14         90.08          0.61        0.46        0.72         65.72          56.82          69.63           24.38         33.32         20.45          
9.80  -0.020 0.428  -0.237 0.20           0.52           0.55            -52.72        76.38         77.00          0.41        0.63        0.65         -23.46         53.73          55.04           -29.26        22.64         21.95          
9.83  -0.012 0.424  -0.243 0.26           0.30           0.32            -24.86        35.92         40.69          0.50        0.52        0.53         -12.79         19.54          22.85           -12.07        16.38         17.85          
9.87  -0.001 0.415  -0.248 0.42           0.36           0.45            -41.27        29.05         46.08          0.63        0.59        0.65         -26.01         17.16          30.01           -15.26        11.88         16.08          
9.90  0.004  0.398  -0.260 0.53           0.38           0.63            -72.14        64.63         75.08          0.65        0.53        0.73         -50.63         39.62          55.84           -21.51        25.00         19.24          
9.93  0.013  0.378  -0.279 0.66           0.65           0.88            -65.03        64.69         71.64          0.80        0.79        0.99         -48.50         48.06          57.77           -16.53        16.63         13.87          
9.97  0.014  0.354  -0.299 0.74           0.60           0.95            -88.01        87.54         88.45          0.79        0.66        0.99         -69.59         65.33          73.88           -18.42        22.21         14.58          
10.00 0.028  0.325  -0.301 0.96           0.42           0.96            -63.89        4.93          63.91          1.09        0.67        1.09         -52.02         3.10           52.05           -11.87        1.83          11.87          
10.03 0.029  0.295  -0.302 0.90           0.03           0.90            -88.90        57.19         88.90          0.94        0.27        0.94         -73.49         5.74           73.50           -15.41        51.45         15.41          
10.07 0.026  0.279  -0.298 0.48           0.14           0.49            -99.25        -124.55       99.00          0.50        0.21        0.52         -69.90         -32.86         70.40           -29.35        -91.69        28.61          
10.10 0.036  0.259  -0.286 0.66           0.45           0.75            -65.08        -51.26        68.10          0.80        0.63        0.87         -48.67         -33.36         52.72           -16.41        -17.90        15.37          
10.13 0.047  0.252  -0.271 0.38           0.56           0.60            -31.09        -54.24        56.55          0.61        0.74        0.76         -18.90         -38.25         40.68           -12.19        -15.99        15.87          
10.17 0.037  0.248  -0.269 0.32           0.30           0.32            -157.30       -169.34       155.36         0.13        0.07        0.14         -109.58        -128.34        107.97          -47.72        -41.01        47.39          
10.20 0.057  0.221  -0.252 1.01           0.78           1.13            -53.64        -40.35        58.03          1.17        0.99        1.28         -43.74         -30.90         48.46           -9.90         -9.45         9.57           
10.23 0.071  0.200  -0.246 0.75           0.46           0.78            -56.42        -24.24        57.54          0.92        0.69        0.94         -43.29         -15.73         44.51           -13.13        -8.52         13.03          
10.27 0.069  0.198  -0.255 0.09           0.28           0.30            -112.59       97.03         96.74          0.23        0.35        0.36         -21.13         52.52          53.68           -91.46        44.50         43.06          
10.30 0.085  0.179  -0.273 0.74           0.71           0.91            -50.27        48.79         58.92          0.92        0.90        1.06         -38.16         36.72          47.29           -12.11        12.08         11.62          
10.33 0.082  0.176  -0.283 0.12           0.30           0.31            -134.54       106.27        105.63         0.19        0.33        0.34         -26.74         59.52          60.57           -107.80       46.75         45.06          
10.37 0.084  0.161  -0.299 0.43           0.49           0.65            -84.93        85.52         86.64          0.52        0.57        0.71         -56.25         59.45          66.13           -28.68        26.07         20.50          
10.40 0.071  0.168  -0.311 0.42           0.51           0.55            150.35        136.10        131.81         0.24        0.38        0.43         119.59         108.56         106.12          30.77         27.54         25.69          
10.43 0.075  0.165  -0.326 0.15           0.46           0.47            -46.37        77.06         77.41          0.37        0.57        0.58         -17.03         51.81          52.59           -29.33        25.25         24.81          
10.47 0.082  0.155  -0.363 0.37           1.13           1.17            -55.29        79.27         79.64          0.55        1.20        1.24         -33.42         67.49          68.21           -21.87        11.78         11.43          
10.50 0.077  0.155  -0.379 0.16           0.51           0.51            175.12        107.85        107.84         0.10        0.49        0.49         7.97           78.89          78.89           167.15        28.96         28.95          
10.53 0.071  0.167  -0.395 0.39           0.50           0.61            117.04        110.60        106.84         0.36        0.48        0.59         78.26          81.30          82.97           38.78         29.30         23.86          
10.57 0.062  0.182  -0.384 0.54           0.42           0.62            120.60        -130.83       116.02         0.46        0.32        0.56         92.83          -94.12         92.33           27.78         -36.71        23.68          
10.60 0.058  0.208  -0.379 0.77           0.19           0.78            97.10         -119.55       96.94          0.78        0.23        0.79         78.46          -47.12         78.73           18.64         -72.42        18.21          
10.63 0.049  0.228  -0.361 0.69           0.61           0.87            115.10        -118.95       109.67         0.63        0.53        0.82         94.03          -94.75         93.07           21.07         -24.20        16.60          
10.67 0.038  0.239  -0.338 0.44           0.75           0.81            136.70        -115.25       113.32         0.31        0.69        0.75         103.27         -95.99         95.47           33.42         -19.27        17.84          
10.70 0.024  0.254  -0.324 0.62           0.58           0.75            130.72        -134.16       122.78         0.50        0.45        0.65         108.29         -110.45        103.89          22.43         -23.71        18.89          
10.73 0.012  0.251  -0.302 0.37           0.75           0.76            -163.39       -118.60       118.29         0.15        0.67        0.68         -135.49        -99.39         99.27           -27.90        -19.21        19.01          
10.77 -0.011 0.246  -0.283 0.71           0.91           0.92            -168.56       -139.68       138.90         0.47        0.74        0.75         -162.48        -127.06        126.30          -6.08         -12.62        12.60          
10.80 -0.032 0.244  -0.272 0.63           0.70           0.71            -173.23       -152.56       151.96         0.38        0.49        0.50         -168.79        -139.07        138.35          -4.44         -13.49        13.61          
10.83 -0.044 0.246  -0.252 0.38           0.69           0.70            170.73        -122.34       122.20         0.14        0.60        0.60         153.39         -101.65        101.59          17.34         -20.69        20.61          
10.87 -0.069 0.257  -0.238 0.83           0.87           0.93            156.19        -151.40       144.95         0.61        0.66        0.74         146.73         -140.96        133.79          9.47          -10.44        11.17          
10.90 -0.091 0.263  -0.229 0.68           0.72           0.74            165.30        -156.76       153.28         0.44        0.50        0.52         157.05         -145.27        140.91          8.25          -11.49        12.37          
10.93 -0.105 0.267  -0.214 0.43           0.60           0.61            160.63        -132.83       131.39         0.21        0.47        0.49         137.61         -109.65        108.75          23.02         -23.19        22.64          
10.97 -0.121 0.280  -0.202 0.60           0.60           0.71            141.52        -142.01       131.90         0.44        0.43        0.57         120.65         -121.10        112.91          20.87         -20.91        18.99          
