time  x      y      z      groundspeedxy  groundspeedxz  groundspeedxyz  trackanglexy  trackanglexz  trackanglexyz  airspeedxy  airspeedxz  airspeedxyz  courseanglexy  courseanglexz  courseanglexyz  driftanglexy  driftanglexz  driftanglexyz  
0.00  -1.213 0.295  -0.049 
0.03  -1.169 0.298  -0.048 1.30           1.30           1.30            4.71          -0.67         4.76           1.55        1.55        1.55         3.95           -0.56          3.99            0.76          -0.11         0.76           
0.07  -1.129 0.295  -0.048 1.21           1.21           1.21            -4.16         0.20          4.16           1.46        1.46        1.46         -3.45          0.17           3.45            -0.71         0.03          0.71           
0.10  -1.088 0.289  -0.055 1.24           1.24           1.25            -8.43         9.09          12.30          1.48        1.48        1.50         -7.01          7.57           10.26           -1.42         1.53          2.04           
0.13  -1.045 0.286  -0.060 1.32           1.32           1.33            -4.60         6.54          7.97           1.57        1.57        1.58         -3.87          5.50           6.71            -0.73         1.04          1.26           
0.17  -1.000 0.286  -0.075 1.34           1.41           1.41            0.30          18.56         18.57          1.59        1.65        1.65         0.25           15.80          15.81           0.05          2.76          2.76           
0.20  -0.950 0.287  -0.083 1.49           1.51           1.51            1.18          8.72          8.80           1.74        1.76        1.76         1.01           7.49           7.55            0.17          1.24          1.25           
0.23  -0.905 0.299  -0.088 1.39           1.36           1.40            14.26         6.84          15.70          1.64        1.61        1.64         12.10          5.78           13.34           2.16          1.06          2.36           
0.27  -0.864 0.308  -0.109 1.25           1.37           1.40            12.95         26.97         29.18          1.50        1.60        1.62         10.81          22.90          24.87           2.14          4.07          4.30           
0.30  -0.831 0.317  -0.147 1.05           1.52           1.55            15.76         48.59         49.44          1.29        1.70        1.72         12.74          42.25          43.11           3.02          6.34          6.33           
0.33  -0.797 0.316  -0.179 1.02           1.40           1.40            -3.04         43.41         43.45          1.27        1.59        1.59         -2.44          37.21          37.25           -0.60         6.20          6.20           
0.37  -0.773 0.321  -0.211 0.74           1.19           1.20            12.88         53.00         53.40          0.98        1.36        1.37         9.62           44.53          44.95           3.26          8.47          8.45           
0.40  -0.753 0.313  -0.249 0.65           1.29           1.31            -20.70        61.76         62.24          0.89        1.43        1.45         -15.02         52.89          53.44           -5.68         8.87          8.79           
0.43  -0.725 0.308  -0.293 0.84           1.57           1.57            -10.28        58.20         58.36          1.09        1.71        1.72         -7.92          51.07          51.24           -2.36         7.14          7.12           
0.47  -0.702 0.294  -0.332 0.83           1.38           1.44            -31.50        59.20         60.76          1.05        1.52        1.58         -24.34         51.08          52.82           -7.16         8.12          7.94           
0.50  -0.670 0.288  -0.368 0.98           1.43           1.44            -10.03        47.71         48.08          1.23        1.61        1.62         -8.00          41.13          41.49           -2.03         6.58          6.58           
0.53  -0.635 0.291  -0.397 1.04           1.36           1.36            4.17          40.32         40.42          1.29        1.56        1.56         3.36           34.35          34.45           0.81          5.97          5.97           
0.57  -0.589 0.279  -0.423 1.41           1.58           1.62            -14.02        30.15         32.30          1.65        1.80        1.83         -11.92         26.16          28.13           -2.10         4.00          4.18           
0.60  -0.547 0.290  -0.449 1.30           1.48           1.51            14.00         31.15         33.18          1.55        1.70        1.72         11.76          26.78          28.63           2.24          4.38          4.55           
0.63  -0.502 0.295  -0.461 1.37           1.41           1.42            5.87          15.03         16.04          1.62        1.66        1.66         4.97           12.78          13.66           0.90          2.24          2.38           
0.67  -0.454 0.311  -0.469 1.52           1.46           1.54            18.77         8.82          20.48          1.76        1.70        1.77         16.14          7.53           17.65           2.62          1.29          2.83           
0.70  -0.425 0.326  -0.473 0.97           0.88           0.98            26.77         8.33          27.71          1.20        1.13        1.21         21.39          6.49           22.19           5.37          1.84          5.52           
0.73  -0.403 0.342  -0.463 0.82           0.73           0.88            35.98         -24.29        40.52          1.04        0.96        1.08         27.83          -18.17         31.86           8.15          -6.12         8.66           
0.77  -0.396 0.371  -0.450 0.92           0.44           0.99            77.07         -62.21        78.11          1.00        0.60        1.07         62.99          -40.52         64.95           14.08         -21.69        13.16          
0.80  -0.387 0.385  -0.431 0.48           0.61           0.74            58.49         -65.65        69.99          0.65        0.75        0.86         39.38          -48.03         54.11           19.11         -17.62        15.88          
0.83  -0.383 0.399  -0.419 0.44           0.39           0.57            71.37         -68.99        75.78          0.57        0.53        0.67         46.72          -42.99         54.71           24.65         -26.00        21.07          
0.87  -0.391 0.403  -0.396 0.28           0.73           0.74            156.78        -110.42       110.19         0.11        0.69        0.70         93.01          -90.48         90.48           63.76         -19.94        19.71          
0.90  -0.393 0.408  -0.383 0.16           0.41           0.44            109.75        -97.57        97.10          0.25        0.45        0.48         37.46          -64.22         65.63           72.30         -33.35        31.47          
0.93  -0.389 0.401  -0.365 0.23           0.55           0.59            -61.55        -78.60        79.30          0.41        0.65        0.68         -29.21         -56.36         58.05           -32.33        -22.24        21.25          
0.97  -0.389 0.360  -0.316 1.22           1.45           1.90            -88.72        -88.92        89.17          1.25        1.47        1.92         -77.23         -79.16         81.68           -11.49        -9.76         7.50           
1.00  -0.391 0.352  -0.294 0.26           0.69           0.73            -105.16       -95.71        95.36          0.31        0.71        0.75         -54.40         -75.19         76.07           -50.77        -20.52        19.29          
1.03  -0.386 0.313  -0.260 1.18           1.03           1.56            -83.13        -82.10        84.80          1.24        1.09        1.60         -71.54         -68.95         75.85           -11.59        -13.14        8.95           
1.07  -0.388 0.293  -0.221 0.60           1.15           1.30            -95.65        -92.93        92.60          0.62        1.17        1.31         -72.19         -80.58         81.62           -23.47        -12.34        10.98          
1.10  -0.386 0.284  -0.192 0.27           0.88           0.92            -75.05        -85.46        85.65          0.41        0.93        0.97         -39.16         -69.95         70.71           -35.90        -15.52        14.94          
1.13  -0.385 0.273  -0.166 0.33           0.78           0.85            -85.92        -88.29        88.42          0.43        0.83        0.89         -50.13         -70.72         72.12           -35.79        -17.57        16.30          
1.17  -0.373 0.272  -0.140 0.36           0.87           0.87            -5.46         -65.89        65.91          0.61        1.00        1.00         -3.21          -52.69         52.72           -2.25         -13.20        13.19          
1.20  -0.360 0.276  -0.126 0.42           0.58           0.59            14.28         -46.15        46.98          0.66        0.78        0.78         8.93           -32.71         33.47           5.36          -13.44        13.51          
1.23  -0.343 0.271  -0.118 0.52           0.55           0.57            -15.61        -25.81        29.19          0.76        0.78        0.80         -10.53         -17.83         20.38           -5.09         -7.98         8.81           
1.27  -0.337 0.279  -0.122 0.31           0.23           0.34            53.01         36.39         56.64          0.50        0.46        0.52         29.56          17.48          32.97           23.45         18.92         23.66          
1.30  -0.328 0.287  -0.136 0.36           0.48           0.54            43.18         57.33         61.21          0.57        0.65        0.70         25.62          38.55          42.92           17.56         18.78         18.29          
1.33  -0.338 0.300  -0.154 0.48           0.63           0.74            128.26        118.38        114.02         0.38        0.56        0.67         97.47          95.13          94.24           30.79         23.24         19.78          
1.37  -0.343 0.310  -0.176 0.32           0.68           0.74            113.96        100.95        100.06         0.31        0.68        0.74         67.40          79.73          80.57           46.56         21.21         19.49          
1.40  -0.342 0.316  -0.196 0.19           0.59           0.62            89.44         89.82         89.83          0.32        0.64        0.67         37.05          66.98          67.97           52.39         22.84         21.86          
1.43  -0.357 0.320  -0.215 0.46           0.72           0.72            166.49        128.16        127.67         0.22        0.60        0.60         151.10         108.89         108.58          15.39         19.28         19.09          
1.47  -0.370 0.316  -0.233 0.41           0.66           0.67            -164.86       126.96        126.40         0.18        0.55        0.56         -143.66        105.46         105.17          -21.21        21.49         21.23          
1.50  -0.383 0.315  -0.245 0.37           0.52           0.52            -175.41       135.40        135.30         0.12        0.38        0.39         -166.12        108.25         108.19          -9.29         27.15         27.11          
1.53  -0.393 0.318  -0.252 0.31           0.37           0.39            162.21        142.02        139.83         0.10        0.23        0.25         115.38         101.04         100.23          46.83         40.99         39.61          
1.57  -0.391 0.318  -0.267 0.04           0.45           0.45            -24.38        85.46         85.47          0.29        0.53        0.54         -3.26          57.69          57.71           -21.12        27.77         27.75          
1.60  -0.393 0.325  -0.276 0.21           0.25           0.32            99.39         97.89         96.06          0.30        0.33        0.39         43.68          48.75          56.09           55.71         49.13         39.97          
1.63  -0.392 0.333  -0.289 0.27           0.40           0.48            84.74         86.44         87.05          0.38        0.48        0.55         44.16          55.17          60.03           40.57         31.27         27.01          
1.67  -0.382 0.330  -0.292 0.30           0.30           0.32            -20.48        17.21         25.89          0.55        0.54        0.55         -11.27         9.38           14.51           -9.22         7.83          11.38          
1.70  -0.383 0.335  -0.289 0.15           0.08           0.17            101.39        -110.24       100.03         0.26        0.23        0.28         33.00          -19.53         36.50           68.39         -90.71        63.53          
1.73  -0.373 0.313  -0.287 0.73           0.31           0.73            -65.36        -11.70        65.46          0.86        0.56        0.86         -50.08         -6.48          50.21           -15.28        -5.23         15.25          
1.77  -0.367 0.314  -0.277 0.20           0.36           0.37            16.33         -58.52        58.93          0.44        0.54        0.54         7.20           -35.14         35.57           9.13          -23.38        23.35          
1.80  -0.372 0.325  -0.272 0.36           0.23           0.39            117.74        -137.93       115.41         0.33        0.17        0.36         75.38          -61.21         76.74           42.37         -76.72        38.68          
1.83  -0.364 0.315  -0.242 0.38           0.93           0.97            -51.67        -75.22        75.95          0.57        1.02        1.06         -31.57         -61.50         62.75           -20.10        -13.72        13.20          
1.87  -0.366 0.304  -0.221 0.33           0.64           0.72            -95.86        -93.04        92.70          0.40        0.68        0.75         -56.87         -71.35         73.31           -39.00        -21.69        19.39          
1.90  -0.368 0.296  -0.199 0.26           0.63           0.68            -104.35       -95.84        95.43          0.31        0.66        0.70         -53.71         -73.64         74.75           -50.64        -22.21        20.68          
1.93  -0.374 0.285  -0.171 0.36           0.86           0.92            -120.39       -102.34       101.58         0.32        0.84        0.90         -78.13         -85.52         85.80           -42.26        -16.82        15.78          
1.97  -0.366 0.266  -0.156 0.62           0.52           0.77            -67.10        -62.28        71.78          0.75        0.67        0.88         -49.20         -42.96         56.07           -17.90        -19.32        15.71          
2.00  -0.356 0.265  -0.128 0.29           0.90           0.90            -6.48         -71.16        71.17          0.54        1.01        1.01         -3.49          -57.57         57.59           -2.99         -13.59        13.58          
2.03  -0.346 0.274  -0.118 0.39           0.42           0.50            41.20         -46.27        53.74          0.60        0.62        0.67         25.28          -29.42         36.34           15.92         -16.85        17.41          
2.07  -0.338 0.270  -0.105 0.27           0.45           0.46            -22.46        -57.08        57.97          0.51        0.62        0.63         -11.56         -37.39         38.35           -10.90        -19.68        19.62          
2.10  -0.327 0.274  -0.102 0.36           0.35           0.37            18.10         -15.36        23.12          0.60        0.60        0.61         10.65          -8.98          13.80           7.46          -6.38         9.32           
2.13  -0.326 0.279  -0.104 0.15           0.06           0.16            78.44         61.54         79.17          0.32        0.29        0.32         27.61          11.16          29.20           50.83         50.38         49.96          
2.17  -0.324 0.283  -0.108 0.14           0.14           0.18            57.70         59.76         66.80          0.34        0.35        0.36         19.59          21.10          27.70           38.11         38.66         39.10          
2.20  -0.327 0.295  -0.106 0.38           0.11           0.38            104.51        -145.08       104.29         0.40        0.17        0.40         66.75          -22.81         67.08           37.76         -122.27       37.21          
2.23  -0.338 0.301  -0.125 0.37           0.65           0.68            151.84        120.40        119.24         0.19        0.57        0.60         114.41         98.11          97.75           37.43         22.29         21.50          
2.27  -0.354 0.300  -0.138 0.50           0.64           0.64            -177.51       141.86        141.82         0.25        0.47        0.47         -175.05        122.54         122.50          -2.47         19.32         19.32          
2.30  -0.367 0.303  -0.136 0.39           0.39           0.40            165.27        -170.71       162.80         0.16        0.14        0.18         142.48         -154.46        137.88          22.79         -16.25        24.92          
2.33  -0.381 0.291  -0.161 0.56           0.87           0.95            -138.46       118.73        116.25         0.41        0.78        0.86         -114.41        102.43         101.21          -24.05        16.30         15.04          
2.37  -0.396 0.298  -0.169 0.48           0.50           0.54            155.46        151.09        144.38         0.27        0.30        0.36         132.97         127.61         120.70          22.49         23.48         23.68          
2.40  -0.415 0.288  -0.180 0.65           0.68           0.73            -154.40       150.39        143.38         0.44        0.48        0.55         -140.21        135.35         127.74          -14.19        15.04         15.64          
2.43  -0.424 0.285  -0.187 0.29           0.34           0.36            -158.95       142.30        139.20         0.11        0.21        0.24         -101.88        95.98          95.35           -57.08        46.33         43.84          
2.47  -0.432 0.281  -0.205 0.26           0.59           0.60            -151.56       112.84        112.32         0.13        0.54        0.56         -80.37         87.78          87.84           -71.19        25.05         24.48          
2.50  -0.451 0.276  -0.216 0.59           0.66           0.67            -167.50       151.24        149.38         0.35        0.46        0.47         -158.64        135.93         133.76          -8.86         15.31         15.62          
2.53  -0.457 0.275  -0.226 0.19           0.35           0.35            -163.80       121.56        121.16         0.09        0.31        0.31         -38.72         77.45          77.64           -125.08       44.10         43.51          
2.57  -0.453 0.258  -0.241 0.51           0.47           0.68            -77.20        76.16         80.52          0.61        0.58        0.77         -53.80         51.56          61.71           -23.40        24.60         18.80          
2.60  -0.454 0.253  -0.251 0.14           0.30           0.33            -95.41        92.58         92.33          0.28        0.38        0.41         -31.25         51.93          54.72           -64.17        40.65         37.61          
2.63  -0.452 0.244  -0.263 0.29           0.36           0.46            -77.02        79.48         81.77          0.43        0.48        0.56         -42.19         48.37          55.31           -34.84        31.11         26.46          
2.67  -0.455 0.235  -0.268 0.28           0.17           0.31            -111.55       126.30        109.18         0.30        0.20        0.33         -59.94         42.89          62.99           -51.61        83.40         46.19          
2.70  -0.451 0.219  -0.271 0.51           0.15           0.52            -77.08        40.66         77.31          0.61        0.38        0.62         -53.68         15.01          54.20           -23.40        25.66         23.12          
2.73  -0.444 0.211  -0.276 0.32           0.26           0.35            -48.27        33.42         52.45          0.53        0.49        0.54         -27.48         17.02          31.11           -20.79        16.40         21.34          
2.77  -0.444 0.204  -0.271 0.20           0.13           0.24            -85.86        -83.83        86.56          0.33        0.30        0.36         -37.04         -26.78         42.24           -48.82        -57.05        44.32          
2.80  -0.434 0.207  -0.268 0.31           0.32           0.33            15.81         -18.89        23.95          0.56        0.56        0.57         8.81           -10.62         13.67           6.99          -8.27         10.27          
2.83  -0.424 0.205  -0.256 0.28           0.44           0.45            -9.28         -51.17        51.41          0.53        0.63        0.63         -4.91          -33.17         33.40           -4.37         -18.00        18.01          
2.87  -0.416 0.211  -0.263 0.29           0.32           0.36            34.74         41.84         48.56          0.52        0.54        0.56         18.81          23.73          29.08           15.94         18.10         19.48          
2.90  -0.402 0.204  -0.256 0.47           0.47           0.52            -25.42        -25.93        34.21          0.71        0.71        0.74         -16.69         -17.05         23.21           -8.74         -8.88         11.00          
2.93  -0.390 0.205  -0.245 0.37           0.51           0.51            2.76          -43.49        43.53          0.62        0.71        0.71         1.64           -29.46         29.49           1.11          -14.04        14.04          
2.97  -0.378 0.198  -0.234 0.39           0.47           0.51            -28.69        -43.12        47.33          0.63        0.68        0.70         -17.63         -28.53         32.20           -11.06        -14.59        15.13          
3.00  -0.366 0.199  -0.230 0.38           0.40           0.40            1.83          -19.43        19.51          0.63        0.64        0.64         1.10           -12.00         12.05           0.73          -7.43         7.46           
3.03  -0.363 0.220  -0.225 0.63           0.15           0.64            83.03         -59.42        83.18          0.70        0.35        0.71         62.37          -21.55         62.86           20.66         -37.87        20.32          
3.07  -0.361 0.231  -0.218 0.35           0.22           0.41            79.06         -72.61        80.66          0.47        0.38        0.51         47.41          -33.87         51.97           31.65         -38.74        28.70          
3.10  -0.357 0.245  -0.220 0.43           0.13           0.43            73.48         25.74         73.63          0.55        0.38        0.55         47.69          8.93           47.98           25.78         16.81         25.65          
3.13  -0.360 0.263  -0.225 0.58           0.17           0.59            100.49        128.54        100.22         0.58        0.20        0.60         75.60          42.14          75.95           24.89         86.40         24.27          
3.17  -0.363 0.275  -0.230 0.37           0.18           0.40            103.57        119.52        102.52         0.40        0.22        0.43         65.73          43.38          67.47           37.84         76.14         35.04          
3.20  -0.370 0.281  -0.230 0.25           0.19           0.25            139.35        -179.77       139.35         0.17        0.06        0.17         70.77          -0.78          70.77           68.58         -178.99       68.58          
3.23  -0.371 0.279  -0.230 0.08           0.04           0.08            -120.12       154.64        119.22         0.22        0.21        0.22         -18.40         5.23           19.04           -101.71       149.41        100.18         
3.27  -0.366 0.271  -0.231 0.28           0.15           0.28            -57.16        7.61          57.25          0.46        0.40        0.47         -30.30         2.88           30.39           -26.86        4.72          26.87          
3.30  -0.360 0.263  -0.235 0.29           0.23           0.32            -51.78        37.07         55.91          0.49        0.45        0.51         -28.04         17.59          31.79           -23.73        19.48         24.12          
3.33  -0.360 0.256  -0.241 0.21           0.18           0.28            -94.20        95.08         93.24          0.32        0.29        0.36         -42.24         36.90          49.68           -51.96        58.17         43.56          
3.37  -0.358 0.247  -0.240 0.29           0.07           0.30            -77.96        -28.94        78.04          0.42        0.31        0.42         -42.70         -6.21          42.90           -35.26        -22.73        35.14          
3.40  -0.346 0.233  -0.245 0.54           0.38           0.56            -49.09        20.59         50.51          0.73        0.62        0.75         -34.15         12.45          35.51           -14.94        8.14          15.01          
3.43  -0.340 0.218  -0.247 0.50           0.21           0.50            -66.63        19.24         66.87          0.64        0.45        0.64         -45.59         8.75           45.91           -21.05        10.49         20.96          
3.47  -0.329 0.207  -0.237 0.46           0.44           0.55            -46.16        -43.49        54.63          0.66        0.64        0.72         -30.19         -27.92         38.20           -15.97        -15.57        16.43          
3.50  -0.323 0.206  -0.235 0.18           0.18           0.19            -9.81         -14.35        17.16          0.43        0.43        0.43         -4.12          -6.09          7.34            -5.68         -8.26         9.82           
3.53  -0.313 0.214  -0.236 0.39           0.31           0.39            38.10         5.12          38.28          0.61        0.56        0.61         23.44          2.83           23.58           14.66         2.28          14.70          
3.57  -0.312 0.230  -0.233 0.50           0.11           0.51            87.41         -77.65        87.46          0.57        0.29        0.58         61.39          -20.77         61.90           26.01         -56.87        25.56          
3.60  -0.314 0.236  -0.223 0.17           0.30           0.34            108.94        -100.43       99.21          0.25        0.35        0.39         38.71          -56.21         59.47           70.23         -44.22        39.74          
3.63  -0.317 0.246  -0.216 0.32           0.23           0.38            107.70        -115.06       104.77         0.34        0.26        0.40         63.64          -54.03         67.74           44.06         -61.03        37.02          
3.67  -0.329 0.257  -0.212 0.50           0.37           0.51            135.72        -161.15       134.07         0.36        0.16        0.38         106.86         -130.88        105.96          28.86         -30.27        28.11          
3.70  -0.347 0.265  -0.205 0.57           0.57           0.61            157.58        -156.91       149.32         0.35        0.35        0.41         141.71         -140.79        131.37          15.87         -16.12        17.94          
3.73  -0.361 0.262  -0.200 0.45           0.47           0.48            -169.81       -160.58       158.41         0.21        0.25        0.26         -157.58        -141.02        137.75          -12.23        -19.56        20.65          
3.77  -0.371 0.266  -0.190 0.31           0.40           0.41            157.38        -135.23       132.90         0.12        0.28        0.31         105.26         -96.54         96.03           52.12         -38.69        36.87          
3.80  -0.391 0.273  -0.183 0.65           0.64           0.68            159.45        -161.12       153.09         0.42        0.41        0.47         147.48         -149.82        139.21          11.97         -11.30        13.89          
3.83  -0.405 0.280  -0.180 0.47           0.44           0.48            155.45        -166.21       152.59         0.27        0.21        0.29         132.50         -149.62        128.91          22.95         -16.59        23.68          
3.87  -0.420 0.275  -0.177 0.47           0.46           0.48            -163.09       -167.88       159.59         0.24        0.22        0.26         -145.58        -154.17        140.00          -17.51        -13.71        19.58          
3.90  -0.431 0.277  -0.172 0.33           0.35           0.36            171.53        -157.16       155.93         0.09        0.16        0.16         147.59         -119.10        117.69          23.95         -38.06        38.24          
3.93  -0.446 0.286  -0.165 0.51           0.48           0.55            149.09        -153.59       142.13         0.32        0.28        0.38         125.27         -130.45        118.56          23.83         -23.15        23.57          
3.97  -0.453 0.298  -0.162 0.43           0.25           0.45            122.11        -157.50       121.27         0.37        0.10        0.38         87.06          -78.83         87.16           35.04         -78.67        34.11          
4.00  -0.461 0.288  -0.167 0.39           0.29           0.42            -128.00       144.01        124.19         0.31        0.17        0.35         -87.80         86.12          88.08           -40.20        57.89         36.11          
4.03  -0.464 0.279  -0.182 0.28           0.45           0.53            -105.25       99.29         97.99          0.32        0.48        0.55         -56.52         68.35          71.21           -48.73        30.94         26.78          
4.07  -0.468 0.266  -0.192 0.41           0.33           0.51            -108.12       113.24        104.59         0.41        0.32        0.51         -72.80         67.89          76.17           -35.32        45.35         28.42          
4.10  -0.482 0.276  -0.211 0.52           0.69           0.76            142.60        126.14        122.52         0.35        0.58        0.66         116.97         105.86         103.93          25.63         20.28         18.59          
4.13  -0.475 0.248  -0.232 0.88           0.67           1.08            -75.81        71.34         78.56          0.97        0.79        1.16         -61.33         53.85          66.36           -14.49        17.49         12.20          
4.17  -0.466 0.239  -0.247 0.35           0.51           0.57            -45.45        60.66         63.98          0.56        0.67        0.71         -26.87         41.58          45.61           -18.59        19.08         18.37          
4.20  -0.460 0.227  -0.266 0.42           0.59           0.70            -64.50        72.31         75.15          0.57        0.71        0.80         -41.23         52.65          57.61           -23.27        19.66         17.54          
4.23  -0.449 0.227  -0.292 0.33           0.86           0.86            -0.43         67.38         67.38          0.58        0.99        0.99         -0.25          53.85          53.85           -0.18         13.53         13.53          
4.27  -0.440 0.230  -0.302 0.28           0.41           0.42            17.74         49.83         50.82          0.52        0.60        0.61         9.30           31.24          32.14           8.44          18.59         18.68          
4.30  -0.430 0.241  -0.315 0.47           0.49           0.60            47.90         49.82         58.33          0.67        0.68        0.77         31.75          33.51          42.19           16.15         16.31         16.14          
4.33  -0.429 0.252  -0.324 0.33           0.28           0.43            84.35         83.33         85.68          0.43        0.40        0.52         49.33          44.59          56.75           35.01         38.74         28.93          
4.37  -0.418 0.255  -0.328 0.33           0.33           0.34            15.65         18.77         23.77          0.57        0.57        0.58         8.87           10.72          13.78           6.78          8.05          9.98           
4.40  -0.420 0.271  -0.332 0.48           0.12           0.50            94.74         109.34        94.61          0.53        0.24        0.54         66.52          28.54          67.08           28.22         80.80         27.53          
4.43  -0.422 0.290  -0.326 0.56           0.19           0.59            95.80         -107.77       95.53          0.59        0.26        0.62         71.00          -42.60         71.82           24.80         -65.18        23.70          
4.47  -0.417 0.301  -0.311 0.37           0.45           0.56            65.65         -70.60        74.47          0.52        0.59        0.68         39.76          -46.91         53.57           25.89         -23.68        20.90          
4.50  -0.421 0.316  -0.306 0.46           0.21           0.48            108.24        -133.16       107.27         0.45        0.19        0.47         76.24          -55.12         76.99           32.00         -78.03        30.28          
4.53  -0.428 0.312  -0.295 0.23           0.39           0.40            -153.14       -122.25       121.01         0.11        0.33        0.35         -68.00         -82.64         82.99           -85.14        -39.61        38.02          
4.57  -0.433 0.308  -0.287 0.19           0.28           0.31            -143.80       -122.22       119.78         0.15        0.26        0.28         -48.47         -67.78         69.65           -95.34        -54.44        50.13          
4.60  -0.434 0.309  -0.280 0.03           0.24           0.24            159.03        -97.20        97.19          0.22        0.32        0.32         2.95           -46.84         46.87           156.08        -50.36        50.32          
4.63  -0.438 0.289  -0.264 0.60           0.48           0.76            -101.64       -104.52       99.16          0.60        0.48        0.76         -77.58         -74.53         80.22           -24.05        -29.99        18.93          
4.67  -0.443 0.283  -0.252 0.23           0.38           0.42            -129.68       -112.54       110.36         0.20        0.36        0.40         -58.76         -73.12         74.82           -70.92        -39.41        35.54          
4.70  -0.448 0.287  -0.229 0.17           0.71           0.72            142.78        -100.91       100.79         0.15        0.71        0.72         41.64          -80.65         80.75           101.15        -20.25        20.04          
4.73  -0.450 0.283  -0.208 0.14           0.64           0.65            -128.22       -97.77        97.66          0.20        0.65        0.66         -33.86         -75.52         75.72           -94.37        -22.25        21.94          
4.77  -0.450 0.277  -0.194 0.19           0.42           0.46            -86.10        -88.20        88.37          0.33        0.50        0.53         -36.39         -58.03         60.44           -49.71        -30.18        27.92          
4.80  -0.451 0.275  -0.180 0.06           0.41           0.42            -117.40       -93.58        93.55          0.23        0.47        0.47         -12.48         -61.40         61.58           -104.92       -32.18        31.98          
4.83  -0.447 0.261  -0.164 0.43           0.51           0.66            -72.74        -75.69        78.85          0.56        0.62        0.75         -47.33         -52.87         59.67           -25.41        -22.81        19.18          
4.87  -0.447 0.271  -0.145 0.28           0.56           0.62            92.08         -91.06        90.94          0.37        0.60        0.67         49.65          -66.64         68.94           42.42         -24.42        22.00          
4.90  -0.436 0.249  -0.139 0.72           0.38           0.75            -62.46        -28.72        63.37          0.87        0.61        0.89         -47.65         -17.40         48.76           -14.81        -11.32        14.61          
4.93  -0.433 0.249  -0.123 0.07           0.48           0.48            -9.39         -81.43        81.43          0.32        0.58        0.58         -2.11          -55.97         55.98           -7.28         -25.46        25.45          
4.97  -0.426 0.248  -0.112 0.24           0.41           0.41            -8.76         -55.18        55.33          0.48        0.59        0.59         -4.25          -34.74         34.89           -4.51         -20.44        20.44          
5.00  -0.416 0.253  -0.118 0.33           0.34           0.37            27.36         30.03         37.81          0.57        0.57        0.59         15.65          17.37          22.78           11.72         12.66         15.03          
5.03  -0.411 0.255  -0.129 0.15           0.37           0.37            21.50         67.57         67.83          0.39        0.52        0.52         8.07           41.10          41.47           13.42         26.47         26.36          
5.07  -0.423 0.265  -0.141 0.48           0.51           0.60            138.48        134.09        126.33         0.33        0.38        0.50         108.56         106.07         102.33          29.91         28.02         23.99          
5.10  -0.428 0.270  -0.159 0.20           0.54           0.56            135.88        105.29        104.80         0.18        0.54        0.55         52.65          78.56          78.94           83.23         26.72         25.86          
5.13  -0.445 0.272  -0.175 0.52           0.71           0.71            173.58        136.39        136.19         0.27        0.56        0.56         167.64         118.31         118.15          5.95          18.08         18.04          
5.17  -0.468 0.277  -0.194 0.72           0.91           0.92            167.21        140.80        139.75         0.48        0.73        0.75         160.63         128.36         127.33          6.58          12.43         12.42          
5.20  -0.486 0.281  -0.208 0.53           0.65           0.67            166.62        141.98        140.75         0.29        0.48        0.50         155.20         123.37         122.22          11.42         18.61         18.53          
5.23  -0.498 0.287  -0.221 0.41           0.55           0.57            155.37        132.61        130.29         0.21        0.42        0.45         125.26         106.61         105.36          30.11         26.01         24.92          
5.27  -0.514 0.287  -0.237 0.49           0.68           0.68            -178.65       136.30        136.30         0.24        0.52        0.52         -177.23        117.06         117.05          -1.42         19.24         19.24          
5.30  -0.530 0.299  -0.259 0.60           0.82           0.90            141.32        124.75        121.24         0.43        0.71        0.80         120.20         107.91         105.78          21.13         16.84         15.46          
5.33  -0.539 0.302  -0.282 0.29           0.73           0.74            162.66        112.47        112.30         0.09        0.68        0.68         108.70         92.50          92.48           53.96         19.97         19.82          
5.37  -0.543 0.304  -0.299 0.14           0.55           0.55            150.29        102.47        102.38         0.15        0.55        0.55         26.94          76.05          76.15           123.35        26.43         26.23          
5.40  -0.558 0.308  -0.313 0.47           0.60           0.62            165.86        139.07        137.92         0.24        0.45        0.46         150.89         117.55         116.61          14.97         21.52         21.31          
5.43  -0.561 0.312  -0.332 0.15           0.58           0.60            123.38        98.10         97.92          0.21        0.60        0.61         36.64          73.82          74.16           86.74         24.28         23.75          
5.47  -0.567 0.325  -0.346 0.43           0.45           0.60            113.24        112.02        106.40         0.40        0.43        0.58         78.58          79.23          82.12           34.66         32.78         24.29          
5.50  -0.567 0.334  -0.358 0.25           0.36           0.44            92.00         91.37         91.13          0.35        0.44        0.50         45.87          56.32          61.22           46.13         35.06         29.91          
5.53  -0.570 0.347  -0.367 0.40           0.30           0.49            103.67        108.55        101.14         0.42        0.32        0.51         68.33          61.25          72.16           35.34         47.30         28.98          
5.57  -0.569 0.355  -0.366 0.26           0.04           0.26            85.14         -52.75        85.17          0.37        0.27        0.37         43.12          -5.98          43.30           42.02         -46.77        41.87          
5.60  -0.578 0.371  -0.361 0.54           0.30           0.57            117.85        -146.29       116.49         0.48        0.17        0.51         90.32          -90.89         90.30           27.54         -55.40        26.19          
5.63  -0.583 0.385  -0.352 0.43           0.31           0.51            109.49        -117.62       106.34         0.42        0.29        0.50         75.25          -68.74         77.70           34.24         -48.88        28.64          
5.67  -0.588 0.379  -0.333 0.23           0.59           0.61            -137.55       -107.19       106.58         0.18        0.57        0.59         -64.19         -82.20         82.50           -73.36        -24.99        24.08          
5.70  -0.591 0.384  -0.315 0.17           0.55           0.57            119.34        -98.63        98.33          0.22        0.57        0.59         41.40          -72.98         73.53           77.94         -25.65        24.80          
5.73  -0.591 0.380  -0.299 0.12           0.47           0.49            -79.67        -87.43        87.51          0.29        0.54        0.56         -23.15         -60.06         60.79           -56.52        -27.37        26.72          
5.77  -0.591 0.360  -0.277 0.62           0.67           0.91            -91.99        -91.84        91.35          0.66        0.70        0.94         -69.65         -71.05         75.86           -22.33        -20.79        15.49          
5.80  -0.588 0.347  -0.243 0.38           1.02           1.08            -75.53        -84.58        84.91          0.51        1.07        1.13         -47.12         -71.14         72.22           -28.42        -13.44        12.69          
5.83  -0.582 0.341  -0.225 0.27           0.58           0.61            -46.24        -71.22        72.23          0.48        0.70        0.73         -24.03         -51.46         53.11           -22.21        -19.76        19.12          
5.87  -0.567 0.331  -0.206 0.53           0.72           0.77            -33.48        -51.82        55.10          0.75        0.89        0.94         -22.92         -39.10         42.49           -10.57        -12.72        12.61          
5.90  -0.559 0.322  -0.181 0.38           0.81           0.85            -48.41        -71.90        72.94          0.57        0.92        0.96         -29.43         -56.86         58.50           -18.98        -15.04        14.44          
5.93  -0.540 0.307  -0.172 0.71           0.62           0.76            -38.66        -25.66        43.02          0.92        0.85        0.96         -28.88         -18.33         32.76           -9.78         -7.33         10.26          
5.97  -0.522 0.298  -0.160 0.61           0.66           0.71            -25.42        -32.59        38.54          0.84        0.88        0.92         -18.12         -23.75         28.74           -7.30         -8.83         9.80           
6.00  -0.506 0.290  -0.153 0.55           0.53           0.59            -27.96        -24.04        34.73          0.78        0.77        0.81         -19.31         -16.40         24.59           -8.65         -7.63         10.14          
6.03  -0.492 0.296  -0.154 0.47           0.42           0.47            26.01         4.79          26.34          0.70        0.67        0.70         17.02          3.01           17.26           8.99          1.78          9.09           
6.07  -0.471 0.290  -0.157 0.65           0.63           0.66            -18.06        7.65          19.42          0.89        0.87        0.90         -13.08         5.47           14.11           -4.97         2.18          5.31           
6.10  -0.459 0.295  -0.158 0.39           0.36           0.39            23.15         5.59          23.68          0.62        0.61        0.62         14.07          3.29           14.42           9.08          2.31          9.26           
6.13  -0.450 0.307  -0.149 0.47           0.39           0.54            52.58         -43.22        58.15          0.65        0.60        0.71         34.87          -26.62         40.64           17.70         -16.60        17.51          
6.17  -0.430 0.298  -0.142 0.66           0.63           0.69            -25.45        -18.93        30.40          0.89        0.87        0.91         -18.51         -13.56         22.42           -6.94         -5.37         7.97           
6.20  -0.418 0.299  -0.134 0.37           0.44           0.45            3.75          -34.94        35.05          0.62        0.67        0.67         2.23           -22.51         22.60           1.52          -12.43        12.46          
6.23  -0.398 0.290  -0.125 0.64           0.63           0.69            -25.26        -24.32        33.16          0.87        0.87        0.91         -18.22         -17.49         24.50           -7.04         -6.82         8.66           
6.27  -0.385 0.285  -0.123 0.43           0.41           0.43            -16.62        -6.68         17.78          0.67        0.66        0.67         -10.51         -4.16          11.27           -6.11         -2.51         6.51           
6.30  -0.370 0.277  -0.122 0.50           0.43           0.50            -30.65        -4.67         30.88          0.72        0.68        0.73         -20.52         -2.95          20.70           -10.13        -1.71         10.19          
6.33  -0.353 0.270  -0.129 0.56           0.56           0.60            -21.99        21.64         29.51          0.80        0.80        0.83         -15.26         15.00          20.93           -6.73         6.63          8.58           
6.37  -0.335 0.263  -0.134 0.58           0.56           0.60            -22.45        16.53         26.97          0.82        0.80        0.83         -15.75         11.45          19.15           -6.71         5.08          7.82           
6.40  -0.321 0.263  -0.154 0.41           0.71           0.71            0.79          54.83         54.83          0.66        0.88        0.88         0.49           41.42          41.43           0.30          13.40         13.40          
6.43  -0.302 0.255  -0.169 0.62           0.73           0.76            -22.80        38.35         41.86          0.85        0.93        0.96         -16.28         28.80          31.90           -6.52         9.55          9.96           
6.47  -0.290 0.254  -0.196 0.38           0.90           0.90            -1.53         64.96         64.96          0.63        1.03        1.03         -0.92          52.30          52.30           -0.60         12.66         12.66          
6.50  -0.285 0.255  -0.227 0.15           0.94           0.94            9.47          81.20         81.20          0.40        1.01        1.01         3.49           67.07          67.08           5.98          14.13         14.13          
6.53  -0.276 0.251  -0.252 0.30           0.79           0.80            -26.30        70.03         70.32          0.54        0.90        0.91         -14.37         54.97          55.39           -11.93        15.06         14.93          
6.57  -0.269 0.242  -0.272 0.33           0.65           0.70            -52.98        72.39         73.69          0.52        0.76        0.81         -30.25         54.18          56.37           -22.73        18.21         17.32          
6.60  -0.263 0.240  -0.313 0.20           1.23           1.24            -14.92        81.05         81.06          0.44        1.30        1.30         -6.60          70.07          70.09           -8.32         10.98         10.97          
6.63  -0.262 0.252  -0.335 0.35           0.65           0.74            85.00         87.33         87.64          0.44        0.71        0.79         50.94          66.65          69.14           34.05         20.68         18.51          
6.67  -0.256 0.253  -0.354 0.19           0.61           0.62            9.84          71.86         71.89          0.44        0.73        0.73         4.30           52.93          52.98           5.54          18.93         18.91          
6.70  -0.239 0.253  -0.381 0.51           0.95           0.95            -1.65         57.68         57.68          0.76        1.10        1.10         -1.10          46.62          46.62           -0.55         11.06         11.06          
6.73  -0.237 0.259  -0.400 0.21           0.59           0.62            76.69         85.38         85.63          0.36        0.66        0.69         34.05          63.20          64.45           42.64         22.19         21.18          
6.77  -0.226 0.265  -0.415 0.38           0.55           0.57            26.08         51.93         53.82          0.61        0.73        0.75         15.74          36.32          38.22           10.34         15.61         15.61          
6.80  -0.217 0.274  -0.419 0.37           0.30           0.40            44.99         27.18         48.34          0.58        0.53        0.59         27.18          14.78          30.00           17.81         12.40         18.34          
6.83  -0.218 0.291  -0.432 0.51           0.37           0.64            91.70         92.34         91.38          0.56        0.44        0.68         65.42          57.89          69.71           26.29         34.45         21.67          
6.87  -0.212 0.305  -0.429 0.47           0.19           0.47            68.36         -24.83        68.69          0.60        0.43        0.61         45.72          -10.66         46.20           22.64         -14.17        22.49          
6.90  -0.225 0.329  -0.417 0.83           0.54           0.91            118.85        -137.38       116.16         0.74        0.40        0.83         101.65         -112.13        100.42          17.20         -25.25        15.75          
6.93  -0.237 0.341  -0.409 0.48           0.42           0.54            135.59        -145.06       129.73         0.35        0.26        0.43         105.76         -111.59        102.94          29.83         -33.47        26.79          
6.97  -0.246 0.352  -0.391 0.44           0.60           0.69            129.31        -117.49       113.71         0.34        0.53        0.63         94.36          -92.77         92.34           34.95         -24.72        21.37          
7.00  -0.258 0.348  -0.380 0.37           0.49           0.50            -163.31       -135.64       134.35         0.15        0.36        0.37         -133.85        -106.41        105.72          -29.46        -29.23        28.63          
7.03  -0.270 0.342  -0.374 0.40           0.40           0.44            -153.32       -155.32       145.75         0.21        0.20        0.27         -121.53        -123.85        114.36          -31.79        -31.47        31.39          
7.07  -0.293 0.345  -0.361 0.72           0.81           0.82            173.52        -151.23       150.72         0.47        0.61        0.61         170.07         -139.77        139.18          3.45          -11.46        11.54          
7.10  -0.316 0.345  -0.348 0.68           0.78           0.78            179.55        -149.67       149.67         0.43        0.58        0.58         179.29         -137.13        137.13          0.26          -12.54        12.54          
7.13  -0.328 0.325  -0.349 0.71           0.37           0.71            -121.19       174.72        121.15         0.62        0.12        0.62         -100.94        163.87         100.92          -20.25        10.86         20.22          
7.17  -0.347 0.315  -0.344 0.63           0.57           0.64            -152.49       -165.19       149.71         0.42        0.34        0.45         -136.55        -154.32        133.26          -15.94        -10.87        16.45          
7.20  -0.368 0.313  -0.335 0.63           0.68           0.69            -174.34       -156.90       156.35         0.38        0.46        0.47         -170.67        -144.72        144.00          -3.67         -12.18        12.35          
7.23  -0.389 0.314  -0.324 0.63           0.71           0.71            178.91        -151.99       151.98         0.38        0.51        0.51         178.20         -138.59        138.57          0.72          -13.40        13.40          
7.27  -0.408 0.307  -0.324 0.61           0.57           0.61            -159.97       -179.15       159.95         0.38        0.32        0.38         -147.03        -178.48        147.01          -12.94        -0.66         12.95          
7.30  -0.427 0.300  -0.321 0.60           0.58           0.61            -160.43       -171.32       158.85         0.38        0.33        0.39         -147.60        -164.76        145.37          -12.83        -6.56         13.48          
7.33  -0.442 0.286  -0.317 0.61           0.46           0.62            -137.16       -164.97       136.01         0.46        0.23        0.48         -115.54        -148.79        114.65          -21.63        -16.19        21.36          
7.37  -0.463 0.287  -0.313 0.63           0.64           0.64            178.17        -169.32       169.17         0.38        0.40        0.40         176.97         -162.64        162.41          1.20          -6.67         6.76           
7.40  -0.469 0.281  -0.309 0.27           0.23           0.29            -140.47       -152.33       135.65         0.18        0.12        0.21         -75.69         -68.12         77.85           -64.79        -84.21        57.80          
7.43  -0.492 0.289  -0.307 0.71           0.68           0.72            161.24        -173.09       160.17         0.48        0.43        0.49         151.61         -169.08        150.15          9.63          -4.01         10.02          
7.47  -0.512 0.287  -0.293 0.59           0.72           0.72            -175.74       -145.03       144.88         0.34        0.54        0.54         -172.64        -129.50        129.34          -3.10         -15.53        15.54          
7.50  -0.514 0.281  -0.280 0.19           0.39           0.43            -108.56       -98.97        98.13          0.26        0.43        0.46         -43.52         -63.66         65.87           -65.04        -35.30        32.26          
7.53  -0.526 0.272  -0.273 0.45           0.42           0.50            -143.16       -149.67       136.45         0.29        0.24        0.36         -112.15        -117.54        107.79          -31.00        -32.13        28.66          
7.57  -0.530 0.269  -0.259 0.17           0.45           0.46            -143.05       -107.81       107.35         0.15        0.44        0.45         -42.45         -75.20         75.60           -100.60       -32.62        31.75          
7.60  -0.532 0.254  -0.263 0.45           0.13           0.46            -95.89        110.75        95.68          0.49        0.24        0.50         -65.32         30.63          66.08           -30.57        80.12         29.60          
7.63  -0.532 0.245  -0.257 0.26           0.19           0.32            -94.55        -96.21        93.67          0.34        0.30        0.39         -48.20         -39.29         54.19           -46.35        -56.92        39.49          
7.67  -0.531 0.241  -0.262 0.14           0.17           0.22            -76.58        78.89         81.38          0.32        0.33        0.36         -26.28         30.96          37.85           -50.30        47.93         43.53          
7.70  -0.518 0.230  -0.260 0.51           0.40           0.51            -40.08        -11.37        40.86          0.72        0.64        0.72         -27.09         -6.97          27.74           -12.99        -4.40         13.12          
7.73  -0.507 0.215  -0.271 0.56           0.48           0.66            -54.17        46.68         60.18          0.74        0.68        0.82         -38.24         31.11          44.79           -15.93        15.57         15.39          
7.77  -0.497 0.206  -0.289 0.41           0.61           0.67            -40.40        59.61         62.31          0.62        0.77        0.81         -25.24         43.36          46.54           -15.16        16.25         15.77          
7.80  -0.487 0.201  -0.310 0.32           0.70           0.72            -24.52        65.48         65.93          0.56        0.84        0.85         -13.80         49.73          50.33           -10.72        15.74         15.60          
7.83  -0.482 0.193  -0.328 0.29           0.55           0.60            -55.52        72.36         73.90          0.48        0.67        0.71         -30.24         51.54          54.22           -25.28        20.82         19.69          
7.87  -0.480 0.192  -0.348 0.05           0.60           0.60            -28.45        85.86         85.86          0.29        0.66        0.66         -4.56          63.80          63.82           -23.89        22.06         22.04          
7.90  -0.474 0.191  -0.373 0.21           0.78           0.78            -15.59        74.85         74.89          0.46        0.88        0.88         -7.13          58.87          58.94           -8.46         15.98         15.95          
7.93  -0.468 0.189  -0.390 0.17           0.54           0.54            -13.47        72.76         72.81          0.41        0.66        0.66         -5.36          51.61          51.68           -8.11         21.15         21.12          
7.97  -0.460 0.188  -0.404 0.26           0.48           0.49            -10.23        58.66         58.81          0.50        0.65        0.65         -5.18          39.48          39.65           -5.06         19.17         19.16          
8.00  -0.458 0.180  -0.429 0.24           0.76           0.80            -77.00        85.88         86.07          0.39        0.82        0.85         -37.95         68.20          69.10           -39.05        17.68         16.97          
8.03  -0.456 0.179  -0.446 0.08           0.52           0.52            -26.20        82.25         82.27          0.32        0.61        0.61         -6.16          58.18          58.24           -20.04        24.07         24.03          
8.07  -0.447 0.177  -0.443 0.27           0.29           0.29            -8.50         -19.62        21.14          0.52        0.53        0.53         -4.45          -10.50         11.37           -4.06         -9.12         9.77           
8.10  -0.437 0.178  -0.437 0.30           0.36           0.36            3.62          -32.44        32.57          0.55        0.58        0.58         1.98           -19.14         19.23           1.64          -13.30        13.34          
8.13  -0.439 0.174  -0.429 0.15           0.26           0.29            -126.98       -109.62       107.86         0.20        0.29        0.32         -35.62         -56.55         59.15           -91.36        -53.07        48.70          
8.17  -0.434 0.178  -0.416 0.20           0.40           0.42            34.85         -66.25        67.19          0.43        0.55        0.56         15.33          -41.83         43.11           19.52         -24.42        24.08          
8.20  -0.436 0.165  -0.399 0.39           0.53           0.65            -96.59        -94.85        93.91          0.44        0.56        0.68         -62.01         -68.69         72.54           -34.58        -26.16        21.37          
8.23  -0.440 0.160  -0.373 0.21           0.78           0.79            -133.88       -100.90       100.70         0.18        0.77        0.79         -56.17         -82.35         82.50           -77.71        -18.55        18.20          
8.27  -0.450 0.142  -0.359 0.61           0.51           0.75            -117.37       -123.69       112.24         0.55        0.42        0.69         -93.38         -94.34         92.67           -23.99        -29.35        19.57          
8.30  -0.457 0.126  -0.344 0.53           0.51           0.70            -112.44       -113.35       106.62         0.49        0.47        0.67         -84.18         -83.91         85.78           -28.27        -29.44        20.83          
8.33  -0.471 0.129  -0.315 0.45           0.96           0.96            165.60        -117.26       117.06         0.22        0.87        0.88         149.15         -102.49        102.39          16.45         -14.77        14.67          
8.37  -0.480 0.127  -0.298 0.27           0.57           0.57            -166.23       -117.68       117.49         0.07        0.51        0.51         -103.29        -91.74         91.72           -62.95        -25.94        25.76          
8.40  -0.484 0.122  -0.285 0.20           0.43           0.46            -127.77       -106.43       105.41         0.20        0.43        0.46         -51.03         -72.88         73.94           -76.75        -33.55        31.47          
8.43  -0.492 0.124  -0.267 0.24           0.58           0.58            163.51        -113.76       113.58         0.07        0.53        0.53         75.50          -88.07         88.09           88.01         -25.68        25.49          
8.47  -0.498 0.126  -0.242 0.21           0.78           0.78            163.19        -104.80       104.75         0.08        0.75        0.76         49.49          -86.10         86.11           113.70        -18.70        18.64          
8.50  -0.503 0.143  -0.231 0.52           0.36           0.62            104.62        -111.45       102.26         0.52        0.36        0.62         76.80          -70.54         78.94           27.82         -40.91        23.32          
8.53  -0.500 0.123  -0.208 0.60           0.69           0.91            -82.64        -83.65        85.18          0.68        0.76        0.96         -61.16         -64.59         70.21           -21.49        -19.06        14.97          
8.57  -0.502 0.129  -0.190 0.17           0.53           0.55            110.68        -96.56        96.28          0.25        0.56        0.58         40.14          -70.13         70.93           70.54         -26.43        25.35          
8.60  -0.494 0.119  -0.167 0.38           0.75           0.81            -49.91        -70.89        72.23          0.58        0.87        0.92         -30.53         -55.08         57.16           -19.38        -15.81        15.08          
8.63  -0.489 0.114  -0.142 0.20           0.76           0.78            -44.63        -79.18        79.37          0.42        0.85        0.86         -19.77         -62.31         62.72           -24.86        -16.88        16.65          
8.67  -0.480 0.103  -0.122 0.43           0.66           0.73            -48.29        -64.18        66.97          0.63        0.80        0.86         -30.94         -47.83         51.48           -17.36        -16.35        15.49          
8.70  -0.468 0.096  -0.114 0.42           0.43           0.48            -30.29        -32.51        40.85          0.65        0.66        0.69         -19.12         -20.72         27.16           -11.18        -11.80        13.69          
8.73  -0.456 0.091  -0.114 0.38           0.36           0.38            -22.01        -1.53         22.05          0.62        0.61        0.62         -13.36         -0.90          13.39           -8.65         -0.63         8.67           
8.77  -0.443 0.090  -0.124 0.37           0.48           0.48            -4.59         40.10         40.23          0.62        0.69        0.69         -2.74          26.67          26.78           -1.85         13.43         13.45          
8.80  -0.436 0.084  -0.141 0.30           0.55           0.58            -40.33        65.28         66.79          0.52        0.69        0.72         -22.16         46.17          48.20           -18.18        19.11         18.59          
8.83  -0.432 0.087  -0.160 0.15           0.58           0.59            35.96         78.24         78.37          0.38        0.68        0.69         13.18          57.17          57.47           22.78         21.07         20.90          
8.87  -0.430 0.084  -0.184 0.11           0.73           0.73            -59.76        85.63         85.67          0.32        0.79        0.79         -17.30         67.20          67.37           -42.46        18.44         18.30          
8.90  -0.429 0.092  -0.209 0.24           0.76           0.79            85.50         88.56         88.63          0.36        0.80        0.84         41.96          70.42          71.28           43.54         18.14         17.34          
8.93  -0.443 0.108  -0.225 0.63           0.63           0.79            129.89        130.26        120.74         0.51        0.50        0.70         107.67         107.89         102.78          22.21         22.36         17.97          
8.97  -0.454 0.128  -0.235 0.69           0.45           0.75            119.54        139.59        117.04         0.61        0.30        0.68         98.63          107.46         97.78           20.91         32.12         19.25          
9.00  -0.469 0.137  -0.247 0.53           0.57           0.63            147.44        141.32        134.32         0.34        0.40        0.49         124.33         118.58         113.07          23.11         22.74         21.25          
9.03  -0.475 0.143  -0.256 0.25           0.34           0.38            138.43        123.00        119.37         0.18        0.29        0.34         68.98          77.52          79.14           69.45         45.48         40.23          
9.07  -0.487 0.152  -0.255 0.45           0.37           0.46            143.34        -173.06       142.97         0.29        0.12        0.30         112.85         -158.80        112.58          30.48         -14.26        30.39          
9.10  -0.492 0.164  -0.262 0.38           0.26           0.44            112.18        123.55        109.15         0.37        0.24        0.43         73.61          64.44          75.93           38.58         59.11         33.22          
9.13  -0.503 0.181  -0.263 0.61           0.32           0.61            121.32        174.82        121.29         0.52        0.07        0.52         97.24          156.53         97.23           24.08         18.29         24.05          
9.17  -0.513 0.198  -0.265 0.60           0.32           0.61            121.40        168.30        121.20         0.52        0.09        0.52         97.11          134.60         97.05           24.30         33.70         24.15          
9.20  -0.526 0.214  -0.269 0.61           0.41           0.61            130.53        165.28        129.84         0.48        0.18        0.49         107.30         144.20         106.90          23.23         21.08         22.94          
9.23  -0.531 0.230  -0.267 0.50           0.15           0.50            106.28        -163.66       106.22         0.49        0.12        0.49         77.02          -20.39         77.07           29.25         -143.27       29.15          
9.27  -0.547 0.247  -0.264 0.73           0.50           0.74            132.52        -168.42       132.03         0.59        0.26        0.60         114.36         -157.46        113.99          18.16         -10.96        18.04          
9.30  -0.557 0.268  -0.266 0.69           0.31           0.70            115.96        168.98        115.86         0.63        0.08        0.63         94.90          132.14         94.88           21.05         36.84         20.97          
9.33  -0.575 0.282  -0.266 0.66           0.53           0.66            142.97        -179.94       142.97         0.49        0.28        0.49         125.04         -179.88        125.04          17.93         -0.05         17.93          
9.37  -0.577 0.297  -0.273 0.45           0.21           0.49            95.73         102.54        95.22          0.49        0.29        0.53         65.37          44.53          67.32           30.36         58.00         27.90          
9.40  -0.596 0.314  -0.281 0.77           0.62           0.81            138.01        156.19        134.93         0.61        0.41        0.66         122.02         141.90         119.31          16.00         14.29         15.62          
9.43  -0.604 0.329  -0.292 0.53           0.42           0.63            119.11        128.68        114.57         0.47        0.33        0.57         91.24          91.79          91.02           27.87         36.90         23.55          
9.47  -0.608 0.340  -0.309 0.33           0.51           0.60            106.81        100.81        99.17          0.35        0.52        0.61         63.81          72.74          75.28           43.00         28.07         23.89          
9.50  -0.613 0.353  -0.323 0.42           0.45           0.60            113.80        112.03        106.60         0.39        0.43        0.58         78.38          79.32          82.09           35.42         32.71         24.51          
9.53  -0.619 0.368  -0.335 0.48           0.41           0.61            109.75        113.10        105.36         0.46        0.39        0.59         78.75          76.71          81.35           31.00         36.40         24.01          
9.57  -0.615 0.354  -0.357 0.41           0.66           0.78            -76.96        81.92         83.10          0.53        0.74        0.84         -49.59         62.44          66.01           -27.37        19.48         17.08          
9.60  -0.611 0.343  -0.373 0.36           0.49           0.60            -68.68        74.66         77.35          0.51        0.61        0.69         -41.31         51.34          56.80           -27.37        23.31         20.55          
9.63  -0.616 0.326  -0.387 0.52           0.45           0.67            -105.42       107.83        101.83         0.51        0.44        0.67         -77.28         75.25          80.28           -28.14        32.58         21.55          
9.67  -0.613 0.310  -0.414 0.48           0.81           0.94            -79.35        83.69         84.56          0.58        0.88        1.00         -54.49         67.25          70.12           -24.86        16.45         14.44          
9.70  -0.604 0.288  -0.434 0.74           0.65           0.94            -68.07        65.09         73.08          0.86        0.79        1.05         -52.45         48.44          59.85           -15.62        16.65         13.23          
9.73  -0.599 0.270  -0.452 0.55           0.56           0.77            -74.35        74.57         78.88          0.66        0.67        0.86         -53.11         53.52          62.22           -21.24        21.06         16.66          
9.77  -0.589 0.245  -0.467 0.80           0.52           0.92            -69.45        57.41         72.08          0.92        0.69        1.02         -54.72         39.65          58.60           -14.73        17.76         13.48          
9.80  -0.584 0.224  -0.492 0.65           0.77           0.99            -75.03        77.29         80.22          0.76        0.86        1.06         -56.43         60.76          66.83           -18.60        16.53         13.39          
9.83  -0.567 0.211  -0.514 0.62           0.85           0.92            -36.81        53.74         57.26          0.84        1.01        1.08         -26.52         42.26          46.03           -10.29        11.47         11.22          
9.87  -0.542 0.201  -0.527 0.80           0.83           0.89            -23.64        27.42         34.17          1.03        1.05        1.10         -18.08         21.15          26.85           -5.57         6.27          7.32           
9.90  -0.526 0.193  -0.535 0.53           0.54           0.58            -25.66        26.33         34.60          0.77        0.77        0.80         -17.55         18.04          24.42           -8.12         8.29          10.18          
9.93  -0.511 0.180  -0.529 0.60           0.49           0.63            -41.76        -22.15        44.46          0.81        0.72        0.83         -29.86         -14.67         32.25           -11.91        -7.49         12.21          
9.97  -0.496 0.175  -0.521 0.49           0.52           0.54            -17.40        -25.26        29.53          0.74        0.76        0.77         -11.58         -17.14         20.32           -5.82         -8.12         9.21           
10.00 -0.474 0.157  -0.512 0.84           0.72           0.89            -38.40        -23.84        42.22          1.05        0.96        1.09         -29.89         -17.77         33.35           -8.51         -6.07         8.87           
10.03 -0.463 0.148  -0.477 0.42           1.10           1.13            -41.21        -73.05        73.59          0.63        1.19        1.22         -26.16         -61.48         62.30           -15.05        -11.57        11.29          
10.07 -0.456 0.140  -0.453 0.31           0.74           0.78            -47.74        -73.75        74.49          0.51        0.85        0.88         -26.52         -57.27         58.53           -21.22        -16.48        15.96          
10.10 -0.443 0.132  -0.422 0.46           1.00           1.03            -33.40        -67.40        68.13          0.68        1.12        1.15         -21.79         -55.52         56.48           -11.62        -11.88        11.64          
10.13 -0.438 0.129  -0.399 0.17           0.72           0.73            -27.14        -78.20        78.27          0.41        0.81        0.82         -10.79         -60.67         60.81           -16.35        -17.53        17.46          
10.17 -0.437 0.121  -0.366 0.26           0.99           1.02            -80.46        -87.52        87.60          0.39        1.03        1.06         -40.98         -73.49         73.98           -39.48        -14.03        13.62          
10.20 -0.437 0.112  -0.341 0.25           0.75           0.80            -87.62        -89.20        89.24          0.36        0.80        0.84         -44.08         -70.95         71.87           -43.53        -18.25        17.37          
10.23 -0.440 0.116  -0.322 0.15           0.57           0.58            134.80        -100.94       100.74         0.18        0.58        0.59         37.45          -75.74         76.00           97.36         -25.19        24.75          
10.27 -0.439 0.119  -0.295 0.09           0.80           0.80            61.07         -86.83        86.84          0.30        0.85        0.85         15.18          -69.72         69.82           45.88         -17.10        17.03          
10.30 -0.440 0.104  -0.269 0.45           0.80           0.92            -94.12        -92.30        92.01          0.50        0.83        0.94         -63.99         -74.77         76.62           -30.13        -17.53        15.39          
10.33 -0.434 0.108  -0.238 0.21           0.95           0.95            36.98         -79.85        79.94          0.44        1.02        1.03         16.75          -65.89         66.08           20.22         -13.97        13.86          
10.37 -0.435 0.116  -0.223 0.22           0.45           0.51            93.23         -91.60        91.43          0.33        0.51        0.56         43.39          -62.38         64.87           49.84         -29.22        26.56          
10.40 -0.426 0.103  -0.198 0.47           0.77           0.86            -53.83        -69.22        71.39          0.65        0.89        0.97         -35.61         -54.08         57.25           -18.22        -15.15        14.13          
10.43 -0.422 0.107  -0.173 0.17           0.78           0.79            46.08         -81.27        81.37          0.39        0.85        0.86         18.43          -64.41         64.69           27.65         -16.85        16.68          
10.47 -0.423 0.106  -0.160 0.06           0.38           0.38            -152.96       -98.44        98.41          0.20        0.42        0.43         -8.38          -62.81         62.88           -144.57       -35.62        35.53          
10.50 -0.412 0.088  -0.135 0.63           0.82           0.98            -58.32        -66.31        70.32          0.79        0.95        1.09         -42.71         -52.39         57.88           -15.61        -13.92        12.44          
10.53 -0.408 0.088  -0.106 0.12           0.89           0.89            -2.14         -82.36        82.36          0.37        0.95        0.95         -0.69          -67.28         67.28           -1.46         -15.08        15.08          
10.57 -0.392 0.072  -0.089 0.69           0.69           0.85            -45.78        -45.81        55.48          0.89        0.89        1.02         -34.12         -34.14         43.79           -11.66        -11.67        11.69          
10.60 -0.378 0.066  -0.064 0.45           0.87           0.89            -20.14        -60.96        61.45          0.69        1.02        1.03         -12.99         -48.57         49.14           -7.15         -12.39        12.31          
10.63 -0.359 0.059  -0.068 0.61           0.58           0.62            -20.12        11.42         22.70          0.85        0.83        0.86         -14.30         8.00           16.23           -5.81         3.42          6.47           
10.67 -0.345 0.061  -0.077 0.43           0.52           0.52            5.02          33.89         34.11          0.68        0.74        0.74         3.18           23.03          23.21           1.84          10.86         10.91          
10.70 -0.327 0.051  -0.090 0.60           0.65           0.71            -27.82        35.73         41.74          0.82        0.86        0.91         -19.69         26.00          31.17           -8.13         9.73          10.56          
10.73 -0.315 0.053  -0.113 0.36           0.77           0.77            8.30          62.24         62.31          0.61        0.91        0.91         4.91           48.20          48.28           3.39          14.04         14.03          
10.77 -0.303 0.047  -0.146 0.43           1.06           1.08            -26.86        68.92         69.27          0.66        1.18        1.19         -17.03         57.49          57.97           -9.83         11.43         11.30          
10.80 -0.297 0.042  -0.180 0.21           1.04           1.04            -37.94        80.59         80.66          0.44        1.11        1.11         -17.49         67.69          67.86           -20.46        12.90         12.81          
10.83 -0.291 0.038  -0.209 0.23           0.88           0.89            -37.70        78.33         78.48          0.45        0.96        0.97         -17.84         63.63          63.91           -19.86        14.71         14.56          
10.87 -0.287 0.039  -0.230 0.12           0.66           0.66            13.49         79.72         79.73          0.37        0.74        0.74         4.37           60.37          60.39           9.11          19.35         19.33          
10.90 -0.282 0.037  -0.250 0.16           0.62           0.62            -19.55        75.71         75.76          0.41        0.72        0.72         -7.66          56.08          56.19           -11.89        19.63         19.57          
10.93 -0.280 0.036  -0.266 0.05           0.49           0.49            -28.50        84.82         84.82          0.30        0.57        0.57         -4.68          58.96          58.99           -23.82        25.86         25.84          
10.97 -0.288 0.045  -0.286 0.34           0.62           0.67            131.64        111.51        109.82         0.26        0.58        0.63         85.05          87.80          87.99           46.59         23.71         21.83          
11.00 -0.291 0.047  -0.294 0.12           0.28           0.29            136.24        108.67        107.83         0.18        0.31        0.32         27.55          58.19          59.45           108.70        50.49         48.37          
11.03 -0.297 0.060  -0.306 0.43           0.38           0.54            113.75        116.79        108.35         0.40        0.35        0.52         78.59          76.96          81.35           35.16         39.83         27.00          
11.07 -0.297 0.053  -0.314 0.22           0.26           0.34            -92.88        92.44         91.86          0.33        0.35        0.42         -42.76         47.53          55.06           -50.12        44.90         36.80          
11.10 -0.301 0.049  -0.323 0.17           0.28           0.31            -133.69       114.88        112.65         0.18        0.29        0.31         -43.63         63.01          65.38           -90.06        51.88         47.26          
11.13 -0.303 0.049  -0.333 0.07           0.31           0.31            173.75        103.53        103.53         0.18        0.35        0.35         2.54           59.27          59.28           171.21        44.26         44.25          
11.17 -0.311 0.041  -0.351 0.34           0.59           0.64            -132.19       112.59        110.71         0.25        0.55        0.60         -84.84         87.63          87.84           -47.36        24.96         22.87          
11.20 -0.315 0.034  -0.364 0.23           0.39           0.44            -119.64       106.74        104.89         0.24        0.40        0.45         -55.56         70.07          72.23           -64.08        36.67         32.66          
11.23 -0.324 0.031  -0.375 0.29           0.45           0.46            -162.55       128.17        127.35         0.09        0.35        0.37         -107.74        94.52          94.39           -54.81        33.65         32.96          
11.27 -0.333 0.023  -0.396 0.35           0.68           0.72            -136.36       112.05        110.70         0.24        0.63        0.67         -91.02         90.39          90.37           -45.34        21.66         20.33          
11.30 -0.351 0.025  -0.411 0.56           0.71           0.71            174.72        141.52        141.33         0.31        0.54        0.54         170.48         124.73         124.55          4.24          16.79         16.78          
11.33 -0.361 0.024  -0.433 0.31           0.72           0.72            -176.99       115.40        115.40         0.06        0.66        0.66         -164.88        95.27          95.27           -12.11        20.13         20.13          
11.37 -0.374 0.022  -0.457 0.38           0.81           0.81            -169.09       117.51        117.39         0.14        0.73        0.73         -149.79        99.78          99.74           -19.30        17.73         17.66          
11.40 -0.381 0.042  -0.447 0.66           0.36           0.72            109.47        -126.95       107.74         0.62        0.29        0.68         87.12          -83.90         87.40           22.34         -43.05        20.34          
11.43 -0.388 0.063  -0.447 0.64           0.22           0.64            109.79        177.01        109.78         0.60        0.03        0.60         86.88          19.02          86.88           22.91         157.99        22.90          
11.47 -0.398 0.079  -0.445 0.55           0.28           0.56            120.18        -167.11       119.96         0.48        0.07        0.48         93.30          -113.42        93.27           26.88         -53.69        26.69          
11.50 -0.415 0.098  -0.437 0.78           0.56           0.82            130.45        -153.41       128.10         0.64        0.36        0.69         113.28         -135.24        111.59          17.16         -18.17        16.51          
11.53 -0.432 0.121  -0.418 0.86           0.77           1.03            127.72        -132.71       120.66         0.73        0.63        0.93         112.05         -115.79        107.24          15.67         -16.91        13.42          
11.57 -0.450 0.134  -0.410 0.66           0.59           0.71            144.95        -156.32       140.40         0.48        0.38        0.54         127.60         -140.93        123.14          17.35         -15.39        17.26          
11.60 -0.463 0.139  -0.391 0.43           0.68           0.70            157.77        -125.32       124.24         0.22        0.58        0.60         131.89         -104.56        104.01          25.89         -20.77        20.24          
11.63 -0.481 0.147  -0.375 0.60           0.74           0.78            154.81        -137.57       134.21         0.39        0.58        0.63         139.02         -120.64        117.77          15.79         -16.93        16.44          
11.67 -0.498 0.147  -0.368 0.49           0.53           0.53            -176.53       -157.73       157.51         0.25        0.32        0.32         -172.99        -140.31        140.00          -3.54         -17.42        17.51          
11.70 -0.506 0.140  -0.354 0.31           0.49           0.53            -138.41       -118.09       115.75         0.21        0.43        0.48         -84.79         -87.53         87.77           -53.62        -30.57        27.99          
11.73 -0.517 0.142  -0.340 0.36           0.54           0.54            166.75        -130.64       130.08         0.13        0.42        0.43         140.26         -103.67        103.41          26.49         -26.98        26.67          
11.77 -0.526 0.142  -0.331 0.27           0.39           0.39            -179.25       -132.61       132.61         0.02        0.29        0.29         -167.89        -93.21         93.21           -11.36        -39.40        39.40          
11.80 -0.538 0.147  -0.314 0.39           0.62           0.64            157.27        -125.70       124.53         0.19        0.52        0.54         126.76         -102.68        102.15          30.50         -23.02        22.37          
11.83 -0.536 0.143  -0.306 0.14           0.24           0.27            -68.22        -77.05        78.72          0.33        0.38        0.40         -23.69         -37.32         41.33           -44.53        -39.73        37.39          
11.87 -0.541 0.149  -0.286 0.21           0.61           0.64            125.49        -101.35       100.93         0.21        0.61        0.64         52.58          -77.85         78.29           72.92         -23.50        22.64          
11.90 -0.549 0.159  -0.274 0.40           0.42           0.53            127.30        -124.88       117.21         0.32        0.35        0.47         88.49          -88.62         88.98           38.81         -36.26        28.23          
11.93 -0.558 0.174  -0.264 0.53           0.41           0.61            121.26        -132.24       116.77         0.45        0.30        0.54         93.08          -94.61         92.56           28.17         -37.63        24.21          
11.97 -0.560 0.177  -0.250 0.11           0.44           0.45            124.86        -98.50        98.31          0.21        0.48        0.48         26.98          -67.16         67.61           97.88         -31.34        30.70          
12.00 -0.561 0.180  -0.232 0.08           0.52           0.53            104.90        -92.27        92.24          0.24        0.57        0.58         18.74          -66.30         66.54           86.16         -25.96        25.71          
12.03 -0.563 0.189  -0.213 0.28           0.59           0.65            102.01        -95.77        95.21          0.34        0.62        0.68         55.57          -71.96         73.61           46.44         -23.81        21.61          
12.07 -0.560 0.198  -0.198 0.27           0.44           0.51            72.64         -79.53        80.96          0.42        0.54        0.60         37.81          -52.71         56.75           34.83         -26.83        24.22          
12.10 -0.568 0.210  -0.179 0.46           0.62           0.73            123.44        -113.72       110.09         0.38        0.57        0.69         90.18          -90.12         90.10           33.26         -23.60        19.99          
12.13 -0.565 0.219  -0.170 0.27           0.30           0.40            71.83         -73.95        77.79          0.42        0.44        0.51         37.39          -41.10         49.23           34.44         -32.86        28.56          
12.17 -0.565 0.241  -0.151 0.65           0.56           0.86            88.32         -88.02        88.72          0.71        0.62        0.90         67.57          -64.16         72.56           20.74         -23.87        16.16          
12.20 -0.564 0.247  -0.140 0.19           0.34           0.39            79.54         -84.08        84.83          0.34        0.44        0.48         33.69          -49.89         53.70           45.85         -34.19        31.13          
12.23 -0.566 0.262  -0.136 0.46           0.14           0.48            98.86         -120.25       98.56          0.49        0.22        0.51         68.71          -34.45         69.37           30.15         -85.80        29.19          
12.27 -0.560 0.274  -0.134 0.40           0.18           0.40            65.21         -18.12        65.46          0.55        0.42        0.55         40.93          -7.47          41.25           24.28         -10.65        24.20          
12.30 -0.559 0.297  -0.141 0.70           0.24           0.73            85.50         76.59         85.72          0.76        0.38        0.79         66.30          36.95          67.38           19.19         39.63         18.35          
12.33 -0.549 0.305  -0.147 0.35           0.33           0.39            36.59         30.58         43.50          0.57        0.56        0.60         21.56          17.46          26.80           15.03         13.12         16.70          
12.37 -0.548 0.313  -0.150 0.25           0.08           0.26            80.79         61.37         81.17          0.38        0.30        0.39         40.74          14.35          41.94           40.06         47.03         39.23          
12.40 -0.538 0.309  -0.151 0.30           0.28           0.31            -22.94        6.89          23.76          0.54        0.53        0.54         -12.60         3.65           13.09           -10.34        3.24          10.67          
12.43 -0.534 0.312  -0.151 0.18           0.15           0.18            35.80         9.80          36.56          0.41        0.40        0.41         14.87          3.64           15.27           20.93         6.16          21.29          
12.47 -0.525 0.303  -0.151 0.39           0.27           0.39            -47.60        -0.58         47.61          0.59        0.52        0.59         -29.41         -0.30          29.41           -18.20        -0.28         18.20          
12.50 -0.517 0.298  -0.160 0.28           0.35           0.38            -32.69        47.96         52.03          0.51        0.55        0.57         -17.27         28.25          31.83           -15.42        19.71         20.20          
12.53 -0.515 0.296  -0.144 0.08           0.48           0.48            -49.02        -83.80        83.85          0.31        0.56        0.57         -11.18         -57.69         57.89           -37.83        -26.11        25.96          
12.57 -0.502 0.286  -0.131 0.50           0.56           0.63            -37.12        -43.83        50.72          0.72        0.76        0.82         -25.01         -30.61         37.00           -12.11        -13.22        13.72          
12.60 -0.497 0.279  -0.110 0.25           0.65           0.68            -53.54        -76.49        77.13          0.45        0.75        0.77         -27.04         -57.51         58.80           -26.50        -18.98        18.33          
12.63 -0.491 0.256  -0.095 0.70           0.48           0.84            -75.19        -68.24        77.57          0.80        0.62        0.92         -57.70         -46.34         62.21           -17.49        -21.90        15.36          
12.67 -0.475 0.248  -0.078 0.54           0.69           0.74            -28.20        -46.68        49.92          0.77        0.88        0.92         -19.37         -34.81         37.93           -8.83         -11.87        11.99          
12.70 -0.461 0.241  -0.066 0.45           0.56           0.59            -25.31        -42.58        45.94          0.69        0.76        0.78         -16.36         -29.70         32.68           -8.95         -12.88        13.26          
12.73 -0.441 0.241  -0.055 0.60           0.69           0.69            -1.34         -28.86        28.88          0.85        0.91        0.91         -0.95          -21.28         21.30           -0.39         -7.58         7.59           
12.77 -0.418 0.228  -0.051 0.80           0.72           0.81            -28.44        -9.40         29.52          1.03        0.96        1.04         -21.80         -6.97          22.69           -6.64         -2.43         6.83           
12.80 -0.398 0.222  -0.054 0.63           0.61           0.64            -16.13        9.81          18.63          0.87        0.86        0.88         -11.57         6.98           13.42           -4.56         2.83          5.21           
12.83 -0.385 0.217  -0.063 0.39           0.45           0.47            -20.49        35.56         38.89          0.63        0.67        0.69         -12.56         23.09          25.68           -7.93         12.48         13.21          
12.87 -0.373 0.217  -0.086 0.36           0.76           0.76            -0.63         61.81         61.81          0.61        0.91        0.91         -0.37          47.77          47.77           -0.26         14.04         14.04          
12.90 -0.367 0.223  -0.107 0.23           0.66           0.68            42.65         74.92         75.34          0.45        0.76        0.78         20.57          56.52          57.31           22.08         18.40         18.04          
12.93 -0.357 0.211  -0.134 0.47           0.86           0.93            -49.10        69.17         70.80          0.66        0.98        1.04         -32.40         55.32          57.64           -16.70        13.85         13.15          
12.97 -0.353 0.212  -0.162 0.14           0.87           0.87            10.74         80.99         80.99          0.39        0.94        0.94         3.83           65.80          65.81           6.91          15.19         15.18          
13.00 -0.329 0.186  -0.190 1.05           1.09           1.33            -47.15        49.20         57.71          1.23        1.27        1.48         -38.59         40.61          49.51           -8.56         8.58          8.20           
13.03 -0.313 0.200  -0.210 0.64           0.77           0.87            39.33         50.37         55.58          0.85        0.95        1.03         28.53          38.70          44.08           10.80         11.67         11.50          
13.07 -0.296 0.207  -0.216 0.54           0.54           0.58            22.52         22.17         30.17          0.78        0.78        0.80         15.44          15.19          21.18           7.07          6.97          8.99           
13.10 -0.268 0.212  -0.216 0.86           0.85           0.86            10.22         -0.33         10.23          1.11        1.10        1.11         7.93           -0.26          7.94            2.29          -0.08         2.29           
13.13 -0.248 0.226  -0.213 0.72           0.59           0.73            36.15         -9.63         36.87          0.94        0.84        0.94         27.10          -6.78          27.72           9.05          -2.85         9.15           
13.17 -0.232 0.248  -0.212 0.83           0.49           0.84            54.01         -5.16         54.06          1.00        0.74        1.00         42.35          -3.42          42.41           11.65         -1.74         11.65          
13.20 -0.227 0.263  -0.203 0.46           0.31           0.53            71.54         -61.47        74.12          0.59        0.48        0.65         47.88          -34.18         52.39           23.66         -27.29        21.74          
13.23 -0.222 0.278  -0.193 0.46           0.32           0.54            70.50         -61.06        73.40          0.59        0.49        0.66         47.15          -34.62         52.00           23.35         -26.44        21.39          
13.27 -0.220 0.287  -0.174 0.30           0.57           0.64            81.18         -85.31        85.85          0.42        0.64        0.70         45.20          -62.30         65.11           35.98         -23.01        20.75          
13.30 -0.225 0.301  -0.165 0.42           0.31           0.51            110.07        -117.51       106.65         0.41        0.30        0.50         75.22          -69.38         77.81           34.85         -48.13        28.84          
13.33 -0.212 0.290  -0.159 0.52           0.44           0.55            -40.19        -24.97        43.97          0.73        0.67        0.75         -27.38         -15.93         30.60           -12.81        -9.04         13.37          
13.37 -0.212 0.290  -0.150 0.02           0.26           0.26            153.57        -93.45        93.45          0.23        0.35        0.35         1.90           -47.89         47.90           151.67        -45.56        45.55          
13.40 -0.200 0.293  -0.143 0.38           0.42           0.43            15.48         -30.14        32.76          0.62        0.65        0.66         9.31           -18.96         20.84           6.17          -11.18        11.91          
13.43 -0.194 0.290  -0.146 0.22           0.20           0.23            -27.38        19.65         32.17          0.45        0.45        0.46         -12.68         8.81           15.28           -14.70        10.83         16.89          
13.47 -0.189 0.284  -0.163 0.23           0.55           0.58            -48.85        73.92         74.69          0.44        0.66        0.69         -23.44         52.73          54.15           -25.42        21.19         20.54          
13.50 -0.177 0.274  -0.184 0.47           0.72           0.78            -38.17        59.47         61.85          0.68        0.87        0.92         -25.04         45.22          48.00           -13.13        14.25         13.85          
13.53 -0.175 0.266  -0.199 0.25           0.47           0.53            -80.18        84.71         85.33          0.38        0.55        0.60         -40.37         57.81          60.97           -39.81        26.90         24.36          
13.57 -0.166 0.259  -0.224 0.33           0.79           0.82            -37.44        70.39         71.03          0.55        0.91        0.93         -21.54         55.35          56.31           -15.90        15.04         14.73          
