time  x      y      z      groundspeedxy  groundspeedxz  groundspeedxyz  trackanglexy  trackanglexz  trackanglexyz  airspeedxy  airspeedxz  airspeedxyz  courseanglexy  courseanglexz  courseanglexyz  driftanglexy  driftanglexz  driftanglexyz  
0.00  -0.649 0.129  0.012  
0.03  -0.626 0.127  -0.004 0.69           0.84           0.84            -4.12         34.40         34.55          0.94        1.05        1.05         -3.02          26.69          26.82           -1.09         7.71          7.73           
0.07  -0.614 0.118  -0.017 0.45           0.53           0.59            -35.06        46.19         51.49          0.67        0.73        0.77         -22.70         31.86          36.84           -12.35        14.33         14.65          
0.10  -0.607 0.127  -0.019 0.34           0.23           0.34            49.06         18.63         50.22          0.53        0.48        0.54         28.36          8.97           29.35           20.70         9.66          20.87          
0.13  -0.601 0.126  -0.032 0.18           0.41           0.41            -11.71        64.02         64.13          0.43        0.57        0.57         -4.97          40.70          40.85           -6.75         23.32         23.29          
0.17  -0.577 0.118  -0.040 0.73           0.74           0.77            -17.36        19.63         25.37          0.97        0.97        1.00         -12.94         14.69          19.22           -4.42         4.94          6.16           
0.20  -0.567 0.105  -0.037 0.49           0.32           0.50            -51.88        -18.17        52.77          0.68        0.56        0.68         -35.00         -10.22         35.87           -16.89        -7.95         16.91          
0.23  -0.561 0.098  -0.040 0.31           0.22           0.32            -49.26        23.78         51.16          0.51        0.46        0.51         -27.32         11.10          28.93           -21.94        12.69         22.23          
0.27  -0.541 0.091  -0.042 0.63           0.61           0.64            -17.72        8.22          19.32          0.87        0.86        0.88         -12.72         5.83           13.92           -5.00         2.39          5.41           
0.30  -0.524 0.081  -0.046 0.58           0.50           0.59            -33.34        12.26         34.71          0.80        0.74        0.81         -23.49         8.17           24.59           -9.85         4.09          10.12          
0.33  -0.506 0.072  -0.054 0.62           0.62           0.67            -25.47        24.35         33.31          0.86        0.85        0.89         -18.25         17.40          24.46           -7.22         6.95          8.84           
0.37  -0.499 0.068  -0.059 0.22           0.23           0.25            -29.60        35.80         42.56          0.45        0.46        0.47         -13.69         17.19          21.49           -15.91        18.62         21.07          
0.40  -0.493 0.065  -0.062 0.21           0.21           0.23            -29.17        29.89         38.70          0.44        0.44        0.45         -13.16         13.54          18.55           -16.01        16.35         20.15          
0.43  -0.489 0.061  -0.071 0.19           0.30           0.32            -40.58        61.84         64.05          0.41        0.47        0.49         -17.17         33.99          36.57           -23.40        27.85         27.49          
0.47  -0.484 0.049  -0.086 0.39           0.48           0.60            -66.98        71.56         75.30          0.54        0.60        0.70         -41.54         48.48          55.14           -25.43        23.08         20.16          
0.50  -0.475 0.053  -0.097 0.28           0.41           0.43            28.80         53.26         55.37          0.51        0.59        0.61         15.16          33.44          35.52           13.64         19.82         19.86          
0.53  -0.490 0.063  -0.113 0.52           0.64           0.70            146.94        132.80        128.42         0.34        0.50        0.58         122.97         111.36         108.51          23.97         21.45         19.91          
0.57  -0.485 0.070  -0.127 0.26           0.46           0.51            56.10         71.23         73.13          0.45        0.59        0.63         28.92          47.54          50.76           27.18         23.70         22.37          
0.60  -0.504 0.087  -0.141 0.76           0.69           0.86            137.88        144.53        130.98         0.60        0.51        0.72         121.55         127.93         115.75          16.33         16.60         15.23          
0.63  -0.518 0.107  -0.152 0.74           0.54           0.81            124.83        141.55        121.35         0.63        0.38        0.71         105.81         117.13         103.92          19.03         24.42         17.43          
0.67  -0.540 0.112  -0.156 0.69           0.69           0.70            167.81        168.59        163.53         0.45        0.44        0.47         161.03         162.21         154.82          6.77          6.38          8.71           
0.70  -0.565 0.121  -0.151 0.80           0.77           0.82            159.58        -168.83       157.15         0.58        0.53        0.60         150.88         -163.54        147.77          8.70          -5.29         9.38           
0.73  -0.597 0.134  -0.149 1.02           0.95           1.03            157.56        -175.98       157.27         0.80        0.70        0.80         150.69         -174.54        150.34          6.87          -1.44         6.93           
0.77  -0.617 0.137  -0.145 0.61           0.62           0.62            172.51        -167.74       165.75         0.36        0.38        0.39         167.36         -159.66        156.57          5.16          -8.09         9.18           
0.80  -0.655 0.131  -0.127 1.14           1.25           1.26            -171.36       -155.36       154.21         0.90        1.02        1.04         -168.96        -149.52        148.20          -2.40         -5.85         6.02           
0.83  -0.686 0.135  -0.120 0.94           0.96           0.97            173.48        -166.49       165.10         0.70        0.72        0.73         171.14         -161.86        160.06          2.34          -4.63         5.04           
0.87  -0.719 0.129  -0.100 1.00           1.16           1.17            -169.94       -148.79       147.73         0.76        0.95        0.97         -166.64        -140.95        139.80          -3.30         -7.83         7.94           
0.90  -0.752 0.120  -0.077 1.02           1.20           1.24            -164.05       -144.95       142.86         0.79        1.01        1.05         -159.04        -136.76        134.57          -5.01         -8.19         8.29           
0.93  -0.779 0.112  -0.062 0.87           0.95           0.98            -163.81       -151.41       148.30         0.63        0.74        0.78         -157.45        -142.06        138.55          -6.36         -9.35         9.76           
0.97  -0.804 0.106  -0.060 0.74           0.73           0.74            -167.44       -175.11       166.58         0.50        0.48        0.50         -161.19        -172.55        159.96          -6.25         -2.56         6.62           
1.00  -0.837 0.107  -0.051 1.02           1.05           1.05            179.55        -165.05       165.05         0.77        0.81        0.81         179.40         -160.51        160.50          0.15          -4.54         4.54           
1.03  -0.864 0.095  -0.048 0.87           0.80           0.88            -156.48       -173.11       155.69         0.65        0.56        0.66         -147.64        -170.02        146.68          -8.84         -3.09         9.02           
1.07  -0.884 0.099  -0.042 0.60           0.61           0.62            169.40        -163.64       160.80         0.35        0.38        0.39         161.93         -152.89        148.74          7.47          -10.75        12.06          
1.10  -0.897 0.100  -0.045 0.40           0.41           0.41            173.72        165.15        163.99         0.15        0.18        0.18         163.17         143.92         141.73          10.55         21.23         22.26          
1.13  -0.913 0.103  -0.047 0.50           0.49           0.50            170.15        175.16        169.07         0.26        0.25        0.26         160.56         170.23         158.56          9.59          4.93          10.51          
1.17  -0.913 0.108  -0.053 0.17           0.19           0.25            90.48         90.43         90.32          0.30        0.31        0.35         33.92          37.25          45.43           56.56         53.18         44.89          
1.20  -0.913 0.113  -0.062 0.15           0.28           0.32            83.19         86.42         86.83          0.31        0.39        0.42         28.97          46.62          50.06           54.22         39.81         36.77          
1.23  -0.890 0.116  -0.077 0.68           0.80           0.80            7.01          32.66         33.13          0.92        1.02        1.02         5.12           25.02          25.42           1.89          7.63          7.71           
1.27  -0.876 0.115  -0.087 0.44           0.54           0.54            -3.22         35.11         35.19          0.69        0.76        0.76         -2.06          24.15          24.22           -1.16         10.95         10.97          
1.30  -0.853 0.117  -0.101 0.66           0.78           0.78            3.82          31.50         31.66          0.91        1.00        1.00         2.78           23.99          24.11           1.05          7.52          7.54           
1.33  -0.829 0.121  -0.106 0.75           0.76           0.77            10.35         12.52         16.04          1.00        1.00        1.01         7.78           9.43           12.13           2.57          3.09          3.91           
1.37  -0.810 0.119  -0.104 0.56           0.56           0.57            -8.00         -6.68         10.37          0.81        0.81        0.82         -5.55          -4.62          7.20            -2.45         -2.05         3.16           
1.40  -0.792 0.139  -0.110 0.81           0.57           0.83            47.60         18.77         48.91          0.99        0.82        1.01         36.89          13.11          38.16           10.71         5.66          10.75          
1.43  -0.778 0.165  -0.099 0.91           0.54           0.97            61.62         -36.15        63.32          1.06        0.75        1.10         49.59          -24.87         51.62           12.03         -11.28        11.70          
1.47  -0.768 0.178  -0.089 0.49           0.42           0.57            52.89         -46.18        59.29          0.67        0.62        0.73         35.49          -29.34         42.24           17.40         -16.84        17.05          
1.50  -0.764 0.199  -0.080 0.62           0.31           0.68            80.12         -70.05        81.08          0.71        0.46        0.76         59.68          -39.37         62.20           20.44         -30.68        18.87          
1.53  -0.766 0.220  -0.069 0.65           0.32           0.72            95.22         -100.52       94.68          0.67        0.37        0.74         73.52          -58.96         75.13           21.70         -41.56        19.55          
1.57  -0.766 0.236  -0.055 0.47           0.42           0.63            88.02         -87.78        88.52          0.54        0.49        0.68         60.40          -57.44         67.00           27.62         -30.33        21.52          
1.60  -0.780 0.252  -0.044 0.66           0.55           0.74            131.80        -141.93       126.22         0.52        0.39        0.62         110.92         -118.63        107.39          20.88         -23.30        18.83          
1.63  -0.781 0.267  -0.032 0.45           0.36           0.57            94.16         -95.29        93.27          0.50        0.42        0.61         64.29          -58.53         69.27           29.87         -36.76        24.00          
1.67  -0.787 0.278  -0.023 0.37           0.32           0.45            120.06        -125.66       114.25         0.33        0.27        0.42         78.44          -75.78         80.96           41.62         -49.88        33.29          
1.70  -0.791 0.281  -0.015 0.15           0.26           0.28            137.60        -115.18       113.36         0.17        0.27        0.29         35.49          -58.95         61.05           102.10        -56.23        52.31          
1.73  -0.807 0.298  -0.004 0.71           0.58           0.78            133.15        -145.56       128.26         0.56        0.40        0.65         114.30         -125.08        110.79          18.86         -20.48        17.47          
1.77  -0.810 0.306  -0.002 0.24           0.11           0.25            110.04        -136.26       109.00         0.28        0.19        0.29         53.48          -25.24         55.04           56.55         -111.02       53.95          
1.80  -0.823 0.321  -0.001 0.61           0.40           0.61            130.82        -177.99       130.80         0.48        0.15        0.48         107.76         -174.58        107.75          23.06         -3.40         23.05          
1.83  -0.832 0.340  0.007  0.63           0.36           0.68            113.32        -133.65       111.44         0.58        0.26        0.64         89.98          -89.97         89.99           23.33         -43.68        21.46          
1.87  -0.834 0.350  0.009  0.31           0.09           0.31            106.66        -158.16       106.55         0.34        0.17        0.34         61.17          -12.29         61.34           45.50         -145.88       45.21          
1.90  -0.854 0.362  0.007  0.68           0.59           0.68            149.61        175.68        149.40         0.48        0.34        0.48         134.35         172.50         134.12          15.26         3.18          15.29          
1.93  -0.867 0.379  0.019  0.65           0.52           0.73            126.40        -137.96       121.55         0.54        0.37        0.64         104.37         -111.08        102.04          22.03         -26.88        19.50          
1.97  -0.874 0.388  0.018  0.34           0.23           0.34            131.01        178.96        131.01         0.26        0.02        0.26         84.65          9.53           84.65           46.36         169.44        46.36          
2.00  -0.874 0.389  0.021  0.04           0.06           0.07            88.12         -88.77        88.97          0.25        0.26        0.26         9.08           -13.76         16.30           79.04         -75.01        72.67          
2.03  -0.874 0.388  0.015  0.04           0.15           0.16            -84.81        88.58         88.63          0.26        0.30        0.30         -9.23          30.73          31.65           -75.57        57.84         56.98          
2.07  -0.876 0.389  0.003  0.08           0.37           0.37            132.38        98.06         97.97          0.21        0.41        0.42         15.89          61.39          61.68           116.49        36.67         36.29          
2.10  -0.870 0.398  -0.015 0.30           0.57           0.62            55.10         72.71         74.13          0.49        0.69        0.73         30.14          52.46          54.94           24.96         20.25         19.19          
2.13  -0.867 0.397  -0.037 0.11           0.66           0.66            -11.29        80.56         80.57          0.36        0.74        0.74         -3.45          61.17          61.19           -7.84         19.39         19.38          
2.17  -0.851 0.389  -0.054 0.51           0.69           0.73            -25.73        48.21         50.62          0.74        0.88        0.90         -17.34         35.94          38.29           -8.39         12.27         12.33          
2.20  -0.845 0.392  -0.082 0.20           0.86           0.86            19.71         77.11         77.16          0.45        0.95        0.95         8.84           62.22          62.29           10.87         14.90         14.86          
2.23  -0.828 0.376  -0.097 0.68           0.69           0.83            -43.37        43.58         53.29          0.88        0.88        1.00         -32.14         32.33          41.73           -11.23        11.25         11.56          
2.27  -0.808 0.362  -0.122 0.74           0.97           1.05            -33.41        50.29         53.93          0.96        1.15        1.22         -25.18         40.63          44.37           -8.23         9.66          9.56           
2.30  -0.796 0.358  -0.141 0.38           0.67           0.68            -19.15        57.82         58.42          0.62        0.83        0.84         -11.53         43.03          43.70           -7.62         14.79         14.72          
2.33  -0.769 0.330  -0.177 1.17           1.34           1.58            -46.33        53.06         59.43          1.35        1.50        1.73         -38.65         45.43          52.26           -7.69         7.63          7.17           
2.37  -0.752 0.318  -0.199 0.64           0.83           0.91            -35.85        51.56         55.45          0.85        1.00        1.07         -25.95         40.32          44.37           -9.90         11.24         11.08          
2.40  -0.732 0.307  -0.225 0.68           0.99           1.04            -29.11        53.03         55.23          0.91        1.16        1.20         -21.41         43.10          45.41           -7.70         9.94          9.82           
2.43  -0.708 0.297  -0.254 0.79           1.14           1.18            -22.08        50.33         51.83          1.02        1.32        1.35         -16.81         41.93          43.46           -5.27         8.40          8.37           
2.47  -0.681 0.296  -0.278 0.80           1.06           1.06            -1.06         41.22         41.23          1.05        1.26        1.26         -0.81          33.73          33.73           -0.25         7.49          7.49           
2.50  -0.666 0.298  -0.303 0.46           0.90           0.90            4.86          59.56         59.59          0.70        1.04        1.05         3.14           47.66          47.69           1.72          11.91         11.90          
2.53  -0.631 0.314  -0.325 1.15           1.21           1.31            26.02         31.82         38.29          1.38        1.43        1.52         21.45          26.54          32.44           4.57          5.28          5.86           
2.57  -0.617 0.328  -0.344 0.59           0.71           0.83            45.01         54.12         59.63          0.79        0.88        0.98         32.05          40.88          46.89           12.95         13.25         12.74          
2.60  -0.594 0.352  -0.363 0.99           0.91           1.15            44.79         39.59         52.26          1.18        1.12        1.32         36.24          31.40          43.65           8.56          8.19          8.62           
2.63  -0.577 0.370  -0.378 0.75           0.67           0.87            46.96         39.58         53.53          0.94        0.88        1.03         35.79          29.10          42.33           11.17         10.48         11.20          
2.67  -0.571 0.394  -0.378 0.75           0.16           0.75            77.69         5.58          77.69          0.83        0.41        0.83         60.68          2.17           60.68           17.01         3.40          17.01          
2.70  -0.557 0.406  -0.376 0.55           0.44           0.56            37.99         -8.89         38.54          0.77        0.69        0.77         26.41          -5.68          26.86           11.59         -3.21         11.68          
2.73  -0.560 0.423  -0.372 0.52           0.17           0.54            101.90        -129.44       101.54         0.53        0.19        0.55         74.40          -42.53         74.86           27.50         -86.91        26.67          
2.77  -0.562 0.440  -0.355 0.52           0.48           0.71            95.28         -95.62        93.85          0.55        0.52        0.73         68.47          -67.24         73.96           26.82         -28.38        19.89          
2.80  -0.564 0.451  -0.339 0.33           0.50           0.60            100.27        -96.82        95.70          0.38        0.53        0.62         59.79          -68.98         72.22           40.48         -27.84        23.48          
2.83  -0.562 0.457  -0.319 0.20           0.59           0.62            76.10         -85.26        85.50          0.36        0.66        0.69         33.44          -63.08         64.29           42.66         -22.18        21.21          
2.87  -0.564 0.460  -0.297 0.09           0.67           0.68            120.98        -94.14        94.11          0.22        0.70        0.71         21.94          -73.35         73.46           99.04         -20.79        20.64          
2.90  -0.563 0.461  -0.272 0.03           0.73           0.73            31.60         -88.01        88.01          0.28        0.78        0.78         3.26           -69.38         69.38           28.34         -18.63        18.62          
2.93  -0.562 0.465  -0.246 0.14           0.78           0.80            77.20         -87.74        87.77          0.31        0.83        0.84         25.84          -70.26         70.53           51.36         -17.48        17.25          
2.97  -0.548 0.463  -0.227 0.44           0.71           0.72            -8.88         -52.85        53.04          0.68        0.89        0.89         -5.65          -39.89         40.09           -3.23         -12.96        12.96          
3.00  -0.545 0.482  -0.192 0.58           1.07           1.22            81.61         -85.47        86.01          0.66        1.12        1.26         59.77          -72.63         74.59           21.84         -12.84        11.42          
3.03  -0.545 0.497  -0.180 0.46           0.34           0.57            89.52         -89.34        89.62          0.53        0.42        0.63         61.25          -52.91         66.06           28.27         -36.44        23.56          
3.07  -0.553 0.527  -0.160 0.93           0.66           1.12            105.39        -111.84       102.79         0.90        0.62        1.09         89.83          -89.75         89.86           15.57         -22.09        12.93          
3.10  -0.571 0.551  -0.162 0.88           0.53           0.88            126.82        173.29        126.71         0.76        0.28        0.76         111.46         167.37         111.38          15.36         5.92          15.33          
3.13  -0.595 0.580  -0.155 1.14           0.76           1.16            129.99        -164.19       129.22         1.00        0.52        1.02         118.91         -156.73        118.25          11.08         -7.46         10.97          
3.17  -0.627 0.599  -0.167 1.10           1.02           1.16            149.19        159.04        144.67         0.90        0.79        0.97         141.00         152.52         136.10          8.19          6.52          8.57           
3.20  -0.652 0.634  -0.174 1.30           0.78           1.31            125.25        163.81        124.70         1.17        0.54        1.19         115.20         156.43         114.74          10.06         7.38          9.95           
3.23  -0.674 0.659  -0.195 1.01           0.92           1.18            132.77        138.28        125.51         0.86        0.75        1.06         120.47         125.50         114.41          12.29         12.77         11.10          
3.27  -0.687 0.670  -0.215 0.49           0.71           0.78            138.39        120.83        117.80         0.34        0.62        0.70         109.56         100.66         99.45           28.83         20.16         18.36          
3.30  -0.708 0.691  -0.244 0.91           1.08           1.26            133.79        125.80        119.96         0.76        0.95        1.16         120.01         113.49         109.15          13.78         12.31         10.81          
3.33  -0.722 0.696  -0.269 0.45           0.85           0.86            161.60        119.98        119.54         0.22        0.76        0.77         141.01         103.34         103.11          20.58         16.64         16.43          
3.37  -0.729 0.695  -0.299 0.22           0.94           0.94            -171.13       103.30        103.29         0.05        0.92        0.92         -45.84         87.95          87.95           -125.29       15.35         15.34          
3.40  -0.731 0.700  -0.337 0.15           1.14           1.15            108.33        92.44         92.42          0.25        1.16        1.16         36.03          79.96          80.04           72.29         12.49         12.39          
3.43  -0.728 0.703  -0.369 0.12           0.95           0.95            50.66         85.29         85.31          0.34        1.00        1.00         16.16          70.87          70.96           34.50         14.42         14.36          
3.47  -0.722 0.697  -0.400 0.26           0.96           0.98            -45.06        78.83         79.04          0.47        1.04        1.05         -23.13         65.14          65.56           -21.93        13.69         13.48          
3.50  -0.706 0.687  -0.433 0.55           1.09           1.13            -31.03        64.27         65.17          0.78        1.22        1.25         -21.49         53.64          54.74           -9.54         10.63         10.43          
3.53  -0.701 0.685  -0.479 0.18           1.38           1.38            -25.05        83.17         83.18          0.42        1.43        1.44         -10.51         73.20          73.22           -14.54        9.97          9.95           
3.57  -0.691 0.693  -0.514 0.36           1.10           1.13            41.41         75.69         76.03          0.57        1.19        1.21         24.67          63.91          64.46           16.74         11.79         11.57          
3.60  -0.688 0.694  -0.548 0.10           1.01           1.01            19.97         84.75         84.75          0.34        1.06        1.07         5.61           71.23          71.24           14.36         13.52         13.52          
3.63  -0.692 0.696  -0.586 0.13           1.14           1.14            146.02        95.33         95.32          0.16        1.14        1.15         26.30          82.75          82.76           119.72        12.58         12.56          
3.67  -0.686 0.691  -0.622 0.26           1.10           1.12            -42.13        80.13         80.25          0.47        1.17        1.19         -21.29         68.01          68.25           -20.84        12.12         12.00          
3.70  -0.683 0.688  -0.643 0.11           0.64           0.65            -47.57        83.30         83.36          0.34        0.72        0.72         -14.18         63.06          63.25           -33.38        20.24         20.11          
3.73  -0.684 0.689  -0.674 0.04           0.94           0.94            121.96        91.15         91.15          0.23        0.96        0.96         7.45           76.13          76.14           114.51        15.02         15.02          
3.77  -0.662 0.686  -0.695 0.64           0.89           0.90            -7.15         44.62         44.85          0.89        1.09        1.09         -5.15          35.32          35.54           -2.00         9.30          9.31           
3.80  -0.652 0.678  -0.703 0.39           0.39           0.46            -38.96        37.24         47.98          0.61        0.60        0.65         -24.01         22.72          31.44           -14.95        14.52         16.54          
3.83  -0.648 0.659  -0.707 0.58           0.18           0.59            -76.07        37.98         76.32          0.68        0.40        0.69         -55.30         15.62          55.79           -20.77        22.36         20.52          
3.87  -0.620 0.644  -0.698 0.95           0.87           0.99            -29.14        -17.83        32.77          1.17        1.11        1.20         -23.19         -13.89         26.32           -5.95         -3.95         6.45           
3.90  -0.600 0.635  -0.680 0.65           0.81           0.85            -23.20        -41.85        44.80          0.89        1.01        1.04         -16.84         -32.33         35.05           -6.35         -9.53         9.75           
3.93  -0.582 0.611  -0.659 0.89           0.81           1.09            -53.72        -49.61        60.94          1.06        0.99        1.23         -42.74         -38.57         50.67           -10.98        -11.04        10.26          
3.97  -0.578 0.590  -0.623 0.65           1.08           1.26            -79.46        -83.70        84.58          0.74        1.14        1.30         -60.00         -71.09         73.58           -19.46        -12.61        10.99          
4.00  -0.548 0.585  -0.591 0.92           1.33           1.34            -8.41         -46.94        47.21          1.17        1.51        1.52         -6.62          -40.01         40.28           -1.80         -6.93         6.93           
4.03  -0.532 0.569  -0.543 0.68           1.52           1.60            -46.69        -72.08        73.00          0.87        1.61        1.69         -34.66         -63.61         64.86           -12.04        -8.47         8.14           
4.07  -0.519 0.559  -0.504 0.51           1.24           1.28            -37.68        -71.03        71.62          0.72        1.34        1.38         -25.48         -60.88         61.70           -12.20        -10.15        9.92           
4.10  -0.508 0.553  -0.460 0.36           1.35           1.36            -25.98        -75.97        76.07          0.60        1.43        1.44         -15.46         -66.24         66.39           -10.52        -9.73         9.68           
4.13  -0.504 0.560  -0.411 0.26           1.48           1.50            58.61         -84.85        84.91          0.44        1.53        1.54         29.67          -75.47         75.62           28.94         -9.38         9.29           
4.17  -0.494 0.559  -0.378 0.29           1.02           1.02            -10.56        -73.69        73.71          0.54        1.11        1.12         -5.68          -61.26         61.29           -4.88         -12.43        12.42          
4.20  -0.496 0.562  -0.335 0.11           1.30           1.30            121.88        -92.64        92.64          0.21        1.31        1.31         26.81          -81.64         81.67           95.07         -11.00        10.97          
4.23  -0.501 0.557  -0.300 0.21           1.06           1.07            -129.87       -97.32        97.23          0.20        1.05        1.07         -54.37         -83.71         83.79           -75.50        -13.60        13.45          
4.27  -0.504 0.555  -0.258 0.10           1.27           1.27            -159.03       -94.25        94.25          0.16        1.28        1.28         -13.07         -83.01         83.01           -145.96       -11.24        11.24          
4.30  -0.515 0.559  -0.229 0.36           0.92           0.92            164.60        -112.25       112.12         0.14        0.85        0.86         135.36         -96.51         96.47           29.24         -15.74        15.65          
4.33  -0.526 0.549  -0.193 0.44           1.14           1.18            -139.28       -106.83       106.32         0.30        1.10        1.13         -105.91        -94.25         94.11           -33.37        -12.59        12.21          
4.37  -0.529 0.542  -0.168 0.24           0.75           0.78            -111.08       -96.51        96.25          0.28        0.76        0.80         -53.28         -77.54         78.04           -57.79        -18.98        18.21          
4.40  -0.542 0.544  -0.131 0.39           1.17           1.17            167.69        -108.94       108.89         0.15        1.12        1.12         147.52         -96.71         96.69           20.17         -12.23        12.20          
4.43  -0.556 0.541  -0.108 0.44           0.81           0.82            -168.07       -122.07       121.85         0.20        0.71        0.72         -153.25        -104.72        104.60          -14.81        -17.35        17.25          
4.47  -0.563 0.536  -0.088 0.26           0.64           0.66            -140.13       -108.34       107.72         0.18        0.61        0.63         -74.17         -85.51         85.67           -65.96        -22.83        22.04          
4.50  -0.569 0.537  -0.060 0.19           0.86           0.86            169.82        -102.87       102.86         0.07        0.84        0.84         30.18          -85.97         85.97           139.64        -16.90        16.89          
4.53  -0.569 0.533  -0.046 0.13           0.43           0.45            -86.73        -89.05        89.08          0.29        0.50        0.52         -26.11         -59.28         60.29           -60.63        -29.77        28.80          
4.57  -0.558 0.530  -0.035 0.35           0.47           0.47            -13.06        -42.52        43.41          0.60        0.67        0.68         -7.64          -27.94         28.69           -5.42         -14.58        14.72          
4.60  -0.549 0.520  -0.049 0.41           0.49           0.58            -49.34        57.41         62.85          0.60        0.66        0.73         -30.93         38.84          45.10           -18.40        18.57         17.74          
4.63  -0.527 0.502  -0.054 0.86           0.68           0.87            -39.46        13.84         40.67          1.06        0.93        1.08         -30.87         10.15          31.97           -8.59         3.70          8.71           
4.67  -0.509 0.478  -0.071 0.87           0.73           1.00            -53.05        44.27         58.76          1.04        0.92        1.15         -41.93         33.37          48.08           -11.12        10.90         10.68          
4.70  -0.481 0.457  -0.093 1.07           1.07           1.25            -36.66        37.11         46.70          1.28        1.28        1.43         -29.95         30.36          39.40           -6.71         6.75          7.30           
4.73  -0.445 0.428  -0.112 1.37           1.21           1.49            -39.16        28.58         44.42          1.58        1.44        1.68         -33.41         23.81          38.44           -5.75         4.77          5.98           
4.77  -0.423 0.403  -0.144 1.00           1.16           1.38            -48.20        54.89         61.07          1.18        1.32        1.52         -39.14         45.98          52.78           -9.06         8.90          8.29           
4.80  -0.398 0.387  -0.180 0.88           1.31           1.40            -33.15        55.84         58.19          1.10        1.47        1.54         -25.99         47.74          50.28           -7.15         8.11          7.91           
4.83  -0.373 0.371  -0.208 0.91           1.13           1.24            -33.14        47.51         51.83          1.13        1.32        1.41         -26.21         39.45          43.80           -6.93         8.05          8.03           
4.87  -0.354 0.371  -0.237 0.56           1.04           1.04            -0.27         57.48         57.48          0.81        1.19        1.19         -0.19          47.27          47.27           -0.08         10.21         10.21          
4.90  -0.335 0.375  -0.264 0.60           1.01           1.02            12.90         54.27         54.63          0.85        1.17        1.18         9.13           44.28          44.67           3.77          9.99          9.97           
4.93  -0.317 0.385  -0.288 0.59           0.87           0.92            29.00         53.32         55.45          0.82        1.04        1.08         20.51          42.18          44.43           8.49          11.14         11.02          
4.97  -0.298 0.408  -0.300 0.91           0.69           0.99            50.55         33.04         54.04          1.09        0.91        1.15         40.34          24.44          43.92           10.21         8.60          10.12          
5.00  -0.280 0.418  -0.312 0.62           0.65           0.72            29.48         33.85         41.25          0.85        0.87        0.92         21.16          24.66          30.99           8.32          9.18          10.27          
5.03  -0.260 0.426  -0.316 0.65           0.62           0.66            21.02         9.66          22.80          0.89        0.86        0.90         15.24          6.88           16.59           5.78          2.78          6.21           
5.07  -0.241 0.430  -0.318 0.56           0.56           0.57            10.47         8.67          13.47          0.81        0.81        0.81         7.25           6.00           9.37            3.21          2.67          4.10           
5.10  -0.225 0.431  -0.320 0.50           0.50           0.50            4.37          6.17          7.54           0.74        0.75        0.75         2.91           4.10           5.02            1.47          2.07          2.52           
5.13  -0.218 0.433  -0.316 0.21           0.24           0.25            17.35         -35.59        37.99          0.45        0.47        0.47         7.83           -17.49         18.98           9.51          -18.10        19.01          
5.17  -0.206 0.425  -0.315 0.44           0.37           0.44            -33.16        -3.58         33.28          0.66        0.62        0.66         -21.28         -2.13          21.37           -11.88        -1.44         11.91          
5.20  -0.199 0.403  -0.306 0.69           0.34           0.74            -72.89        -52.90        74.09          0.80        0.53        0.85         -55.56         -30.68         57.58           -17.33        -22.21        16.51          
5.23  -0.196 0.396  -0.283 0.23           0.70           0.73            -64.86        -82.00        82.33          0.40        0.78        0.80         -30.88         -63.40         64.37           -33.98        -18.60        17.96          
5.27  -0.196 0.375  -0.254 0.63           0.87           1.08            -89.73        -89.81        89.84          0.68        0.91        1.11         -68.12         -73.87         76.79           -21.62        -15.94        13.05          
5.30  -0.206 0.364  -0.223 0.44           0.96           1.01            -133.67       -108.37       107.42         0.32        0.91        0.97         -99.39         -93.29         93.11           -34.28        -15.08        14.31          
5.33  -0.217 0.364  -0.183 0.33           1.25           1.25            -175.77       -105.09       105.09         0.08        1.21        1.21         -162.33        -93.58         93.58           -13.44        -11.51        11.50          
5.37  -0.215 0.343  -0.146 0.63           1.11           1.28            -84.48        -86.89        87.29          0.70        1.15        1.31         -63.58         -74.40         76.32           -20.90        -12.49        10.97          
5.40  -0.218 0.334  -0.109 0.28           1.11           1.14            -112.55       -95.63        95.48          0.30        1.11        1.14         -61.63         -82.69         82.89           -50.92        -12.94        12.59          
5.43  -0.226 0.336  -0.075 0.23           1.05           1.05            166.77        -102.44       102.42         0.06        1.02        1.03         65.48          -88.64         88.65           101.28        -13.79        13.77          
5.47  -0.225 0.348  -0.054 0.36           0.64           0.74            88.17         -88.96        89.10          0.45        0.69        0.78         54.30          -67.79         70.46           33.87         -21.17        18.64          
5.50  -0.233 0.361  -0.040 0.47           0.48           0.63            120.23        -119.87       112.25         0.41        0.41        0.58         88.21          -88.23         88.74           32.02         -31.64        23.51          
5.53  -0.232 0.371  -0.034 0.29           0.18           0.33            79.39         -72.44        80.84          0.41        0.35        0.45         43.04          -28.94         47.34           36.35         -43.50        33.50          
5.57  -0.229 0.376  -0.033 0.17           0.11           0.18            57.44         -29.18        58.98          0.37        0.35        0.38         23.00          -8.61          24.26           34.44         -20.57        34.72          
5.60  -0.230 0.379  -0.030 0.10           0.09           0.13            115.24        -118.38       109.55         0.23        0.22        0.24         23.97          -21.21         30.54           91.27         -97.17        79.01          
5.63  -0.211 0.369  -0.037 0.65           0.61           0.68            -27.61        20.49         32.73          0.88        0.85        0.90         -20.01         14.59          24.11           -7.60         5.91          8.62           
5.67  -0.194 0.348  -0.040 0.81           0.52           0.82            -50.87        10.90         51.21          0.99        0.77        0.99         -39.56         7.38           39.90           -11.31        3.53          11.31          
5.70  -0.194 0.328  -0.059 0.59           0.55           0.81            -90.66        90.70         90.48          0.64        0.60        0.84         -67.65         66.20          73.26           -23.01        24.50         17.22          
5.73  -0.186 0.305  -0.081 0.74           0.71           0.99            -69.88        68.96         75.14          0.86        0.83        1.08         -54.00         52.67          62.25           -15.88        16.29         12.89          
5.77  -0.165 0.298  -0.102 0.64           0.88           0.90            -18.05        46.79         48.07          0.88        1.07        1.09         -12.98         36.98          38.23           -5.07         9.81          9.85           
5.80  -0.162 0.290  -0.128 0.26           0.79           0.82            -65.69        82.03         82.38          0.43        0.86        0.89         -33.89         65.24          66.22           -31.80        16.79         16.16          
5.83  -0.154 0.284  -0.157 0.31           0.89           0.91            -37.19        73.87         74.22          0.53        0.99        1.01         -20.68         59.83          60.41           -16.50        14.04         13.81          
5.87  -0.137 0.283  -0.180 0.48           0.86           0.86            -2.66         55.74         55.75          0.73        1.02        1.02         -1.75          44.04          44.06           -0.91         11.70         11.70          
5.90  -0.125 0.287  -0.205 0.38           0.83           0.83            15.78         63.96         64.17          0.62        0.96        0.97         9.49           50.45          50.71           6.29          13.51         13.46          
5.93  -0.125 0.301  -0.237 0.44           0.96           1.05            87.14         88.70         88.82          0.51        1.00        1.09         58.02          74.17          75.53           29.12         14.52         13.29          
5.97  -0.125 0.311  -0.261 0.30           0.74           0.79            94.95         91.99         91.85          0.37        0.77        0.82         52.73          73.02          74.18           42.21         18.97         17.67          
6.00  -0.108 0.308  -0.283 0.54           0.85           0.85            -8.32         50.80         50.99          0.79        1.03        1.03         -5.69          39.90          40.10           -2.62         10.89         10.89          
6.03  -0.108 0.313  -0.299 0.14           0.46           0.48            95.88         91.76         91.69          0.27        0.52        0.54         30.53          63.09          64.07           65.35         28.67         27.62          
6.07  -0.094 0.317  -0.310 0.43           0.53           0.54            13.51         37.39         38.70          0.68        0.75        0.75         8.58           25.64          26.71           4.93          11.75         11.99          
6.10  -0.092 0.326  -0.317 0.30           0.22           0.36            76.36         71.35         78.86          0.43        0.38        0.48         42.06          32.96          48.01           34.31         38.39         30.84          
6.13  -0.083 0.330  -0.319 0.29           0.27           0.30            25.68         18.17         30.21          0.52        0.52        0.53         13.74          9.47           16.49           11.95         8.70          13.72          
6.17  -0.080 0.332  -0.322 0.10           0.12           0.14            39.57         49.86         55.32          0.33        0.34        0.35         11.03          15.63          18.83           28.54         34.23         36.49          
6.20  -0.072 0.324  -0.315 0.35           0.33           0.41            -45.58        -42.03        53.70          0.55        0.54        0.60         -26.78         -24.02         33.95           -18.80        -18.01        19.75          
6.23  -0.058 0.305  -0.319 0.73           0.46           0.74            -52.77        13.71         53.24          0.91        0.70        0.91         -40.07         8.86           40.55           -12.70        4.85          12.69          
6.27  -0.050 0.301  -0.320 0.24           0.23           0.25            -22.97        13.19         25.84          0.48        0.48        0.49         -11.36         6.34           12.93           -11.61        6.85          12.91          
6.30  -0.041 0.283  -0.310 0.62           0.41           0.69            -64.45        -49.51        67.36          0.76        0.60        0.82         -47.23         -31.19         51.10           -17.22        -18.32        16.26          
6.33  -0.035 0.262  -0.285 0.66           0.78           1.01            -73.74        -76.36        79.43          0.77        0.88        1.08         -55.55         -60.28         66.31           -18.19        -16.08        13.12          
6.37  -0.025 0.245  -0.261 0.58           0.77           0.91            -57.70        -66.49        70.28          0.74        0.90        1.02         -41.12         -51.76         57.01           -16.57        -14.73        13.28          
6.40  -0.022 0.243  -0.241 0.11           0.62           0.62            -42.29        -82.24        82.30          0.34        0.70        0.70         -12.81         -61.39         61.57           -29.48        -20.85        20.73          
6.43  -0.024 0.241  -0.216 0.09           0.75           0.75            -140.57       -95.48        95.46          0.19        0.77        0.77         -18.33         -76.61         76.65           -122.24       -18.86        18.81          
6.47  -0.038 0.246  -0.215 0.42           0.40           0.42            160.69        -178.61       160.65         0.20        0.15        0.20         136.74         -176.26        136.67          23.95         -2.34         23.97          
