time  x      y      z      groundspeedxy  groundspeedxz  groundspeedxyz  trackanglexy  trackanglexz  trackanglexyz  airspeedxy  airspeedxz  airspeedxyz  courseanglexy  courseanglexz  courseanglexyz  driftanglexy  driftanglexz  driftanglexyz  
0.00  -1.101 0.238  -0.058 
0.03  -1.092 0.221  -0.086 0.59           0.87           1.02            -62.83        71.98         74.64          0.74        0.98        1.11         -45.31         57.91          62.09           -17.52        14.07         12.54          
0.07  -1.080 0.203  -0.118 0.66           1.04           1.18            -55.66        69.10         71.56          0.83        1.16        1.28         -41.21         57.45          60.88           -14.45        11.65         10.69          
0.10  -1.061 0.194  -0.143 0.63           0.94           0.98            -24.97        52.39         54.05          0.86        1.11        1.14         -17.96         42.10          43.83           -7.01         10.29         10.22          
0.13  -1.043 0.190  -0.162 0.52           0.76           0.77            -10.99        47.20         47.66          0.77        0.95        0.95         -7.45          36.02          36.46           -3.54         11.18         11.20          
0.17  -1.021 0.199  -0.177 0.73           0.82           0.86            21.06         33.13         37.16          0.97        1.04        1.07         15.76          25.56          29.05           5.30          7.57          8.11           
0.20  -0.999 0.209  -0.186 0.72           0.71           0.77            23.86         22.56         31.25          0.96        0.95        0.99         17.78          16.77          23.76           6.07          5.79          7.49           
0.23  -0.971 0.220  -0.194 0.88           0.85           0.91            21.39         16.09         25.94          1.12        1.09        1.14         16.70          12.46          20.43           4.69          3.63          5.51           
0.27  -0.949 0.239  -0.195 0.89           0.68           0.89            40.89         4.45          41.01          1.09        0.92        1.09         32.27          3.24           32.38           8.62          1.20          8.63           
0.30  -0.924 0.273  -0.198 1.26           0.75           1.26            53.50         5.18          53.56          1.42        1.00        1.42         45.37          3.89           45.44           8.13          1.29          8.13           
0.33  -0.898 0.295  -0.204 1.01           0.79           1.03            40.99         13.41         42.02          1.21        1.03        1.23         33.22          10.19          34.19           7.77          3.22          7.84           
0.37  -0.878 0.326  -0.206 1.12           0.63           1.12            56.21         4.99          56.26          1.28        0.87        1.28         46.84          3.56           46.89           9.37          1.42          9.37           
0.40  -0.857 0.351  -0.204 0.96           0.62           0.96            49.73         -4.16         49.79          1.14        0.87        1.14         40.11          -2.97          40.17           9.62          -1.19         9.62           
0.43  -0.835 0.376  -0.202 1.00           0.67           1.00            48.69         -5.86         48.81          1.18        0.91        1.18         39.55          -4.26          39.67           9.14          -1.60         9.14           
0.47  -0.803 0.401  -0.186 1.20           1.06           1.30            38.59         -27.01        43.44          1.41        1.28        1.49         32.24          -21.94         36.81           6.35          -5.07         6.63           
0.50  -0.778 0.423  -0.171 1.03           0.89           1.12            41.15         -29.28        46.08          1.23        1.12        1.31         33.47          -23.00         38.16           7.67          -6.29         7.92           
0.53  -0.748 0.454  -0.152 1.28           1.05           1.40            46.56         -33.41        51.23          1.46        1.27        1.57         39.42          -27.19         44.11           7.13          -6.23         7.12           
0.57  -0.723 0.473  -0.129 0.93           1.03           1.17            36.42         -42.82        49.83          1.15        1.22        1.34         28.97          -34.82         41.64           7.44          -8.00         8.19           
0.60  -0.702 0.482  -0.105 0.70           0.95           0.99            22.99         -47.30        49.33          0.93        1.13        1.17         16.99          -37.97         39.97           6.00          -9.33         9.36           
0.63  -0.671 0.501  -0.090 1.08           1.02           1.17            32.72         -26.74        39.23          1.30        1.25        1.38         26.74          -21.56         32.63           5.97          -5.18         6.59           
0.67  -0.650 0.497  -0.048 0.65           1.41           1.42            -12.49        -63.14        63.28          0.90        1.54        1.55         -9.04          -54.80         54.97           -3.45         -8.33         8.31           
0.70  -0.627 0.488  -0.024 0.74           1.01           1.04            -19.68        -46.49        48.05          0.98        1.19        1.22         -14.73         -37.76         39.28           -4.95         -8.74         8.77           
0.73  -0.608 0.487  0.013  0.56           1.23           1.23            -2.72         -63.03        63.04          0.81        1.36        1.36         -1.88          -53.60         53.61           -0.84         -9.43         9.43           
0.77  -0.590 0.471  0.041  0.73           1.00           1.11            -42.00        -57.01        60.73          0.93        1.15        1.25         -31.66         -46.54         50.71           -10.34        -10.47        10.02          
0.80  -0.573 0.453  0.080  0.74           1.30           1.40            -46.57        -66.99        68.82          0.93        1.42        1.51         -35.29         -57.63         59.96           -11.28        -9.36         8.86           
0.83  -0.557 0.450  0.108  0.50           0.96           0.96            -11.14        -58.82        59.00          0.75        1.11        1.11         -7.45          -47.68         47.88           -3.68         -11.14        11.12          
0.87  -0.556 0.446  0.139  0.12           0.93           0.94            -79.44        -88.62        88.63          0.30        0.97        0.98         -23.87         -73.72         73.85           -55.57        -14.90        14.78          
0.90  -0.531 0.425  0.176  0.99           1.35           1.50            -40.67        -56.38        60.00          1.19        1.51        1.64         -32.79         -48.43         52.40           -7.88         -7.94         7.59           
0.93  -0.529 0.422  0.207  0.11           0.92           0.92            -43.70        -85.11        85.13          0.34        0.97        0.98         -12.85         -70.28         70.34           -30.85        -14.83        14.78          
0.97  -0.517 0.396  0.236  0.85           0.93           1.21            -65.82        -68.08        73.32          0.97        1.05        1.30         -52.29         -55.27         62.70           -13.54        -12.81        10.62          
1.00  -0.512 0.384  0.267  0.41           0.95           1.02            -68.11        -80.69        81.37          0.56        1.02        1.09         -43.40         -66.67         68.23           -24.70        -14.02        13.14          
1.03  -0.495 0.361  0.284  0.85           0.72           0.99            -54.15        -45.79        59.88          1.02        0.91        1.14         -42.67         -34.40         48.94           -11.48        -11.39        10.94          
1.07  -0.499 0.355  0.258  0.20           0.79           0.81            -122.64       97.68         97.52          0.22        0.80        0.81         -48.77         79.55          79.77           -73.87        18.13         17.75          
1.10  -0.485 0.336  0.232  0.69           0.87           1.03            -54.17        62.17         66.92          0.86        1.01        1.16         -40.59         49.52          55.44           -13.58        12.64         11.48          
1.13  -0.476 0.316  0.201  0.68           0.97           1.15            -65.72        73.30         75.98          0.81        1.07        1.23         -49.44         60.35          64.64           -16.28        12.95         11.33          
1.17  -0.478 0.299  0.160  0.50           1.24           1.34            -95.54        92.24         92.07          0.54        1.26        1.35         -68.05         80.78          81.44           -27.49        11.46         10.64          
1.20  -0.487 0.295  0.126  0.30           1.06           1.07            -157.02       105.23        105.13         0.12        1.02        1.03         -103.45        91.58          91.57           -53.57        13.64         13.56          
1.23  -0.477 0.299  0.076  0.30           1.52           1.52            19.47         79.11         79.13          0.55        1.59        1.59         10.71          70.21          70.25           8.77          8.90          8.88           
1.27  -0.478 0.304  0.038  0.15           1.15           1.16            97.54         90.98         90.97          0.27        1.17        1.18         32.87          78.69          78.78           64.67         12.29         12.19          
1.30  -0.483 0.318  -0.008 0.46           1.38           1.44            108.93        96.15         95.87          0.44        1.37        1.44         76.65          85.73          85.93           32.27         10.42         9.94           
1.33  -0.483 0.304  -0.054 0.41           1.37           1.43            -91.44        90.43         90.41          0.47        1.39        1.45         -59.56         80.06          80.47           -31.88        10.37         9.94           
1.37  -0.492 0.295  -0.101 0.37           1.43           1.46            -132.65       100.01        99.83          0.27        1.41        1.44         -89.75         89.95          89.95           -42.90        10.05         9.88           
1.40  -0.498 0.278  -0.141 0.57           1.21           1.32            -110.30       99.42         98.60          0.54        1.19        1.31         -84.45         87.50          87.72           -25.85        11.91         10.88          
1.43  -0.503 0.275  -0.184 0.16           1.32           1.33            -146.76       95.79         95.78          0.15        1.32        1.33         -36.92         84.95          84.96           -109.84       10.84         10.82          
1.47  -0.511 0.264  -0.229 0.42           1.37           1.41            -127.77       100.76        100.45         0.33        1.34        1.38         -90.93         90.23          90.22           -36.84        10.53         10.23          
1.50  -0.509 0.255  -0.268 0.25           1.15           1.18            -77.28        87.25         87.31          0.39        1.19        1.22         -38.73         75.16          75.47           -38.54        12.10         11.84          
1.53  -0.517 0.253  -0.316 0.25           1.47           1.47            -161.72       99.12         99.10          0.08        1.45        1.45         -77.55         89.33          89.33           -84.16        9.79          9.77           
1.57  -0.513 0.249  -0.351 0.16           1.07           1.07            -46.83        84.00         84.03          0.38        1.12        1.13         -18.22         71.18          71.29           -28.62        12.81         12.74          
1.60  -0.504 0.246  -0.387 0.28           1.11           1.11            -15.75        76.03         76.06          0.52        1.20        1.20         -8.31          64.34          64.39           -7.44         11.69         11.67          
1.63  -0.492 0.245  -0.432 0.37           1.38           1.38            -5.92         74.29         74.30          0.62        1.46        1.47         -3.55          64.83          64.84           -2.37         9.46          9.45           
1.67  -0.492 0.257  -0.473 0.36           1.23           1.28            89.56         89.87         89.88          0.44        1.26        1.31         54.59          78.41          78.85           34.96         11.46         11.02          
1.70  -0.483 0.246  -0.510 0.42           1.16           1.21            -52.29        77.20         77.70          0.61        1.24        1.28         -33.25         65.84          66.72           -19.05        11.35         10.98          
1.73  -0.480 0.255  -0.546 0.30           1.08           1.12            72.65         85.30         85.46          0.44        1.13        1.16         39.92          72.55          73.09           32.73         12.75         12.36          
1.77  -0.470 0.266  -0.586 0.45           1.22           1.26            45.25         75.00         75.50          0.65        1.31        1.35         29.38          64.35          65.13           15.87         10.65         10.36          
1.80  -0.460 0.282  -0.615 0.57           0.93           1.05            57.72         71.14         73.28          0.73        1.04        1.15         40.89          58.02          61.22           16.83         13.12         12.05          
1.83  -0.455 0.296  -0.637 0.46           0.67           0.80            72.99         78.50         80.38          0.58        0.76        0.88         48.69          59.69          64.05           24.30         18.81         16.34          
1.87  -0.447 0.319  -0.652 0.72           0.51           0.85            70.44         61.30         73.40          0.84        0.66        0.95         54.19          41.97          58.82           16.25         19.33         14.59          
1.90  -0.445 0.349  -0.661 0.88           0.29           0.93            86.38         79.02         86.56          0.93        0.42        0.98         70.88          43.22          71.75           15.50         35.80         14.80          
1.93  -0.441 0.373  -0.665 0.76           0.18           0.76            79.00         36.78         79.11          0.84        0.41        0.85         62.01          15.29          62.26           16.99         21.49         16.86          
1.97  -0.413 0.397  -0.670 1.08           0.83           1.09            40.52         10.51         41.17          1.28        1.08        1.29         33.22          8.09           33.82           7.30          2.42          7.34           
2.00  -0.409 0.405  -0.665 0.29           0.19           0.32            64.73         -50.92        67.80          0.45        0.40        0.48         34.81          -22.01         38.81           29.92         -28.92        28.99          
2.03  -0.407 0.422  -0.650 0.51           0.45           0.68            84.16         -83.44        85.63          0.59        0.54        0.74         59.26          -56.20         66.03           24.90         -27.23        19.60          
2.07  -0.427 0.447  -0.620 0.97           1.08           1.32            128.42        -123.66       117.02         0.83        0.97        1.23         114.84         -111.24        106.57          13.58         -12.42        10.45          
2.10  -0.431 0.456  -0.600 0.28           0.62           0.67            111.48        -99.44        98.70          0.30        0.63        0.68         59.92          -76.25         77.30           51.55         -23.18        21.41          
2.13  -0.428 0.452  -0.573 0.15           0.80           0.82            -61.12        -84.98        85.04          0.35        0.86        0.87         -21.74         -68.21         68.46           -39.38        -16.76        16.58          
2.17  -0.440 0.463  -0.528 0.48           1.39           1.43            135.49        -104.27       103.86         0.35        1.35        1.39         105.39         -93.94         93.82           30.09         -10.33        10.04          
2.20  -0.442 0.457  -0.495 0.18           0.99           1.01            -113.53       -94.18        94.12          0.24        1.00        1.02         -43.01         -79.81         79.95           -70.51        -14.37        14.17          
2.23  -0.452 0.463  -0.461 0.33           1.06           1.07            148.15        -105.45       105.24         0.18        1.02        1.04         100.46         -91.82         91.79           47.69         -13.64        13.45          
2.27  -0.458 0.450  -0.403 0.45           1.74           1.78            -115.31       -96.30        96.14          0.41        1.73        1.77         -81.61         -88.03         88.08           -33.70        -8.28         8.06           
2.30  -0.474 0.441  -0.368 0.55           1.15           1.19            -149.68       -114.42       113.70         0.36        1.07        1.11         -129.10        -102.18        101.79          -20.57        -12.24        11.91          
2.33  -0.472 0.424  -0.323 0.50           1.37           1.46            -83.64        -87.68        87.82          0.58        1.41        1.49         -58.50         -77.44         78.17           -25.14        -10.24        9.64           
2.37  -0.481 0.410  -0.279 0.48           1.33           1.39            -121.87       -101.02       100.53         0.41        1.31        1.37         -90.62         -90.19         90.18           -31.26        -10.83        10.34          
2.40  -0.484 0.403  -0.243 0.25           1.08           1.10            -115.52       -95.69        95.57          0.27        1.08        1.10         -57.34         -82.39         82.54           -58.17        -13.30        13.02          
2.43  -0.486 0.391  -0.198 0.36           1.37           1.42            -97.29        -91.92        91.86          0.41        1.39        1.43         -60.45         -81.54         81.81           -36.84        -10.39        10.05          
2.47  -0.485 0.376  -0.158 0.44           1.20           1.28            -85.88        -88.49        88.58          0.52        1.23        1.31         -57.36         -76.81         77.59           -28.52        -11.68        10.99          
2.50  -0.488 0.362  -0.135 0.42           0.69           0.80            -104.52       -98.89        97.63          0.43        0.69        0.81         -70.72         -78.07         79.75           -33.81        -20.82        17.88          
2.53  -0.482 0.341  -0.105 0.66           0.92           1.12            -74.37        -78.87        80.86          0.77        1.00        1.18         -56.05         -64.67         68.83           -18.32        -14.21        12.03          
2.57  -0.470 0.334  -0.060 0.43           1.40           1.41            -30.77        -74.73        74.92          0.66        1.48        1.50         -19.51         -65.36         65.64           -11.26        -9.37         9.28           
2.60  -0.474 0.342  -0.027 0.27           0.98           1.01            116.39        -96.99        96.79          0.27        0.99        1.01         61.65          -82.40         82.62           54.73         -14.59        14.17          
2.63  -0.471 0.342  0.005  0.08           0.97           0.97            4.25          -85.13        85.13          0.33        1.02        1.02         1.05           -70.97         70.97           3.20          -14.16        14.16          
2.67  -0.465 0.351  0.038  0.31           1.00           1.03            55.11         -79.82        80.14          0.50        1.07        1.10         30.73          -66.58         67.24           24.38         -13.24        12.89          
2.70  -0.461 0.350  0.053  0.15           0.50           0.50            -14.06        -73.48        73.52          0.39        0.62        0.62         -5.17          -50.63         50.71           -8.88         -22.84        22.81          
2.73  -0.443 0.346  0.069  0.55           0.72           0.72            -10.71        -41.50        42.13          0.79        0.92        0.92         -7.35          -31.11         31.68           -3.36         -10.38        10.45          
2.77  -0.437 0.368  0.077  0.66           0.29           0.70            75.93         -56.52        76.81          0.76        0.48        0.80         57.34          -30.60         59.07           18.58         -25.92        17.74          
2.80  -0.430 0.388  0.083  0.64           0.29           0.67            69.41         -38.15        70.19          0.77        0.51        0.79         51.68          -20.47         52.84           17.73         -17.68        17.35          
2.83  -0.419 0.393  0.086  0.37           0.34           0.37            26.23         -11.77        28.15          0.60        0.58        0.61         15.67          -6.76          16.94           10.57         -5.00         11.21          
2.87  -0.411 0.400  0.076  0.31           0.37           0.42            40.93         50.27         56.01          0.53        0.56        0.60         22.77          30.21          35.67           18.16         20.06         20.34          
2.90  -0.395 0.397  0.081  0.48           0.50           0.50            -9.87         -18.61        20.75          0.72        0.74        0.74         -6.48          -12.39         13.89           -3.39         -6.21         6.86           
2.93  -0.393 0.406  0.074  0.28           0.24           0.36            73.30         70.96         77.24          0.42        0.40        0.48         38.72          34.88          46.73           34.57         36.08         30.51          
2.97  -0.391 0.397  0.063  0.28           0.34           0.44            -77.10        79.49         81.80          0.42        0.46        0.54         -41.20         47.20          54.27           -35.90        32.28         27.52          
3.00  -0.387 0.391  0.052  0.21           0.34           0.38            -55.07        68.99         71.40          0.41        0.49        0.51         -24.95         40.24          44.00           -30.12        28.76         27.40          
3.03  -0.384 0.389  0.037  0.11           0.47           0.47            -41.25        79.60         79.73          0.34        0.57        0.57         -12.48         53.98          54.33           -28.77        25.62         25.40          
3.07  -0.380 0.383  0.026  0.21           0.34           0.38            -54.74        68.89         71.28          0.41        0.49        0.52         -24.89         40.36          44.08           -29.84        28.53         27.20          
3.10  -0.377 0.373  0.008  0.31           0.54           0.62            -76.21        82.22         83.19          0.44        0.62        0.69         -42.65         58.85          62.16           -33.56        23.37         21.03          
3.13  -0.368 0.356  -0.005 0.59           0.48           0.71            -62.04        54.85         67.03          0.74        0.66        0.84         -44.66         36.69          51.07           -17.37        18.16         15.96          
3.17  -0.357 0.340  -0.024 0.59           0.66           0.82            -53.96        58.62         64.95          0.76        0.82        0.95         -38.57         43.57          51.14           -15.39        15.05         13.81          
3.20  -0.355 0.334  -0.041 0.17           0.51           0.54            -75.29        85.22         85.44          0.34        0.59        0.61         -29.14         60.24          61.42           -46.16        24.97         24.02          
3.23  -0.346 0.311  -0.051 0.74           0.42           0.81            -68.62        50.34         70.50          0.87        0.61        0.92         -53.01         32.09          55.74           -15.61        18.26         14.77          
3.27  -0.332 0.295  -0.074 0.65           0.79           0.93            -48.89        57.16         62.57          0.84        0.95        1.07         -35.91         44.40          50.62           -12.97        12.76         11.96          
3.30  -0.327 0.287  -0.095 0.28           0.66           0.70            -61.29        78.29         79.03          0.45        0.75        0.79         -32.41         59.19          60.85           -28.88        19.09         18.17          
3.33  -0.320 0.271  -0.113 0.52           0.59           0.76            -66.29        69.25         74.00          0.66        0.72        0.86         -46.00         50.20          57.76           -20.30        19.05         16.24          
3.37  -0.308 0.276  -0.134 0.39           0.71           0.73            20.93         59.57         60.18          0.63        0.87        0.88         12.73          45.16          45.87           8.20          14.41         14.32          
3.40  -0.297 0.278  -0.159 0.36           0.83           0.84            13.25         65.41         65.53          0.60        0.96        0.97         7.79           51.77          51.94           5.46          13.63         13.60          
3.43  -0.289 0.276  -0.186 0.26           0.84           0.84            -13.33        72.77         72.82          0.50        0.94        0.95         -6.73          58.12          58.19           -6.59         14.66         14.63          
3.47  -0.280 0.279  -0.208 0.28           0.70           0.71            19.74         67.89         68.09          0.52        0.83        0.83         10.44          51.65          51.94           9.30          16.24         16.15          
3.50  -0.271 0.285  -0.224 0.31           0.55           0.58            32.84         62.06         63.36          0.54        0.71        0.73         18.20          43.85          45.44           14.64         18.21         17.92          
3.53  -0.266 0.301  -0.243 0.50           0.59           0.76            71.54         74.54         77.98          0.62        0.70        0.85         49.24          54.46          61.19           22.30         20.08         16.79          
3.57  -0.267 0.315  -0.251 0.43           0.24           0.49            94.00         97.25         93.51          0.48        0.32        0.54         62.80          46.93          65.76           31.20         50.32         27.75          
3.60  -0.258 0.329  -0.244 0.49           0.33           0.53            57.56         -36.61        60.11          0.66        0.55        0.69         38.85          -20.83         41.69           18.71         -15.79        18.42          
3.63  -0.245 0.342  -0.240 0.56           0.40           0.57            46.79         -17.34        47.97          0.75        0.64        0.76         32.79          -10.70         33.87           14.01         -6.64         14.10          
3.67  -0.235 0.356  -0.236 0.52           0.32           0.53            54.71         -22.74        55.84          0.69        0.56        0.70         37.57          -12.85         38.74           17.15         -9.89         17.10          
3.70  -0.222 0.358  -0.219 0.39           0.64           0.64            6.47          -52.34        52.44          0.64        0.81        0.81         3.95           -38.25         38.35           2.52          -14.09        14.09          
3.73  -0.216 0.365  -0.208 0.28           0.38           0.43            49.11         -61.64        65.39          0.48        0.54        0.58         25.81          -37.81         42.44           23.30         -23.83        22.95          
3.77  -0.210 0.367  -0.203 0.20           0.23           0.24            20.14         -37.60        40.46          0.44        0.46        0.46         8.88           -18.17         19.98           11.26         -19.43        20.49          
3.80  -0.210 0.363  -0.205 0.14           0.04           0.14            -84.22        69.33         84.42          0.30        0.27        0.30         -27.61         7.99           28.44           -56.60        61.34         55.97          
3.83  -0.207 0.383  -0.202 0.61           0.12           0.62            82.68         -50.25        82.77          0.69        0.34        0.69         61.51          -15.87         61.79           21.18         -34.37        20.98          
3.87  -0.194 0.367  -0.188 0.62           0.56           0.74            -50.10        -45.08        57.35          0.80        0.76        0.90         -36.27         -31.60         43.76           -13.83        -13.48        13.60          
3.90  -0.187 0.364  -0.162 0.23           0.81           0.82            -21.33        -74.94        75.02          0.47        0.91        0.92         -10.15         -59.58         59.72           -11.19        -15.36        15.30          
3.93  -0.184 0.360  -0.160 0.16           0.10           0.17            -57.32        -34.75        59.63          0.36        0.34        0.37         -21.70         -10.04         23.53           -35.62        -24.71        36.09          
3.97  -0.173 0.352  -0.142 0.40           0.64           0.68            -36.80        -59.46        61.64          0.62        0.79        0.83         -22.88         -43.72         46.27           -13.91        -15.74        15.37          
4.00  -0.158 0.336  -0.132 0.65           0.54           0.72            -46.25        -33.46        51.03          0.85        0.76        0.90         -33.93         -23.05         38.52           -12.33        -10.41        12.51          
4.03  -0.154 0.328  -0.109 0.28           0.69           0.73            -62.43        -79.38        79.99          0.45        0.78        0.82         -32.90         -60.97         62.42           -29.52        -18.41        17.57          
4.07  -0.145 0.324  -0.097 0.29           0.46           0.47            -19.32        -53.48        54.37          0.53        0.64        0.65         -10.37         -35.19         36.08           -8.94         -18.29        18.29          
4.10  -0.132 0.318  -0.075 0.44           0.76           0.78            -25.15        -58.54        59.54          0.67        0.91        0.93         -16.05         -45.05         46.19           -9.10         -13.49        13.36          
4.13  -0.122 0.328  -0.067 0.40           0.37           0.48            47.21         -42.94        54.95          0.60        0.58        0.65         29.48          -25.96         36.72           17.73         -16.98        18.23          
4.17  -0.111 0.340  -0.051 0.50           0.60           0.69            44.13         -53.50        58.99          0.70        0.78        0.85         29.72          -38.49         44.39           14.41         -15.01        14.60          
4.20  -0.104 0.357  -0.045 0.56           0.25           0.58            69.50         -39.12        70.32          0.69        0.47        0.70         49.54          -19.63         50.79           19.95         -19.49        19.53          
4.23  -0.097 0.372  -0.048 0.50           0.22           0.50            66.13         23.36         66.51          0.64        0.46        0.65         45.21          10.90          45.73           20.92         12.46         20.78          
4.27  -0.091 0.395  -0.052 0.70           0.23           0.71            73.79         29.75         73.99          0.81        0.46        0.82         56.54          14.12          56.90           17.25         15.63         17.10          
4.30  -0.084 0.407  -0.061 0.44           0.35           0.51            60.54         52.05         65.42          0.60        0.54        0.66         39.23          30.60          45.23           21.31         21.45         20.19          
4.33  -0.079 0.417  -0.063 0.31           0.14           0.32            65.71         24.85         66.17          0.47        0.38        0.48         36.81          8.89           37.40           28.90         15.96         28.77          
4.37  -0.075 0.426  -0.074 0.30           0.34           0.44            66.65         69.32         74.14          0.46        0.49        0.56         37.05          40.82          48.92           29.60         28.51         25.22          
4.40  -0.079 0.434  -0.097 0.26           0.70           0.74            115.64        99.14         98.67          0.27        0.71        0.74         59.12          78.67          79.24           56.52         20.47         19.43          
4.43  -0.081 0.439  -0.112 0.16           0.44           0.47            112.78        97.87         97.48          0.24        0.48        0.50         37.32          66.65          67.70           75.46         31.22         29.78          
4.47  -0.089 0.446  -0.124 0.33           0.46           0.51            135.89        121.53        117.81         0.23        0.39        0.45         87.14          88.30          88.54           48.74         33.23         29.27          
4.50  -0.089 0.444  -0.145 0.08           0.62           0.63            -87.61        89.69         89.70          0.27        0.67        0.68         -17.47         67.88          68.04           -70.14        21.81         21.65          
4.53  -0.098 0.441  -0.155 0.27           0.40           0.41            -163.75       131.08        130.19         0.08        0.30        0.31         -98.86         92.27          92.20           -64.89        38.81         37.99          
4.57  -0.098 0.436  -0.172 0.17           0.51           0.54            -97.00        92.27         92.16          0.28        0.56        0.59         -35.86         65.94          66.98           -61.14        26.32         25.18          
4.60  -0.104 0.431  -0.182 0.22           0.32           0.35            -136.31       120.59        117.24         0.18        0.29        0.33         -60.44         72.24          74.42           -75.87        48.35         42.82          
4.63  -0.100 0.412  -0.197 0.57           0.47           0.73            -77.87        75.31         80.56          0.67        0.59        0.81         -56.41         51.00          62.82           -21.46        24.31         17.74          
4.67  -0.095 0.408  -0.200 0.18           0.18           0.21            -36.28        35.78         45.81          0.41        0.41        0.42         -15.14         14.88          20.77           -21.14        20.90         25.04          
4.70  -0.087 0.402  -0.209 0.31           0.36           0.41            -38.18        48.14         53.78          0.53        0.56        0.59         -21.18         28.82          33.94           -17.00        19.33         19.84          
4.73  -0.077 0.383  -0.220 0.65           0.43           0.72            -63.24        47.25         66.12          0.79        0.63        0.85         -46.83         30.18          50.53           -16.41        17.07         15.59          
4.77  -0.066 0.374  -0.231 0.44           0.48           0.56            -39.08        45.04         52.20          0.65        0.68        0.74         -25.09         30.01          36.63           -13.98        15.03         15.57          
4.80  -0.057 0.346  -0.244 0.86           0.45           0.94            -73.13        56.13         74.55          0.96        0.62        1.03         -58.74         36.66          61.05           -14.38        19.46         13.50          
4.83  -0.047 0.339  -0.260 0.38           0.59           0.62            -32.93        57.38         59.41          0.60        0.75        0.78         -19.92         41.16          43.42           -13.01        16.22         15.98          
