time  x      y      z      groundspeedxy  groundspeedxz  groundspeedxyz  trackanglexy  trackanglexz  trackanglexyz  airspeedxy  airspeedxz  airspeedxyz  courseanglexy  courseanglexz  courseanglexyz  driftanglexy  driftanglexz  driftanglexyz  
0.00  -0.731 0.071  -0.338 
0.03  -0.738 0.095  -0.340 0.75           0.20           0.75            104.77        163.51        104.73         0.73        0.08        0.73         85.37          43.94          85.38           19.40         119.57        19.35          
0.07  -0.739 0.120  -0.329 0.75           0.32           0.82            93.45         -98.07        93.17          0.78        0.38        0.84         74.73          -57.28         75.90           18.71         -40.79        17.27          
0.10  -0.751 0.147  -0.317 0.90           0.50           0.97            112.97        -133.94       111.21         0.83        0.38        0.91         96.88          -105.34        96.30           16.09         -28.60        14.91          
0.13  -0.760 0.176  -0.310 0.90           0.37           0.93            108.84        -142.29       108.26         0.86        0.23        0.88         92.79          -100.46        92.70           16.05         -41.83        15.56          
0.17  -0.772 0.197  -0.300 0.74           0.46           0.79            119.37        -141.50       117.19         0.65        0.31        0.71         99.88          -111.26        99.03           19.49         -30.24        18.15          
0.20  -0.780 0.221  -0.287 0.75           0.45           0.85            106.50        -117.96       104.50         0.72        0.40        0.82         87.04          -84.70         87.41           19.46         -33.27        17.09          
0.23  -0.790 0.238  -0.279 0.60           0.41           0.65            122.29        -142.10       119.55         0.52        0.26        0.57         98.08          -106.11        97.26           24.20         -35.99        22.29          
0.27  -0.798 0.256  -0.272 0.58           0.29           0.61            112.69        -140.40       111.56         0.54        0.19        0.57         87.32          -82.29         87.47           25.37         -58.11        24.10          
0.30  -0.798 0.257  -0.263 0.02           0.28           0.28            153.04        -93.97        93.97          0.23        0.36        0.36         2.41           -50.04         50.05           150.63        -43.93        43.91          
0.33  -0.786 0.265  -0.274 0.44           0.49           0.55            35.36         41.90         48.84          0.66        0.69        0.74         22.75          27.94          34.07           12.61         13.96         14.78          
0.37  -0.780 0.281  -0.269 0.50           0.25           0.52            66.02         -34.65        66.97          0.65        0.48        0.66         45.37          -17.30         46.67           20.64         -17.35        20.30          
0.40  -0.765 0.287  -0.269 0.48           0.44           0.48            24.57         -2.41         24.66          0.72        0.69        0.72         16.24          -1.54          16.31           8.33          -0.87         8.36           
0.43  -0.745 0.286  -0.268 0.60           0.60           0.60            -4.50         -2.10         4.97           0.85        0.85        0.85         -3.18          -1.48          3.51            -1.32         -0.62         1.46           
0.47  -0.723 0.282  -0.276 0.66           0.69           0.70            -9.67         20.39         22.24          0.91        0.93        0.94         -7.01          15.02          16.45           -2.66         5.37          5.79           
0.50  -0.703 0.282  -0.281 0.60           0.62           0.62            0.86          12.94         12.97          0.85        0.87        0.87         0.61           9.23           9.25            0.25          3.71          3.72           
0.53  -0.687 0.289  -0.290 0.54           0.57           0.60            22.26         28.99         34.57          0.78        0.80        0.82         15.24          20.25          24.64           7.02          8.74          9.93           
0.57  -0.672 0.300  -0.296 0.55           0.49           0.59            36.73         24.40         41.13          0.77        0.72        0.80         25.53          16.19          29.20           11.20         8.21          11.93          
0.60  -0.658 0.310  -0.302 0.51           0.46           0.54            34.23         22.83         38.67          0.73        0.69        0.75         23.11          14.79          26.64           11.13         8.04          12.02          
0.63  -0.645 0.314  -0.303 0.40           0.39           0.40            17.14         5.02          17.78          0.64        0.63        0.65         10.58          3.04           10.99           6.56          1.97          6.79           
0.67  -0.630 0.315  -0.307 0.45           0.45           0.46            6.87          13.81         15.31          0.69        0.70        0.70         4.40           8.92           9.92            2.47          4.89          5.39           
0.70  -0.618 0.320  -0.309 0.38           0.36           0.38            20.00         6.93          20.99          0.62        0.61        0.62         12.05          4.08           12.69           7.95          2.85          8.30           
0.73  -0.607 0.336  -0.310 0.60           0.34           0.61            56.30         5.97          56.36          0.77        0.59        0.77         40.66          3.43           40.73           15.64         2.54          15.63          
0.77  -0.591 0.343  -0.302 0.53           0.54           0.57            20.20         -24.28        30.20          0.77        0.78        0.80         13.74          -16.69         21.15           6.45          -7.59         9.05           
0.80  -0.578 0.358  -0.293 0.58           0.47           0.65            50.67         -37.77        55.32          0.77        0.68        0.82         36.04          -24.80         40.76           14.62         -12.97        14.56          
0.83  -0.567 0.363  -0.290 0.36           0.34           0.37            24.38         -14.82        27.69          0.60        0.59        0.60         14.44          -8.55          16.61           9.94          -6.27         11.08          
0.87  -0.554 0.367  -0.281 0.42           0.47           0.50            20.00         -32.72        36.45          0.67        0.70        0.71         12.62          -21.56         24.42           7.39          -11.17        12.03          
0.90  -0.541 0.374  -0.277 0.43           0.40           0.45            29.28         -16.91        32.54          0.66        0.64        0.67         18.67          -10.38         21.03           10.61         -6.53         11.51          
0.93  -0.541 0.375  -0.270 0.01           0.23           0.23            73.69         -88.96        88.97          0.25        0.34        0.34         3.21           -42.23         42.29           70.48         -46.73        46.68          
0.97  -0.537 0.375  -0.253 0.13           0.52           0.52            -3.69         -75.40        75.40          0.38        0.63        0.63         -1.27          -52.89         52.90           -2.42         -22.51        22.50          
1.00  -0.528 0.372  -0.238 0.27           0.52           0.53            -17.06        -60.46        60.82          0.51        0.68        0.68         -8.84          -41.79         42.22           -8.22         -18.66        18.60          
1.03  -0.530 0.381  -0.211 0.28           0.81           0.85            97.94         -92.74        92.59          0.35        0.83        0.88         52.64          -75.32         76.08           45.29         -17.42        16.51          
1.07  -0.522 0.383  -0.185 0.23           0.82           0.82            13.55         -74.18        74.22          0.48        0.92        0.92         6.50           -59.07         59.13           7.05          -15.11        15.09          
1.10  -0.510 0.386  -0.157 0.37           0.91           0.91            15.90         -66.72        66.87          0.62        1.03        1.04         9.52           -53.84         54.05           6.38          -12.87        12.83          
1.13  -0.498 0.386  -0.131 0.38           0.86           0.86            -3.66         -64.01        64.03          0.63        0.99        0.99         -2.20          -50.91         50.93           -1.46         -13.10        13.10          
1.17  -0.491 0.390  -0.113 0.25           0.59           0.61            30.23         -68.93        69.40          0.48        0.72        0.73         15.02          -50.08         50.77           15.21         -18.85        18.63          
1.20  -0.477 0.395  -0.087 0.45           0.88           0.89            21.69         -61.82        62.34          0.68        1.02        1.03         13.94          -49.34         49.97           7.75          -12.48        12.37          
1.23  -0.466 0.397  -0.069 0.31           0.63           0.63            7.57          -60.42        60.49          0.56        0.78        0.79         4.22           -44.34         44.42           3.35          -16.08        16.07          
1.27  -0.455 0.416  -0.049 0.67           0.68           0.90            60.49         -61.29        68.52          0.82        0.83        1.02         45.11          -46.05         55.29           15.38         -15.24        13.23          
1.30  -0.438 0.417  -0.025 0.52           0.89           0.89            1.61          -53.92        53.92          0.77        1.06        1.06         1.09           -42.89         42.90           0.52          -11.03        11.03          
1.33  -0.429 0.414  -0.012 0.28           0.47           0.48            -16.00        -54.98        55.51          0.53        0.65        0.65         -8.46          -36.50         37.05           -7.54         -18.47        18.46          
1.37  -0.411 0.404  0.004  0.62           0.71           0.77            -29.96        -40.96        46.18          0.85        0.91        0.97         -21.47         -30.63         35.40           -8.49         -10.33        10.77          
1.40  -0.402 0.392  0.015  0.46           0.43           0.56            -52.57        -49.47        60.31          0.64        0.62        0.72         -34.48         -31.58         42.67           -18.09        -17.89        17.64          
1.43  -0.387 0.368  0.009  0.83           0.48           0.84            -56.93        18.64         57.54          0.99        0.72        1.00         -44.67         12.26          45.35           -12.25        6.39          12.19          
1.47  -0.362 0.348  -0.002 0.97           0.83           1.03            -39.10        24.59         43.01          1.17        1.06        1.22         -31.37         18.94          34.98           -7.73         5.64          8.03           
1.50  -0.351 0.326  -0.014 0.74           0.49           0.82            -63.05        46.35         65.84          0.88        0.68        0.95         -48.46         31.02          51.98           -14.59        15.32         13.86          
1.53  -0.331 0.311  -0.021 0.74           0.64           0.78            -36.85        20.70         40.00          0.96        0.88        0.98         -27.83         14.90          30.59           -9.02         5.80          9.42           
1.57  -0.314 0.311  -0.044 0.51           0.84           0.84            -1.37         52.70         52.71          0.76        1.01        1.01         -0.92          41.39          41.40           -0.45         11.31         11.31          
1.60  -0.292 0.299  -0.065 0.76           0.92           0.99            -28.72        43.92         47.93          0.98        1.12        1.17         -21.71         34.97          38.83           -7.01         8.94          9.10           
1.63  -0.270 0.300  -0.088 0.65           0.95           0.95            3.52          46.39         46.44          0.90        1.13        1.13         2.54           37.19          37.24           0.97          9.20          9.20           
1.67  -0.254 0.291  -0.089 0.55           0.47           0.55            -30.82        3.88          30.99          0.77        0.72        0.77         -21.28         2.54           21.41           -9.54         1.34          9.58           
1.70  -0.234 0.285  -0.099 0.62           0.67           0.69            -14.46        26.25         29.10          0.87        0.90        0.92         -10.34         19.22          21.48           -4.13         7.03          7.62           
1.73  -0.226 0.303  -0.104 0.59           0.29           0.61            65.85         32.09         66.65          0.73        0.51        0.74         47.61          17.12          48.70           18.23         14.97         17.95          
1.77  -0.212 0.282  -0.104 0.76           0.42           0.76            -56.43        -0.54         56.43          0.92        0.67        0.92         -43.36         -0.34          43.36           -13.06        -0.20         13.06          
1.80  -0.192 0.267  -0.105 0.76           0.61           0.76            -36.45        2.45          36.50          0.97        0.86        0.97         -27.67         1.74           27.71           -8.78         0.71          8.79           
1.83  -0.176 0.258  -0.112 0.55           0.52           0.59            -30.19        24.68         36.55          0.78        0.76        0.81         -20.86         16.75          25.91           -9.32         7.92          10.65          
1.87  -0.168 0.242  -0.123 0.53           0.40           0.62            -63.38        53.70         67.51          0.68        0.59        0.75         -44.21         33.58          49.67           -19.16        20.12         17.84          
1.90  -0.160 0.236  -0.125 0.31           0.25           0.32            -39.17        18.17         41.29          0.53        0.50        0.54         -21.81         9.15           23.33           -17.36        9.01          17.96          
1.93  -0.157 0.230  -0.128 0.19           0.11           0.21            -66.10        47.77         68.29          0.37        0.34        0.38         -27.89         14.49          30.50           -38.21        33.29         37.79          
1.97  -0.143 0.215  -0.135 0.61           0.47           0.65            -47.36        27.58         50.31          0.80        0.70        0.83         -34.12         18.05          36.94           -13.24        9.53          13.37          
2.00  -0.139 0.209  -0.147 0.22           0.38           0.42            -50.19        68.71         70.55          0.42        0.53        0.55         -23.13         42.41          45.24           -27.06        26.29         25.31          
2.03  -0.133 0.201  -0.156 0.30           0.32           0.40            -56.26        58.11         65.52          0.49        0.50        0.55         -30.90         32.73          41.29           -25.35        25.38         24.23          
2.07  -0.129 0.190  -0.174 0.35           0.55           0.64            -68.63        76.55         78.47          0.50        0.65        0.73         -40.80         54.70          58.86           -27.83        21.85         19.61          
2.10  -0.113 0.177  -0.184 0.62           0.58           0.70            -39.17        33.16         46.24          0.83        0.80        0.89         -28.25         23.31          34.55           -10.93        9.85          11.69          
2.13  -0.106 0.168  -0.187 0.33           0.21           0.35            -54.23        24.10         55.56          0.52        0.45        0.53         -31.34         11.10          32.61           -22.89        12.99         22.95          
2.17  -0.105 0.175  -0.203 0.22           0.48           0.52            82.52         86.58         86.88          0.35        0.55        0.59         37.93          59.68          61.98           44.59         26.89         24.90          
2.20  -0.094 0.176  -0.210 0.33           0.38           0.38            3.08          30.38         30.48          0.58        0.61        0.61         1.75           18.43          18.50           1.33          11.95         11.98          
2.23  -0.074 0.172  -0.202 0.63           0.66           0.66            -9.92         -19.77        21.79          0.87        0.90        0.90         -7.09          -14.35         15.88           -2.82         -5.42         5.91           
2.27  -0.056 0.179  -0.208 0.57           0.56           0.60            21.31         17.77         26.78          0.81        0.80        0.83         14.86          12.30          18.96           6.44          5.47          7.83           
2.30  -0.048 0.185  -0.208 0.32           0.26           0.32            36.47         0.41          36.47          0.54        0.51        0.54         20.58          0.21           20.59           15.89         0.20          15.89          
2.33  -0.031 0.191  -0.211 0.53           0.52           0.54            17.16         10.10         19.62          0.77        0.76        0.78         11.68          6.81           13.43           5.47          3.30          6.19           
