time  x      y      z      groundspeedxy  groundspeedxz  groundspeedxyz  trackanglexy  trackanglexz  trackanglexyz  airspeedxy  airspeedxz  airspeedxyz  courseanglexy  courseanglexz  courseanglexyz  driftanglexy  driftanglexz  driftanglexyz  
0.00  -1.015 0.195  -0.155 
0.03  -1.002 0.188  -0.188 0.44           1.05           1.07            -28.79        68.57         69.01          0.67        1.17        1.19         -18.41         57.06          57.65           -10.38        11.51         11.36          
0.07  -0.973 0.178  -0.225 0.90           1.40           1.43            -17.88        52.25         53.09          1.14        1.57        1.59         -14.04         45.02          45.88           -3.85         7.24          7.20           
0.10  -0.955 0.165  -0.263 0.68           1.28           1.34            -37.25        64.98         66.26          0.89        1.40        1.46         -27.45         55.67          57.23           -9.79         9.31          9.03           
0.13  -0.926 0.157  -0.294 0.90           1.27           1.29            -14.97        46.62         47.51          1.15        1.46        1.47         -11.75         39.45          40.32           -3.23         7.17          7.18           
0.17  -0.895 0.154  -0.329 0.95           1.41           1.41            -5.55         47.55         47.66          1.20        1.59        1.59         -4.40          40.88          40.99           -1.15         6.67          6.67           
0.20  -0.856 0.157  -0.359 1.15           1.47           1.47            4.37          38.58         38.70          1.40        1.67        1.67         3.59           33.22          33.34           0.78          5.35          5.36           
0.23  -0.820 0.170  -0.379 1.15           1.23           1.29            20.81         28.78         33.74          1.39        1.45        1.51         17.14          24.02          28.46           3.67          4.76          5.29           
0.27  -0.776 0.191  -0.392 1.47           1.39           1.52            24.74         16.28         28.61          1.70        1.63        1.74         21.21          13.81          24.67           3.53          2.46          3.94           
0.30  -0.738 0.214  -0.394 1.33           1.13           1.33            32.02         3.02          32.11          1.55        1.38        1.55         27.10          2.47           27.18           4.92          0.55          4.93           
0.33  -0.711 0.243  -0.383 1.19           0.89           1.23            46.02         -20.73        47.81          1.38        1.12        1.41         38.53          -16.21         40.29           7.50          -4.52         7.53           
0.37  -0.679 0.266  -0.361 1.19           1.18           1.37            35.70         -34.91        45.05          1.40        1.39        1.55         29.72          -29.00         38.51           5.98          -5.91         6.54           
0.40  -0.648 0.290  -0.335 1.18           1.21           1.41            38.17         -40.25        49.12          1.38        1.41        1.59         31.75          -33.68         42.29           6.42          -6.57         6.83           
0.43  -0.630 0.295  -0.300 0.54           1.17           1.18            13.59         -63.12        63.29          0.79        1.30        1.31         9.32           -53.25         53.46           4.27          -9.87         9.83           
0.47  -0.615 0.310  -0.268 0.64           1.07           1.16            44.61         -64.81        66.89          0.84        1.20        1.28         32.53          -53.96         56.57           12.08         -10.85        10.32          
0.50  -0.602 0.317  -0.225 0.44           1.33           1.35            30.47         -73.37        73.61          0.67        1.42        1.44         19.55          -63.67         64.02           10.92         -9.70         9.59           
0.53  -0.592 0.310  -0.187 0.37           1.20           1.22            -34.05        -75.32        75.54          0.59        1.29        1.30         -20.35         -64.49         64.83           -13.70        -10.83        10.70          
0.57  -0.586 0.315  -0.155 0.22           0.96           0.96            38.54         -79.59        79.70          0.44        1.03        1.04         18.02          -65.78         66.00           20.52         -13.81        13.69          
0.60  -0.566 0.288  -0.115 1.00           1.34           1.56            -52.83        -63.28        67.25          1.17        1.47        1.67         -43.00         -54.54         59.32           -9.83         -8.73         7.92           
0.63  -0.551 0.268  -0.068 0.76           1.49           1.62            -53.70        -72.51        73.85          0.93        1.59        1.70         -41.18         -63.87         65.74           -12.52        -8.64         8.11           
0.67  -0.533 0.259  -0.016 0.62           1.65           1.67            -26.02        -70.25        70.53          0.85        1.75        1.77         -18.61         -62.51         62.86           -7.41         -7.74         7.67           
0.70  -0.506 0.243  0.038  0.94           1.81           1.88            -31.11        -63.57        64.54          1.16        1.94        2.00         -24.73         -56.93         58.05           -6.38         -6.64         6.49           
0.73  -0.499 0.255  0.088  0.42           1.51           1.56            62.02         -82.47        82.69          0.58        1.57        1.61         39.80          -73.37         73.84           22.22         -9.10         8.85           
0.77  -0.488 0.262  0.127  0.38           1.21           1.22            31.75         -74.30        74.53          0.61        1.30        1.31         19.31          -63.60         63.94           12.44         -10.70        10.58          
0.80  -0.476 0.281  0.156  0.67           0.95           1.10            57.53         -67.83        71.06          0.83        1.07        1.21         42.78          -55.30         59.76           14.76         -12.52        11.30          
0.83  -0.468 0.293  0.177  0.44           0.67           0.76            53.97         -67.26        70.04          0.62        0.80        0.88         35.05          -50.59         54.55           18.92         -16.66        15.48          
0.87  -0.443 0.320  0.204  1.11           1.11           1.38            47.47         -47.43        57.01          1.29        1.29        1.53         39.28          -39.24         49.13           8.19          -8.19         7.88           
0.90  -0.430 0.365  0.221  1.42           0.64           1.51            73.95         -52.10        74.90          1.51        0.82        1.59         64.79          -38.12         66.17           9.17          -13.98        8.73           
0.93  -0.413 0.399  0.213  1.14           0.57           1.17            63.39         24.97         64.00          1.28        0.80        1.30         53.31          17.38          54.03           10.08         7.59          9.96           
0.97  -0.418 0.439  0.189  1.19           0.72           1.38            97.49         102.47        96.45          1.18        0.71        1.38         85.41          82.31          86.05           12.08         20.16         10.40          
1.00  -0.403 0.452  0.178  0.58           0.55           0.67            41.40         37.28         49.36          0.78        0.76        0.85         29.23          25.78          36.47           12.17         11.50         12.88          
1.03  -0.393 0.471  0.161  0.66           0.61           0.85            61.28         58.60         67.82          0.81        0.77        0.97         45.67          42.59          53.99           15.61         16.02         13.83          
1.07  -0.388 0.488  0.137  0.53           0.73           0.89            75.15         79.29         81.24          0.64        0.81        0.96         52.94          61.69          66.32           22.20         17.60         14.92          
1.10  -0.371 0.487  0.104  0.51           1.12           1.12            -4.23         62.81         62.82          0.76        1.26        1.26         -2.84          52.61          52.63           -1.38         10.20         10.19          
1.13  -0.360 0.490  0.077  0.34           0.87           0.88            17.78         68.51         68.67          0.58        0.99        1.00         10.21          54.97          55.19           7.57          13.54         13.48          
1.17  -0.348 0.473  0.045  0.63           1.02           1.14            -55.11        69.19         71.54          0.80        1.13        1.24         -40.27         57.24          60.53           -14.84        11.95         11.01          
1.20  -0.346 0.469  0.005  0.12           1.20           1.20            -59.95        87.08         87.09          0.33        1.24        1.24         -18.75         75.43          75.49           -41.20        11.65         11.60          
1.23  -0.343 0.459  -0.034 0.32           1.18           1.21            -70.16        84.70         84.86          0.47        1.23        1.26         -40.03         72.98          73.48           -30.13        11.72         11.38          
1.27  -0.335 0.428  -0.082 0.97           1.45           1.73            -76.50        81.03         82.49          1.05        1.51        1.78         -63.16         71.59          74.46           -13.34        9.44          8.02           
1.30  -0.336 0.399  -0.126 0.86           1.33           1.58            -92.02        91.31         91.10          0.89        1.34        1.59         -75.62         80.59          82.07           -16.40        10.72         9.02           
1.33  -0.329 0.377  -0.170 0.71           1.34           1.50            -72.26        80.75         81.74          0.82        1.41        1.56         -55.39         70.63          72.61           -16.87        10.11         9.13           
1.37  -0.329 0.360  -0.225 0.52           1.66           1.74            -91.85        90.58         90.55          0.57        1.68        1.76         -65.92         82.02          82.38           -25.93        8.56          8.18           
1.40  -0.321 0.341  -0.280 0.61           1.68           1.76            -64.08        80.89         81.34          0.75        1.73        1.82         -46.64         72.70          73.52           -17.43        8.19          7.82           
1.43  -0.314 0.314  -0.332 0.85           1.56           1.77            -76.63        82.76         83.60          0.94        1.61        1.82         -61.67         73.92          75.74           -14.96        8.84          7.87           
1.47  -0.306 0.298  -0.381 0.54           1.49           1.56            -63.38        80.69         81.14          0.69        1.55        1.62         -44.40         71.52          72.38           -18.99        9.16          8.76           
1.50  -0.289 0.302  -0.421 0.53           1.29           1.30            15.61         66.81         66.96          0.77        1.41        1.41         10.60          57.41          57.59           5.00          9.40          9.36           
1.53  -0.270 0.292  -0.475 0.65           1.73           1.75            -28.96        70.87         71.19          0.87        1.82        1.85         -21.00         63.42          63.84           -7.96         7.44          7.35           
1.57  -0.243 0.283  -0.522 0.85           1.63           1.66            -18.28        60.56         60.98          1.09        1.77        1.79         -14.14         53.50          53.97           -4.14         7.07          7.02           
1.60  -0.226 0.288  -0.552 0.55           1.02           1.03            16.19         58.63         59.02          0.80        1.17        1.18         11.17          48.14          48.57           5.02          10.50         10.45          
1.63  -0.206 0.284  -0.573 0.62           0.88           0.89            -13.14        46.61         47.29          0.86        1.06        1.07         -9.37          36.78          37.44           -3.77         9.82          9.85           
1.67  -0.189 0.272  -0.622 0.62           1.56           1.60            -35.41        71.08         71.58          0.84        1.65        1.69         -25.43         62.86          63.53           -9.98         8.22          8.05           
1.70  -0.177 0.280  -0.639 0.44           0.64           0.68            34.46         54.91         57.67          0.67        0.81        0.85         22.19          40.23          43.20           12.27         14.68         14.47          
1.73  -0.159 0.266  -0.642 0.67           0.52           0.67            -39.50        7.58          39.86          0.87        0.77        0.88         -29.00         5.11           29.32           -10.50        2.47          10.54          
1.77  -0.156 0.253  -0.651 0.40           0.29           0.48            -74.13        68.06         76.92          0.53        0.45        0.59         -46.92         37.04          52.62           -27.21        31.01         24.30          
1.80  -0.150 0.245  -0.665 0.30           0.48           0.53            -51.24        67.09         69.50          0.49        0.62        0.66         -27.98         45.26          48.75           -23.27        21.83         20.75          
1.83  -0.155 0.232  -0.650 0.44           0.49           0.64            -111.38       -108.92       104.46         0.42        0.47        0.62         -77.45         -78.97         81.66           -33.93        -29.95        22.81          
1.87  -0.151 0.223  -0.649 0.28           0.11           0.28            -67.01        -14.96        67.14          0.44        0.36        0.44         -35.43         -4.61          35.61           -31.58        -10.35        31.54          
1.90  -0.148 0.210  -0.649 0.41           0.09           0.41            -76.80        4.91          76.80          0.53        0.34        0.53         -49.41         1.35           49.41           -27.39        3.57          27.39          
1.93  -0.160 0.192  -0.643 0.65           0.40           0.67            -123.51       -154.92       122.31         0.55        0.20        0.58         -101.30        -122.82        100.81          -22.21        -32.10        21.51          
1.97  -0.145 0.182  -0.634 0.54           0.54           0.61            -32.92        -31.75        41.85          0.77        0.76        0.82         -22.70         -21.79         30.05           -10.22        -9.96         11.79          
2.00  -0.163 0.167  -0.629 0.70           0.56           0.72            -140.34       -163.54       138.65         0.53        0.33        0.56         -122.93        -151.18        121.39          -17.41        -12.36        17.26          
2.03  -0.158 0.149  -0.611 0.56           0.57           0.78            -73.47        -73.77        78.26          0.67        0.68        0.87         -52.65         -53.18         61.88           -20.83        -20.59        16.38          
2.07  -0.167 0.146  -0.598 0.29           0.47           0.48            -158.83       -124.84       123.90         0.10        0.38        0.40         -99.29         -92.52         92.44           -59.54        -32.31        31.46          
2.10  -0.171 0.137  -0.582 0.30           0.50           0.57            -117.22       -106.12       104.15         0.29        0.49        0.56         -67.82         -77.10         78.70           -49.40        -29.03        25.44          
2.13  -0.162 0.115  -0.571 0.69           0.41           0.76            -67.33        -48.80        69.34          0.82        0.60        0.88         -51.07         -30.57         53.91           -16.26        -18.23        15.44          
2.17  -0.159 0.110  -0.559 0.18           0.37           0.41            -61.57        -76.43        77.57          0.37        0.50        0.52         -25.63         -47.12         49.69           -35.93        -29.32        27.88          
2.20  -0.156 0.119  -0.556 0.30           0.15           0.32            67.83         -41.39        69.02          0.46        0.38        0.47         37.40          -15.35         39.09           30.43         -26.04        29.93          
2.23  -0.155 0.112  -0.543 0.22           0.40           0.46            -86.58        -88.10        88.34          0.35        0.48        0.53         -40.28         -56.73         60.17           -46.30        -31.36        28.16          
2.27  -0.147 0.113  -0.527 0.26           0.54           0.54            10.34         -61.46        61.57          0.51        0.69        0.69         5.28           -42.98         43.12           5.05          -18.47        18.45          
2.30  -0.151 0.124  -0.519 0.35           0.27           0.43            110.95        -117.43       107.12         0.35        0.27        0.43         69.56          -63.19         73.30           41.39         -54.24        33.82          
2.33  -0.160 0.129  -0.506 0.32           0.47           0.49            154.55        -127.87       126.11         0.14        0.38        0.40         106.68         -96.33         95.94           47.87         -31.55        30.17          
2.37  -0.166 0.143  -0.501 0.44           0.23           0.46            111.31        -134.54       109.93         0.42        0.19        0.45         77.26          -60.30         78.13           34.05         -74.24        31.80          
2.40  -0.176 0.154  -0.494 0.46           0.36           0.51            129.80        -144.78       125.68         0.36        0.21        0.41         97.35          -102.37        96.34           32.45         -42.41        29.34          
2.43  -0.186 0.156  -0.488 0.33           0.37           0.37            170.32        -150.25       149.19         0.09        0.20        0.20         142.19         -111.05        110.24          28.12         -39.20        38.94          
2.47  -0.195 0.170  -0.478 0.51           0.41           0.59            122.78        -132.09       117.67         0.43        0.30        0.52         93.16          -94.42         92.57           29.62         -37.66        25.10          
2.50  -0.202 0.160  -0.446 0.37           0.97           1.02            -121.45       -101.37       100.81         0.32        0.96        1.01         -79.57         -86.54         86.71           -41.88        -14.83        14.10          
2.53  -0.206 0.154  -0.420 0.22           0.79           0.81            -123.25       -98.81        98.57          0.22        0.79        0.81         -54.81         -80.54         80.79           -68.45        -18.27        17.78          
2.57  -0.208 0.154  -0.408 0.06           0.37           0.37            165.01        -99.43        99.42          0.19        0.41        0.41         4.86           -62.39         62.41           160.15        -37.05        37.01          
2.60  -0.213 0.156  -0.391 0.17           0.54           0.54            166.69        -107.45       107.40         0.10        0.52        0.52         23.32          -80.22         80.24           143.37        -27.23        27.16          
2.63  -0.211 0.163  -0.370 0.23           0.62           0.66            70.05         -82.60        83.02          0.40        0.70        0.73         33.73          -61.80         63.22           36.32         -20.79        19.81          
2.67  -0.214 0.169  -0.355 0.20           0.46           0.49            118.92        -102.15       101.35         0.23        0.47        0.50         48.36          -70.89         72.11           70.57         -31.27        29.24          
2.70  -0.220 0.185  -0.341 0.52           0.48           0.68            110.73        -112.29       105.54         0.49        0.45        0.66         82.07          -81.42         84.16           28.66         -30.87        21.38          
2.73  -0.225 0.198  -0.335 0.44           0.23           0.47            112.66        -135.89       111.16         0.41        0.18        0.44         78.56          -63.45         79.38           34.10         -72.43        31.78          
2.77  -0.235 0.200  -0.320 0.30           0.53           0.54            169.06        -123.76       123.54         0.07        0.45        0.45         128.75         -95.92         95.87           40.31         -27.84        27.67          
2.80  -0.236 0.201  -0.295 0.03           0.76           0.76            150.07        -91.74        91.74          0.23        0.80        0.80         3.37           -73.47         73.47           146.70        -18.27        18.27          
2.83  -0.241 0.204  -0.272 0.18           0.69           0.70            144.31        -102.55       102.40         0.15        0.68        0.69         46.96          -81.51         81.61           97.34         -21.04        20.78          
2.87  -0.239 0.212  -0.252 0.23           0.63           0.67            77.05         -85.33        85.60          0.37        0.70        0.73         36.48          -64.36         65.66           40.56         -20.97        19.94          
2.90  -0.242 0.227  -0.238 0.46           0.41           0.61            98.87         -99.89        96.63          0.49        0.44        0.63         68.46          -66.20         73.61           30.41         -33.69        23.02          
2.93  -0.238 0.246  -0.221 0.59           0.52           0.78            79.23         -77.76        81.86          0.68        0.62        0.85         58.10          -54.62         64.92           21.13         -23.14        16.95          
2.97  -0.237 0.264  -0.205 0.53           0.48           0.72            87.38         -87.15        88.07          0.59        0.56        0.77         62.47          -60.49         69.02           24.91         -26.66        19.05          
3.00  -0.230 0.280  -0.201 0.54           0.24           0.55            67.58         -29.21        68.10          0.68        0.47        0.69         47.64          -14.19         48.38           19.94         -15.02        19.72          
3.03  -0.219 0.289  -0.188 0.43           0.52           0.58            38.43         -48.87        54.33          0.65        0.71        0.75         24.54          -33.38         38.72           13.89         -15.49        15.61          
3.07  -0.217 0.301  -0.175 0.36           0.40           0.53            81.31         -82.26        84.20          0.46        0.50        0.61         49.14          -52.44         60.12           32.17         -29.82        24.09          
3.10  -0.220 0.309  -0.164 0.25           0.34           0.41            110.29        -104.47       101.95         0.28        0.37        0.44         54.54          -63.57         67.83           55.75         -40.89        34.12          
3.13  -0.217 0.296  -0.159 0.38           0.17           0.41            -76.54        -58.43        77.43          0.50        0.37        0.52         -47.45         -23.00         49.46           -29.09        -35.43        27.97          
3.17  -0.215 0.289  -0.149 0.24           0.32           0.40            -75.58        -79.37        81.38          0.39        0.44        0.50         -36.74         -45.65         51.70           -38.84        -33.72        29.68          
3.20  -0.212 0.276  -0.153 0.38           0.16           0.40            -75.05        51.19         75.78          0.51        0.37        0.52         -46.62         19.36          48.11           -28.43        31.83         27.67          
3.23  -0.212 0.249  -0.145 0.81           0.22           0.84            -89.61        -88.54        89.62          0.85        0.34        0.88         -72.59         -40.57         73.15           -17.02        -47.97        16.47          
3.27  -0.216 0.254  -0.136 0.19           0.31           0.34            127.95        -112.49       110.09         0.20        0.31        0.35         48.34          -64.71         67.35           79.61         -47.79        42.74          
3.30  -0.210 0.246  -0.138 0.30           0.17           0.30            -56.41        16.71         56.92          0.49        0.42        0.49         -31.00         6.83           31.50           -25.41        9.88          25.43          
3.33  -0.200 0.247  -0.144 0.30           0.36           0.36            8.33          33.99         34.61          0.55        0.58        0.58         4.54           20.08          20.51           3.79          13.91         14.09          
3.37  -0.195 0.253  -0.150 0.24           0.23           0.29            46.11         44.91         55.23          0.45        0.45        0.48         22.40          21.56          29.73           23.72         23.35         25.50          
3.40  -0.193 0.255  -0.155 0.09           0.17           0.18            46.52         67.74         69.40          0.32        0.35        0.36         12.09          26.40          28.40           34.43         41.34         41.01          
3.43  -0.189 0.255  -0.173 0.12           0.54           0.54            -8.72         77.63         77.63          0.37        0.64        0.64         -2.78          55.25          55.27           -5.94         22.38         22.37          
3.47  -0.178 0.256  -0.186 0.33           0.52           0.53            5.22          51.49         51.57          0.58        0.71        0.71         2.96           35.45          35.52           2.26          16.05         16.05          
3.50  -0.169 0.262  -0.202 0.33           0.54           0.57            36.48         60.83         62.71          0.55        0.70        0.72         20.74          42.54          44.79           15.74         18.29         17.92          
3.53  -0.161 0.269  -0.206 0.32           0.28           0.34            37.51         24.47         41.74          0.54        0.52        0.55         21.11          12.89          24.17           16.40         11.57         17.57          
3.57  -0.152 0.250  -0.201 0.63           0.31           0.65            -64.34        -29.01        65.10          0.78        0.55        0.79         -47.44         -16.18         48.42           -16.90        -12.83        16.68          
3.60  -0.130 0.224  -0.198 1.00           0.65           1.00            -50.18        -5.84         50.28          1.18        0.89        1.18         -40.80         -4.21          40.90           -9.38         -1.63         9.38           
3.63  -0.119 0.215  -0.194 0.43           0.36           0.46            -40.00        -22.66        43.14          0.65        0.60        0.66         -25.59         -13.40         28.14           -14.41        -9.26         15.00          
3.67  -0.113 0.209  -0.194 0.24           0.17           0.24            -42.77        -1.01         42.77          0.45        0.42        0.45         -20.79         -0.41          20.79           -21.98        -0.59         21.98          
3.70  -0.091 0.196  -0.185 0.79           0.73           0.83            -30.66        -20.52        35.04          1.02        0.97        1.05         -23.46         -15.32         27.17           -7.20         -5.20         7.87           
3.73  -0.075 0.188  -0.170 0.52           0.65           0.69            -25.83        -44.62        47.70          0.75        0.85        0.88         -17.46         -32.67         35.53           -8.37         -11.95        12.17          
3.77  -0.057 0.186  -0.151 0.55           0.78           0.79            -7.46         -45.41        45.65          0.80        0.97        0.98         -5.14          -34.88         35.10           -2.32         -10.53        10.55          
3.80  -0.045 0.193  -0.140 0.42           0.49           0.53            28.60         -41.80        46.33          0.65        0.70        0.73         17.99          -28.03         31.94           10.62         -13.78        14.38          
3.83  -0.034 0.207  -0.133 0.53           0.38           0.58            55.16         -36.60        58.27          0.70        0.60        0.74         38.24          -22.16         41.58           16.92         -14.44        16.70          
3.87  -0.046 0.232  -0.132 0.83           0.35           0.83            115.08        -177.90       115.08         0.76        0.10        0.76         97.75          -172.83        97.75           17.33         -5.08         17.33          
3.90  -0.055 0.243  -0.128 0.43           0.30           0.45            128.73        -154.67       126.86         0.34        0.13        0.36         93.24          -98.49         93.03           35.48         -56.18        33.83          
3.93  -0.071 0.250  -0.133 0.51           0.48           0.53            155.22        163.22        151.13         0.30        0.26        0.33         134.96         146.82         129.90          20.26         16.41         21.23          
3.97  -0.080 0.257  -0.135 0.34           0.30           0.35            147.33        165.11        145.23         0.19        0.08        0.20         100.97         115.05         100.15          46.36         50.06         45.08          
4.00  -0.085 0.257  -0.143 0.15           0.28           0.29            173.02        121.98        121.90         0.10        0.26        0.26         10.52          67.62          67.68           162.50        54.36         54.22          
4.03  -0.089 0.248  -0.157 0.31           0.43           0.51            -113.82       107.31        104.29         0.31        0.42        0.51         -66.75         73.12          76.08           -47.08        34.19         28.20          
4.07  -0.095 0.241  -0.170 0.26           0.41           0.46            -130.38       114.20        111.67         0.21        0.39        0.43         -68.04         77.97          79.33           -62.35        36.23         32.34          
4.10  -0.094 0.227  -0.176 0.41           0.19           0.45            -87.03        83.67         87.31          0.49        0.33        0.52         -56.33         35.05          58.89           -30.71        48.62         28.43          
4.13  -0.096 0.243  -0.181 0.47           0.16           0.49            96.98         110.93        96.65          0.50        0.24        0.52         67.25          37.36          68.23           29.72         73.57         28.41          
4.17  -0.099 0.261  -0.184 0.55           0.13           0.56            98.84         128.65        98.68          0.57        0.20        0.58         72.96          32.38          73.25           25.88         96.27         25.42          
4.20  -0.098 0.274  -0.203 0.38           0.56           0.68            83.87         85.82         86.54          0.48        0.63        0.74         52.73          62.64          66.83           31.14         23.19         19.71          
4.23  -0.093 0.286  -0.215 0.39           0.37           0.52            70.72         69.55         75.69          0.53        0.51        0.63         44.09          42.27          53.03           26.62         27.28         22.66          
