time  x      y      z      groundspeedxy  groundspeedxz  groundspeedxyz  trackanglexy  trackanglexz  trackanglexyz  airspeedxy  airspeedxz  airspeedxyz  courseanglexy  courseanglexz  courseanglexyz  driftanglexy  driftanglexz  driftanglexyz  
0.00  -1.127 0.198  -0.483 
0.03  -1.109 0.185  -0.467 0.67           0.70           0.81            -36.47        -40.39        48.42          0.88        0.91        0.99         -26.75         -30.13         37.55           -9.72         -10.27        10.87          
0.07  -1.095 0.172  -0.446 0.57           0.76           0.86            -44.88        -57.75        61.88          0.77        0.92        1.00         -31.61         -44.40         49.16           -13.27        -13.34        12.73          
0.10  -1.072 0.163  -0.422 0.76           1.02           1.05            -19.62        -45.88        47.50          1.00        1.21        1.24         -14.78         -37.36         38.93           -4.84         -8.52         8.57           
0.13  -1.051 0.157  -0.400 0.66           0.91           0.93            -17.37        -46.21        47.44          0.90        1.09        1.11         -12.61         -36.72         37.91           -4.76         -9.49         9.53           
0.17  -1.040 0.159  -0.377 0.33           0.75           0.76            14.57         -65.22        65.38          0.57        0.89        0.89         8.24           -50.37         50.57           6.32          -14.85        14.81          
0.20  -1.013 0.160  -0.352 0.80           1.09           1.09            1.14          -42.68        42.69          1.05        1.29        1.29         0.87           -35.11         35.11           0.27          -7.57         7.58           
0.23  -0.980 0.162  -0.327 1.00           1.25           1.25            3.88          -37.18        37.29          1.25        1.46        1.46         3.10           -31.24         31.34           0.78          -5.94         5.95           
0.27  -0.947 0.185  -0.313 1.20           1.07           1.27            34.80         -23.02        39.17          1.41        1.30        1.47         29.00          -18.72         33.01           5.80          -4.30         6.16           
0.30  -0.918 0.182  -0.305 0.90           0.93           0.93            -6.04         -14.98        16.05          1.15        1.17        1.17         -4.73          -11.81         12.67           -1.31         -3.17         3.38           
0.33  -0.881 0.195  -0.296 1.17           1.13           1.20            19.60         -13.49        23.24          1.41        1.38        1.43         16.19          -11.07         19.29           3.41          -2.42         3.94           
0.37  -0.842 0.199  -0.302 1.17           1.18           1.19            6.14          8.75          10.63          1.42        1.43        1.43         5.06           7.22           8.79            1.08          1.53          1.85           
0.40  -0.809 0.211  -0.303 1.06           1.00           1.06            19.03         1.38          19.08          1.30        1.25        1.30         15.43          1.10           15.46           3.61          0.28          3.61           
0.43  -0.791 0.213  -0.320 0.52           0.72           0.72            6.25          44.50         44.68          0.77        0.92        0.92         4.22           33.48          33.64           2.04          11.03         11.04          
0.47  -0.771 0.219  -0.340 0.65           0.85           0.87            18.43         43.56         45.21          0.89        1.05        1.07         13.33          34.07          35.63           5.09          9.48          9.58           
0.50  -0.752 0.214  -0.352 0.59           0.67           0.69            -16.94        32.75         35.44          0.83        0.89        0.91         -11.90         24.00          26.22           -5.04         8.75          9.22           
0.53  -0.746 0.212  -0.368 0.20           0.52           0.52            -13.68        67.74         67.84          0.45        0.65        0.66         -6.11          47.04          47.18           -7.57         20.69         20.65          
0.57  -0.732 0.209  -0.382 0.42           0.59           0.60            -12.16        46.30         46.89          0.67        0.79        0.79         -7.62          33.02          33.57           -4.54         13.28         13.33          
0.60  -0.723 0.199  -0.394 0.40           0.45           0.54            -46.47        52.42         59.12          0.60        0.64        0.70         -28.95         34.32          41.30           -17.52        18.10         17.82          
0.63  -0.713 0.191  -0.411 0.39           0.61           0.65            -38.10        59.41         61.79          0.61        0.76        0.80         -23.40         43.03          45.82           -14.70        16.38         15.97          
0.67  -0.697 0.184  -0.433 0.53           0.80           0.84            -26.13        53.42         55.11          0.76        0.97        1.00         -17.85         41.50          43.28           -8.28         11.92         11.83          
0.70  -0.680 0.168  -0.451 0.67           0.73           0.86            -42.77        47.70         55.15          0.87        0.92        1.03         -31.55         36.10          43.63           -11.22        11.59         11.52          
0.73  -0.665 0.155  -0.466 0.61           0.64           0.76            -41.04        44.79         52.86          0.81        0.84        0.93         -29.38         32.70          40.49           -11.66        12.09         12.37          
0.77  -0.640 0.149  -0.483 0.76           0.90           0.92            -12.84        34.58         35.98          1.01        1.12        1.13         -9.68          27.30          28.53           -3.15         7.28          7.45           
0.80  -0.620 0.165  -0.492 0.75           0.65           0.80            38.81         24.65         42.80          0.96        0.88        1.00         29.44          17.85          33.01           9.38          6.81          9.79           
0.83  -0.600 0.183  -0.493 0.83           0.62           0.83            41.17         3.95          41.26          1.03        0.87        1.03         31.95          2.82           32.03           9.22          1.13          9.22           
0.87  -0.586 0.206  -0.475 0.81           0.69           0.98            59.72         -54.16        65.58          0.96        0.86        1.11         46.68          -40.59         53.74           13.05         -13.56        11.84          
0.90  -0.586 0.236  -0.457 0.88           0.54           1.03            89.25         -88.77        89.36          0.92        0.60        1.06         73.43          -64.15         75.77           15.81         -24.62        13.58          
0.93  -0.586 0.267  -0.438 0.95           0.57           1.10            90.59         -90.98        90.50          0.98        0.62        1.13         75.76          -67.05         77.72           14.82         -23.93        12.78          
0.97  -0.594 0.306  -0.422 1.19           0.53           1.28            101.12        -115.44       100.30         1.17        0.48        1.26         89.00          -87.59         89.08           12.12         -27.85        11.22          
1.00  -0.606 0.335  -0.415 0.93           0.41           0.95            112.73        -150.67       112.18         0.86        0.23        0.88         97.18          -118.17        96.99           15.55         -32.50        15.19          
1.03  -0.618 0.370  -0.409 1.11           0.43           1.13            110.15        -153.42       109.85         1.05        0.23        1.07         97.27          -124.77        97.15           12.89         -28.64        12.70          
1.07  -0.632 0.385  -0.405 0.63           0.42           0.64            130.62        -164.60       129.86         0.50        0.19        0.51         108.36         -144.55        107.90          22.26         -20.05        21.95          
1.10  -0.641 0.419  -0.399 1.06           0.34           1.08            105.41        -146.01       105.16         1.02        0.19        1.04         91.76          -99.41         91.73           13.65         -46.61        13.43          
1.13  -0.642 0.430  -0.401 0.31           0.09           0.32            91.76         96.21         91.69          0.39        0.26        0.40         52.07          19.91          53.13           39.69         76.30         38.56          
1.17  -0.645 0.461  -0.406 0.93           0.16           0.94            95.90         126.20        95.84          0.94        0.20        0.95         80.51          40.18          80.60           15.38         86.02         15.24          
1.20  -0.661 0.498  -0.414 1.22           0.54           1.25            112.86        151.65        112.35         1.15        0.34        1.18         101.28         131.23         101.00          11.58         20.42         11.35          
1.23  -0.667 0.521  -0.426 0.71           0.39           0.78            105.59        119.37        104.04         0.68        0.34        0.76         84.92          79.84          85.45           20.67         39.53         18.59          
1.27  -0.683 0.551  -0.444 1.03           0.73           1.17            117.55        130.87        114.07         0.94        0.59        1.09         103.90         112.32         101.97          13.65         18.55         12.11          
1.30  -0.701 0.563  -0.465 0.65           0.83           0.90            147.18        130.67        126.93         0.46        0.70        0.78         129.93         114.88         112.08          17.25         15.79         14.85          
1.33  -0.713 0.572  -0.496 0.44           0.99           1.02            143.72        111.19        110.45         0.28        0.93        0.96         112.20         96.62          96.37           31.53         14.57         14.08          
1.37  -0.719 0.575  -0.512 0.22           0.52           0.53            150.55        112.22        111.71         0.12        0.48        0.49         63.71          83.50          83.66           86.84         28.72         28.04          
1.40  -0.725 0.569  -0.532 0.25           0.62           0.65            -130.47       105.02        104.35         0.21        0.61        0.64         -64.86         81.61          81.99           -65.61        23.41         22.37          
1.43  -0.729 0.550  -0.553 0.57           0.64           0.85            -101.49       100.16        97.66          0.57        0.65        0.85         -76.21         77.79          80.78           -25.29        22.38         16.88          
1.47  -0.732 0.541  -0.580 0.29           0.84           0.88            -113.27       97.81         97.45          0.30        0.84        0.88         -62.84         80.70          81.13           -50.43        17.11         16.31          
1.50  -0.726 0.533  -0.606 0.33           0.80           0.84            -52.16        75.09         75.86          0.53        0.89        0.93         -30.13         59.43          60.80           -22.04        15.66         15.06          
1.53  -0.720 0.532  -0.627 0.15           0.64           0.64            -2.37         76.35         76.35          0.40        0.74        0.74         -0.90          57.29          57.29           -1.48         19.06         19.06          
1.57  -0.709 0.507  -0.653 0.83           0.84           1.13            -65.78        66.16         72.50          0.96        0.97        1.23         -52.00         52.50          61.30           -13.77        13.66         11.20          
1.60  -0.702 0.492  -0.676 0.49           0.74           0.87            -65.43        73.86         76.26          0.64        0.84        0.96         -44.64         57.35          61.56           -20.79        16.52         14.70          
1.63  -0.689 0.487  -0.694 0.41           0.66           0.68            -20.93        54.31         55.29          0.65        0.83        0.84         -13.06         40.17          41.20           -7.87         14.14         14.09          
1.67  -0.675 0.478  -0.712 0.52           0.68           0.74            -34.18        51.53         55.03          0.74        0.86        0.91         -23.17         38.42          42.03           -11.01        13.11         13.01          
1.70  -0.655 0.451  -0.754 1.01           1.41           1.62            -52.42        64.10         67.68          1.18        1.54        1.73         -42.76         55.69          60.01           -9.67         8.41          7.67           
1.73  -0.640 0.442  -0.773 0.53           0.70           0.76            -32.81        50.86         54.22          0.75        0.88        0.93         -22.40         38.16          41.58           -10.41        12.70         12.64          
1.77  -0.614 0.432  -0.795 0.84           1.05           1.09            -20.29        41.01         43.38          1.08        1.25        1.28         -15.69         33.44          35.67           -4.60         7.56          7.71           
1.80  -0.601 0.435  -0.794 0.40           0.39           0.40            14.39         -6.41         15.64          0.64        0.64        0.65         8.86           -3.90          9.65            5.53          -2.50         5.99           
1.83  -0.578 0.439  -0.781 0.69           0.79           0.80            10.57         -30.60        31.80          0.94        1.01        1.02         7.76           -23.36         24.36           2.81          -7.24         7.44           
1.87  -0.548 0.435  -0.762 0.92           1.06           1.07            -8.28         -31.36        32.07          1.16        1.28        1.29         -6.51          -25.53         26.15           -1.77         -5.83         5.92           
1.90  -0.538 0.427  -0.731 0.37           0.98           1.01            -38.13        -72.73        73.19          0.59        1.08        1.11         -22.92         -60.01         60.72           -15.20        -12.72        12.47          
1.93  -0.571 0.424  -0.682 0.99           1.76           1.76            -174.67       -123.92       123.87         0.74        1.64        1.64         -172.87        -116.64        116.59          -1.80         -7.29         7.28           
1.97  -0.570 0.412  -0.652 0.36           0.89           0.96            -85.18        -88.04        88.19          0.46        0.94        1.00         -52.21         -72.58         73.78           -32.97        -15.47        14.41          
2.00  -0.572 0.406  -0.618 0.20           1.02           1.04            -110.20       -93.94        93.87          0.26        1.03        1.05         -46.64         -79.98         80.15           -63.56        -13.95        13.72          
2.03  -0.592 0.394  -0.580 0.68           1.30           1.35            -148.82       -116.42       115.45         0.48        1.21        1.26         -133.20        -105.76        105.13          -15.62        -10.66        10.32          
2.07  -0.608 0.384  -0.542 0.57           1.24           1.28            -147.87       -112.89       112.20         0.38        1.17        1.20         -127.49        -101.50        101.13          -20.38        -11.39        11.08          
2.10  -0.619 0.369  -0.517 0.57           0.80           0.93            -126.60       -115.13       111.63         0.47        0.73        0.86         -101.22        -97.14         96.05           -25.38        -17.99        15.59          
2.13  -0.631 0.346  -0.486 0.76           1.00           1.21            -117.65       -110.55       106.95         0.68        0.95        1.16         -98.66         -96.21         95.06           -19.00        -14.33        11.89          
2.17  -0.645 0.334  -0.466 0.56           0.74           0.83            -138.01       -124.22       120.11         0.41        0.63        0.74         -113.87        -105.16        103.01          -24.13        -19.06        17.10          
2.20  -0.646 0.321  -0.424 0.38           1.25           1.31            -96.57        -92.01        91.92          0.43        1.27        1.33         -61.66         -80.67         81.07           -34.90        -11.34        10.85          
2.23  -0.654 0.292  -0.399 0.89           0.77           1.16            -104.98       -107.44       101.52         0.86        0.74        1.14         -88.76         -88.55         89.06           -16.22        -18.89        12.46          
2.27  -0.649 0.266  -0.380 0.81           0.59           0.99            -79.68        -75.71        81.58          0.89        0.69        1.05         -63.60         -55.23         68.01           -16.08        -20.48        13.56          
2.30  -0.647 0.260  -0.342 0.18           1.14           1.15            -66.08        -86.30        86.34          0.36        1.18        1.19         -27.05         -74.08         74.24           -39.03        -12.22        12.10          
2.33  -0.627 0.235  -0.313 0.95           1.06           1.30            -51.41        -55.88        62.68          1.13        1.22        1.43         -41.44         -46.11         53.75           -9.98         -9.77         8.94           
2.37  -0.618 0.224  -0.292 0.43           0.68           0.76            -51.58        -66.71        69.27          0.62        0.81        0.88         -33.08         -50.20         53.79           -18.50        -16.51        15.49          
2.40  -0.602 0.203  -0.268 0.79           0.89           1.08            -52.64        -57.37        63.87          0.96        1.04        1.22         -40.69         -45.71         53.23           -11.95        -11.66        10.64          
2.43  -0.579 0.187  -0.253 0.85           0.83           0.96            -35.09        -32.28        43.37          1.07        1.05        1.16         -27.36         -24.95         34.83           -7.73         -7.33         8.54           
2.47  -0.555 0.162  -0.233 1.03           0.92           1.19            -46.23        -39.30        52.99          1.22        1.13        1.35         -37.71         -31.22         44.50           -8.52         -8.07         8.49           
2.50  -0.525 0.148  -0.215 0.98           1.04           1.12            -25.44        -31.25        37.63          1.21        1.26        1.33         -20.37         -25.35         31.04           -5.07         -5.91         6.59           
2.53  -0.495 0.153  -0.196 0.91           1.07           1.08            9.27          -32.60        33.42          1.16        1.29        1.30         7.28           -26.59         27.32           1.99          -6.01         6.10           
2.57  -0.450 0.147  -0.184 1.36           1.40           1.41            -7.89         -15.87        17.55          1.60        1.64        1.65         -6.66          -13.48         14.93           -1.23         -2.39         2.62           
2.60  -0.423 0.157  -0.186 0.87           0.82           0.88            20.99         4.65          21.41          1.11        1.07        1.11         16.37          3.56           16.71           4.62          1.09          4.70           
2.63  -0.398 0.188  -0.190 1.19           0.75           1.19            51.45         9.50          51.70          1.36        1.00        1.36         43.17          7.13           43.42           8.29          2.37          8.28           
2.67  -0.368 0.208  -0.191 1.08           0.90           1.08            33.58         1.60          33.61          1.30        1.15        1.30         27.48          1.25           27.50           6.11          0.35          6.11           
2.70  -0.345 0.213  -0.210 0.72           0.91           0.92            12.57         38.85         39.88          0.97        1.11        1.12         9.35           30.74          31.68           3.22          8.10          8.20           
2.73  -0.330 0.234  -0.220 0.76           0.54           0.83            54.69         35.76         57.75          0.93        0.76        0.98         42.00          24.68          45.31           12.68         11.09         12.44          
2.77  -0.315 0.239  -0.239 0.48           0.72           0.73            16.85         50.20         51.07          0.72        0.90        0.91         11.09          37.82          38.68           5.77          12.37         12.38          
2.80  -0.295 0.238  -0.240 0.58           0.58           0.58            -2.25         3.46          4.13           0.83        0.83        0.83         -1.58          2.43           2.89            -0.68         1.04          1.24           
2.83  -0.283 0.248  -0.235 0.49           0.41           0.51            38.65         -21.58        41.74          0.70        0.65        0.72         25.78          -13.44         28.32           12.86         -8.14         13.41          
2.87  -0.274 0.269  -0.227 0.68           0.36           0.72            66.39         -41.00        67.78          0.81        0.57        0.84         49.95          -24.32         51.84           16.44         -16.68        15.94          
2.90  -0.270 0.288  -0.208 0.59           0.56           0.81            80.58         -80.16        83.16          0.68        0.66        0.88         59.22          -58.08         66.71           21.36         -22.07        16.45          
2.93  -0.263 0.300  -0.185 0.42           0.73           0.80            56.00         -71.10        73.02          0.60        0.84        0.91         35.69          -54.75         57.78           20.31         -16.35        15.24          
2.97  -0.260 0.325  -0.167 0.76           0.56           0.94            82.84         -80.34        84.23          0.82        0.65        0.99         65.34          -58.10         69.72           17.50         -22.23        14.50          
3.00  -0.262 0.347  -0.133 0.67           1.03           1.23            97.12         -94.63        93.89          0.69        1.04        1.23         75.92          -80.76         82.23           21.20         -13.88        11.66          
3.03  -0.259 0.354  -0.113 0.25           0.61           0.65            63.98         -79.67        80.31          0.42        0.70        0.74         31.96          -59.11         60.73           32.01         -20.56        19.58          
3.07  -0.262 0.370  -0.098 0.48           0.47           0.66            102.90        -103.28       99.33          0.49        0.48        0.67         73.16          -72.68         77.74           29.74         -30.60        21.59          
3.10  -0.263 0.386  -0.094 0.47           0.11           0.49            93.02         -102.94       92.95          0.52        0.25        0.54         64.58          -25.80         65.14           28.45         -77.14        27.80          
3.13  -0.273 0.420  -0.089 1.07           0.33           1.08            105.99        -155.12       105.86         1.03        0.14        1.04         92.55          -108.51        92.53           13.44         -46.61        13.33          
3.17  -0.276 0.432  -0.091 0.38           0.11           0.38            104.90        153.87        104.78         0.39        0.16        0.40         67.17          17.22          67.34           37.74         136.65        37.44          
3.20  -0.291 0.452  -0.094 0.74           0.45           0.74            126.38        167.03        126.00         0.62        0.21        0.63         107.52         151.75         107.29          18.86         15.29         18.71          
3.23  -0.303 0.472  -0.107 0.69           0.51           0.79            120.90        134.00        116.96         0.60        0.38        0.71         100.12         106.06         98.63           20.78         27.93         18.33          
3.27  -0.323 0.475  -0.124 0.62           0.80           0.81            171.73        139.73        139.32         0.37        0.63        0.64         166.21         124.94         124.55          5.53          14.79         14.77          
3.30  -0.343 0.476  -0.146 0.59           0.88           0.88            178.31        131.72        131.71         0.34        0.74        0.74         177.05         117.06         117.05          1.26          14.66         14.66          
3.33  -0.361 0.474  -0.160 0.57           0.71           0.71            -173.99       143.62        143.35         0.32        0.53        0.53         -169.35        127.25         126.97          -4.64         16.38         16.38          
3.37  -0.376 0.462  -0.171 0.55           0.55           0.65            -140.33       140.41        130.49         0.39        0.39        0.52         -116.25        116.32         109.25          -24.08        24.10         21.24          
3.40  -0.386 0.443  -0.180 0.64           0.39           0.69            -118.12       140.39        116.05         0.57        0.26        0.62         -95.26         101.77         94.82           -22.86        38.63         21.23          
3.43  -0.397 0.435  -0.208 0.42           0.91           0.94            -143.03       111.70        110.86         0.27        0.85        0.89         -108.84        95.83          95.59           -34.20        15.86         15.27          
3.47  -0.407 0.435  -0.226 0.30           0.61           0.61            179.34        118.97        118.96         0.05        0.54        0.54         175.81         94.94          94.94           3.53          24.02         24.02          
3.50  -0.413 0.430  -0.254 0.24           0.88           0.89            -143.19       102.44        102.28         0.15        0.86        0.87         -66.49         85.89          85.95           -76.70        16.54         16.33          
3.53  -0.420 0.425  -0.272 0.24           0.56           0.58            -144.81       110.38        109.77         0.15        0.53        0.55         -68.51         84.11          84.30           -76.30        26.27         25.47          
3.57  -0.422 0.402  -0.297 0.70           0.77           1.04            -96.15        95.56         94.13          0.72        0.79        1.05         -75.87         77.17          80.41           -20.28        18.39         13.72          
3.60  -0.425 0.379  -0.317 0.69           0.60           0.91            -96.72        97.82         95.11          0.71        0.61        0.92         -76.22         74.05          79.46           -20.50        23.77         15.65          
3.63  -0.424 0.358  -0.353 0.64           1.09           1.26            -87.37        88.45         88.67          0.70        1.12        1.29         -66.37         75.57          77.49           -21.00        12.88         11.17          
3.67  -0.419 0.343  -0.386 0.47           0.98           1.08            -71.45        81.20         82.00          0.60        1.05        1.14         -48.18         67.56          69.45           -23.28        13.64         12.55          
3.70  -0.414 0.315  -0.398 0.84           0.39           0.91            -80.87        69.86         81.63          0.91        0.53        0.98         -65.18         43.46          67.04           -15.69        26.40         14.58          
3.73  -0.397 0.308  -0.424 0.57           0.95           0.98            -22.71        56.61         57.57          0.80        1.11        1.13         -15.81         45.76          46.81           -6.90         10.85         10.76          
3.77  -0.390 0.307  -0.454 0.22           0.91           0.91            -12.40        76.32         76.34          0.47        1.00        1.00         -5.79          62.19          62.22           -6.61         14.13         14.12          
3.80  -0.382 0.312  -0.470 0.28           0.54           0.57            37.44         65.99         67.14          0.50        0.68        0.70         19.70          46.39          47.96           17.74         19.60         19.18          
3.83  -0.378 0.311  -0.492 0.15           0.67           0.67            -11.29        77.68         77.69          0.39        0.77        0.77         -4.16          59.08          59.11           -7.13         18.60         18.58          
3.87  -0.366 0.312  -0.510 0.33           0.63           0.63            3.20          58.04         58.06          0.58        0.79        0.79         1.83           42.52          42.54           1.37          15.52         15.52          
3.90  -0.353 0.306  -0.523 0.44           0.56           0.59            -24.81        44.52         47.38          0.67        0.76        0.78         -15.87         31.16          33.75           -8.95         13.37         13.63          
3.93  -0.358 0.303  -0.540 0.16           0.53           0.53            -150.40       105.48        105.30         0.14        0.52        0.53         -36.17         77.86          78.00           -114.23       27.62         27.30          
3.97  -0.356 0.291  -0.548 0.35           0.25           0.43            -82.74        79.73         84.05          0.46        0.38        0.52         -50.02         39.97          55.55           -32.72        39.76         28.50          
4.00  -0.351 0.279  -0.555 0.41           0.26           0.46            -67.96        53.84         70.50          0.55        0.45        0.59         -43.17         27.46          47.01           -24.78        26.37         23.49          
4.03  -0.353 0.277  -0.544 0.07           0.34           0.34            -141.78       -99.23        99.16          0.20        0.39        0.39         -12.38         -59.75         59.95           -129.41       -39.48        39.20          
4.07  -0.352 0.263  -0.541 0.44           0.10           0.45            -85.93        -71.57        86.02          0.52        0.30        0.53         -57.21         -18.34         57.79           -28.72        -53.23        28.23          
4.10  -0.354 0.254  -0.518 0.26           0.67           0.71            -104.73       -95.67        95.30          0.31        0.69        0.73         -53.76         -74.54         75.49           -50.97        -21.13        19.82          
4.13  -0.360 0.249  -0.495 0.23           0.73           0.75            -133.57       -102.47       102.15         0.19        0.72        0.74         -60.90         -82.63         82.82           -72.68        -19.84        19.33          
4.17  -0.362 0.236  -0.471 0.40           0.73           0.83            -99.33        -95.09        94.48          0.43        0.75        0.84         -64.73         -75.64         77.32           -34.60        -19.46        17.17          
4.20  -0.362 0.239  -0.442 0.09           0.85           0.85            95.49         -90.58        90.58          0.26        0.88        0.89         20.28          -74.10         74.18           75.22         -16.48        16.40          
4.23  -0.363 0.235  -0.411 0.12           0.93           0.93            -107.20       -92.13        92.11          0.24        0.95        0.96         -27.25         -76.88         76.97           -79.95        -15.25        15.15          
4.27  -0.366 0.236  -0.389 0.08           0.67           0.67            162.54        -96.26        96.25          0.18        0.69        0.69         7.36           -75.05         75.06           155.18        -21.20        21.19          
4.30  -0.361 0.242  -0.368 0.25           0.65           0.68            54.78         -77.48        78.04          0.44        0.75        0.77         27.09          -58.41         59.60           27.69         -19.07        18.44          
4.33  -0.350 0.243  -0.352 0.33           0.59           0.59            5.37          -55.66        55.71          0.58        0.76        0.76         3.06           -39.83         39.89           2.30          -15.83        15.82          
4.37  -0.339 0.254  -0.340 0.44           0.48           0.57            45.39         -50.06        57.45          0.64        0.67        0.74         29.25          -33.42         40.87           16.14         -16.64        16.57          
4.40  -0.325 0.261  -0.342 0.49           0.44           0.50            26.72         10.32         28.16          0.72        0.69        0.73         17.75          6.60           18.80           8.97          3.71          9.36           
4.43  -0.313 0.265  -0.330 0.38           0.53           0.54            15.02         -46.06        46.98          0.63        0.73        0.73         9.08           -31.71         32.55           5.94          -14.35        14.44          
4.47  -0.302 0.261  -0.328 0.35           0.33           0.35            -19.07        -5.92         19.84          0.59        0.58        0.60         -11.17         -3.39          11.65           -7.90         -2.53         8.19           
4.50  -0.290 0.254  -0.330 0.40           0.35           0.40            -28.68        7.55          29.37          0.63        0.60        0.63         -17.66         4.41           18.14           -11.01        3.14          11.23          
4.53  -0.282 0.229  -0.332 0.79           0.26           0.79            -71.59        12.14         71.64          0.90        0.50        0.90         -56.35         6.14           56.42           -15.24        6.00          15.22          
4.57  -0.275 0.224  -0.327 0.26           0.25           0.30            -40.96        -37.38        49.15          0.48        0.47        0.50         -20.84         -18.52         26.89           -20.12        -18.86        22.26          
4.60  -0.273 0.218  -0.329 0.17           0.09           0.18            -65.12        35.25         66.22          0.36        0.33        0.36         -25.92         9.05           27.09           -39.20        26.20         39.13          
4.63  -0.260 0.212  -0.339 0.43           0.49           0.53            -28.57        38.43         43.90          0.66        0.70        0.73         -18.20         25.60          30.16           -10.37        12.83         13.74          
4.67  -0.247 0.195  -0.341 0.63           0.39           0.63            -52.17        10.18         52.44          0.81        0.64        0.81         -37.97         6.21           38.24           -14.20        3.97          14.20          
4.70  -0.240 0.179  -0.345 0.52           0.24           0.53            -66.13        29.47         66.76          0.66        0.47        0.67         -45.78         14.41          46.65           -20.35        15.06         20.12          
4.73  -0.237 0.169  -0.344 0.33           0.11           0.33            -70.69        -9.23         70.72          0.47        0.36        0.47         -40.70         -2.80          40.74           -29.99        -6.43         29.98          
4.77  -0.211 0.145  -0.346 1.05           0.76           1.05            -43.18        3.62          43.24          1.24        1.01        1.24         -35.26         2.73           35.32           -7.92         0.89          7.93           
4.80  -0.199 0.128  -0.345 0.62           0.36           0.62            -54.65        -2.14         54.65          0.79        0.61        0.79         -39.70         -1.26          39.71           -14.95        -0.88         14.95          
4.83  -0.187 0.129  -0.338 0.38           0.44           0.44            1.38          -29.38        29.40          0.63        0.66        0.67         0.83           -18.75         18.77           0.55          -10.63        10.63          
4.87  -0.182 0.136  -0.319 0.25           0.59           0.62            54.69         -75.51        76.36          0.45        0.69        0.72         27.55          -55.04         56.70           27.14         -20.47        19.66          
4.90  -0.166 0.135  -0.309 0.48           0.58           0.58            -0.79         -32.79        32.79          0.73        0.80        0.80         -0.52          -23.01         23.02           -0.27         -9.77         9.77           
4.93  -0.161 0.152  -0.300 0.53           0.31           0.60            75.56         -65.15        77.32          0.64        0.47        0.70         53.17          -36.59         56.79           22.39         -28.56        20.52          
4.97  -0.156 0.159  -0.287 0.26           0.41           0.46            52.91         -67.69        70.17          0.46        0.56        0.59         26.93          -43.10         46.80           25.98         -24.59        23.37          
5.00  -0.148 0.173  -0.273 0.49           0.49           0.65            58.75         -59.01        66.88          0.65        0.66        0.78         39.67          -39.96         49.69           19.08         -19.05        17.19          
5.03  -0.135 0.181  -0.271 0.46           0.39           0.46            32.55         -8.90         33.32          0.68        0.64        0.68         21.18          -5.43          21.75           11.38         -3.47         11.57          
5.07  -0.129 0.193  -0.265 0.40           0.24           0.43            65.09         -44.16        67.05          0.56        0.45        0.58         40.98          -21.39         43.62           24.11         -22.77        23.44          
5.10  -0.122 0.213  -0.266 0.62           0.21           0.62            70.05         1.67          70.05          0.74        0.46        0.74         51.54          0.76           51.54           18.50         0.90          18.50          
5.13  -0.114 0.227  -0.265 0.49           0.25           0.49            60.33         -6.10         60.37          0.65        0.50        0.66         40.94          -3.02          40.99           19.38         -3.07         19.38          
5.17  -0.110 0.239  -0.258 0.39           0.25           0.44            70.78         -59.34        73.27          0.52        0.43        0.57         44.03          -29.62         48.27           26.75         -29.73        25.00          
5.20  -0.108 0.249  -0.253 0.30           0.14           0.33            78.09         -63.84        79.03          0.43        0.34        0.45         43.63          -22.27         46.06           34.45         -41.57        32.97          
5.23  -0.104 0.251  -0.240 0.13           0.40           0.41            32.35         -73.97        74.22          0.37        0.53        0.53         10.97          -46.82         47.28           21.38         -27.15        26.93          
5.27  -0.094 0.258  -0.234 0.37           0.37           0.42            32.29         -31.76        41.50          0.59        0.59        0.63         19.32          -18.96         26.14           12.97         -12.81        15.36          
5.30  -0.090 0.268  -0.229 0.32           0.19           0.35            68.93         -51.50        70.87          0.47        0.39        0.50         39.42          -21.71         42.41           29.51         -29.79        28.47          
5.33  -0.082 0.275  -0.222 0.30           0.31           0.38            44.87         -45.88        55.10          0.51        0.52        0.56         24.75          -25.53         33.58           20.12         -20.35        21.52          
5.37  -0.074 0.279  -0.215 0.29           0.34           0.36            25.32         -38.38        42.69          0.53        0.56        0.57         13.67          -22.15         25.37           11.65         -16.23        17.32          
5.40  -0.073 0.289  -0.220 0.30           0.15           0.34            88.18         86.46         88.38          0.40        0.30        0.42         49.00          30.62          52.30           39.18         55.84         36.08          
5.43  -0.063 0.278  -0.233 0.47           0.49           0.60            -49.17        51.05         59.45          0.66        0.67        0.76         -32.48         34.24          42.98           -16.69        16.82         16.47          
