time  x      y      z      groundspeedxy  groundspeedxz  groundspeedxyz  trackanglexy  trackanglexz  trackanglexyz  airspeedxy  airspeedxz  airspeedxyz  courseanglexy  courseanglexz  courseanglexyz  driftanglexy  driftanglexz  driftanglexyz  
0.00  -1.195 0.297  -0.283 
0.03  -1.173 0.292  -0.314 0.68           1.14           1.15            -12.59        54.29         54.63          0.93        1.30        1.31         -9.22          45.33          45.69           -3.36         8.96          8.94           
0.07  -1.155 0.288  -0.343 0.56           1.02           1.03            -13.04        57.71         57.99          0.80        1.17        1.18         -9.02          47.34          47.64           -4.02         10.38         10.35          
0.10  -1.137 0.279  -0.371 0.60           1.01           1.04            -26.00        57.49         58.67          0.84        1.16        1.19         -18.47         47.05          48.37           -7.53         10.43         10.31          
0.13  -1.113 0.271  -0.403 0.75           1.20           1.23            -19.82        53.69         54.61          0.99        1.36        1.39         -14.93         45.18          46.15           -4.89         8.51          8.46           
0.17  -1.088 0.264  -0.429 0.79           1.08           1.10            -15.98        45.20         46.31          1.04        1.27        1.29         -12.17         37.17          38.25           -3.81         8.02          8.06           
0.20  -1.069 0.259  -0.449 0.58           0.82           0.83            -12.20        46.30         46.89          0.83        1.01        1.02         -8.54          36.01          36.58           -3.66         10.29         10.31          
0.23  -1.046 0.256  -0.470 0.70           0.94           0.95            -8.75         42.89         43.28          0.95        1.14        1.14         -6.44          34.29          34.65           -2.30         8.60          8.62           
0.27  -1.021 0.270  -0.482 0.88           0.85           0.95            29.48         25.72         36.60          1.10        1.08        1.16         23.06          19.93          29.22           6.42          5.79          7.39           
0.30  -0.996 0.276  -0.489 0.76           0.77           0.79            12.06         15.28         19.13          1.01        1.01        1.03         9.08           11.55          14.54           2.98          3.73          4.58           
0.33  -0.970 0.293  -0.487 0.94           0.78           0.95            34.71         -4.21         34.86          1.16        1.03        1.16         27.65          -3.18          27.79           7.06          -1.02         7.08           
0.37  -0.950 0.309  -0.483 0.76           0.60           0.77            38.83         -10.72        39.59          0.97        0.85        0.98         29.53          -7.59          30.20           9.30          -3.13         9.39           
0.40  -0.930 0.328  -0.479 0.81           0.61           0.82            42.69         -13.95        43.69          1.00        0.86        1.02         32.98          -9.91          33.90           9.72          -4.04         9.80           
0.43  -0.922 0.348  -0.464 0.66           0.52           0.80            66.60         -59.54        70.78          0.80        0.68        0.91         49.84          -41.09         55.80           16.76         -18.45        14.98          
0.47  -0.913 0.365  -0.445 0.57           0.62           0.81            63.52         -65.61        71.46          0.72        0.76        0.92         45.45          -48.14         56.47           18.07         -17.47        14.99          
0.50  -0.909 0.369  -0.427 0.15           0.56           0.57            45.36         -78.90        79.10          0.37        0.65        0.66         16.90          -56.81         57.31           28.46         -22.09        21.79          
0.53  -0.911 0.382  -0.406 0.40           0.62           0.73            96.88         -94.38        93.70          0.44        0.65        0.76         62.68          -71.85         74.53           34.20         -22.53        19.17          
0.57  -0.906 0.376  -0.389 0.23           0.53           0.56            -48.38        -73.69        74.47          0.43        0.65        0.67         -22.84         -51.98         53.40           -25.54        -21.71        21.07          
0.60  -0.899 0.365  -0.367 0.39           0.69           0.76            -58.87        -72.95        74.70          0.56        0.80        0.86         -36.46         -55.50         58.50           -22.40        -17.44        16.20          
0.63  -0.901 0.360  -0.345 0.15           0.65           0.67            -106.89       -93.77        93.69          0.25        0.68        0.70         -34.32         -72.35         72.73           -72.57        -21.42        20.96          
0.67  -0.891 0.347  -0.324 0.49           0.70           0.80            -54.85        -65.97        69.36          0.67        0.83        0.92         -37.02         -49.99         54.66           -17.82        -15.98        14.70          
0.70  -0.875 0.332  -0.298 0.65           0.92           1.02            -41.78        -58.38        61.65          0.85        1.07        1.16         -30.48         -46.94         50.69           -11.30        -11.44        10.97          
0.73  -0.863 0.315  -0.273 0.64           0.83           0.98            -55.93        -64.28        68.58          0.81        0.96        1.10         -41.06         -50.73         56.34           -14.87        -13.55        12.24          
0.77  -0.851 0.315  -0.253 0.37           0.72           0.72            1.91          -59.38        59.38          0.62        0.88        0.88         1.14           -45.20         45.21           0.77          -14.18        14.18          
0.80  -0.831 0.313  -0.234 0.60           0.82           0.82            -7.36         -43.67        43.93          0.85        1.02        1.02         -5.19          -33.90         34.14           -2.16         -9.77         9.79           
0.83  -0.821 0.317  -0.209 0.33           0.79           0.80            23.91         -67.51        67.85          0.57        0.91        0.92         13.63          -52.89         53.34           10.28         -14.63        14.50          
0.87  -0.810 0.319  -0.192 0.33           0.61           0.62            12.20         -58.20        58.43          0.58        0.78        0.78         6.96           -42.31         42.57           5.24          -15.89        15.86          
0.90  -0.800 0.330  -0.174 0.43           0.63           0.70            44.43         -60.73        63.84          0.63        0.78        0.84         28.41          -44.56         48.33           16.02         -16.18        15.51          
0.93  -0.797 0.350  -0.168 0.63           0.18           0.65            82.29         -61.63        82.52          0.71        0.37        0.73         61.90          -25.15         62.62           20.39         -36.48        19.90          
0.97  -0.799 0.361  -0.166 0.31           0.08           0.32            97.71         -119.79       97.51          0.37        0.22        0.38         55.53          -19.01         56.25           42.19         -100.78       41.26          
1.00  -0.805 0.386  -0.147 0.79           0.59           0.97            104.86        -109.91       102.08         0.76        0.56        0.95         86.40          -85.08         87.09           18.46         -24.83        14.99          
1.03  -0.820 0.389  -0.130 0.45           0.68           0.69            168.30        -130.43       130.00         0.21        0.55        0.56         154.56         -110.35        110.07          13.74         -20.08        19.93          
1.07  -0.831 0.400  -0.124 0.47           0.37           0.50            134.24        -151.07       130.62         0.34        0.19        0.39         102.66         -112.65        101.19          31.58         -38.42        29.43          
1.10  -0.843 0.413  -0.122 0.53           0.37           0.53            134.19        -170.88       133.85         0.40        0.13        0.40         107.52         -153.69        107.32          26.67         -17.19        26.53          
1.13  -0.853 0.445  -0.120 1.02           0.31           1.02            107.10        -167.65       107.07         0.98        0.08        0.98         92.92          -127.16        92.92           14.18         -40.48        14.15          
1.17  -0.861 0.453  -0.105 0.32           0.50           0.55            135.14        -117.32       114.67         0.23        0.44        0.50         84.35          -87.09         87.41           50.80         -30.23        27.27          
1.20  -0.872 0.466  -0.104 0.52           0.34           0.53            129.97        -174.24       129.87         0.41        0.09        0.41         102.18         -158.62        102.14          27.78         -15.62        27.73          
1.23  -0.872 0.468  -0.110 0.06           0.18           0.19            73.78         85.10         85.30          0.27        0.32        0.32         11.29          34.13          35.24           62.49         50.97         50.06          
1.27  -0.871 0.477  -0.124 0.27           0.43           0.51            83.33         85.74         86.41          0.39        0.51        0.58         44.09          56.66          60.98           39.24         29.08         25.43          
1.30  -0.870 0.468  -0.131 0.28           0.19           0.34            -85.91        84.09         86.63          0.39        0.33        0.43         -45.95         35.53          51.49           -39.96        48.56         35.15          
1.33  -0.869 0.457  -0.140 0.34           0.28           0.44            -85.37        84.47         86.45          0.43        0.39        0.52         -50.40         45.33          57.61           -34.97        39.14         28.84          
1.37  -0.854 0.440  -0.150 0.66           0.53           0.72            -47.45        33.35         51.84          0.85        0.76        0.90         -34.92         22.87          39.20           -12.53        10.48         12.64          
1.40  -0.852 0.427  -0.173 0.40           0.71           0.81            -81.64        85.28         85.88          0.50        0.77        0.87         -52.13         66.37          69.13           -29.51        18.90         16.75          
1.43  -0.841 0.402  -0.186 0.84           0.51           0.92            -66.24        48.67         68.51          0.97        0.70        1.04         -52.56         33.17          55.60           -13.68        15.50         12.91          
1.47  -0.827 0.389  -0.213 0.56           0.91           0.99            -43.07        63.02         65.31          0.77        1.04        1.11         -30.18         50.71          53.54           -12.89        12.31         11.77          
1.50  -0.808 0.371  -0.238 0.79           0.95           1.09            -42.25        51.74         57.34          0.99        1.12        1.24         -32.51         41.66          47.58           -9.74         10.08         9.76           
1.53  -0.790 0.363  -0.272 0.59           1.14           1.17            -25.38        62.38         63.08          0.82        1.28        1.30         -17.86         52.38          53.21           -7.52         9.99          9.87           
1.57  -0.767 0.352  -0.301 0.76           1.11           1.15            -25.65        51.72         53.57          0.99        1.28        1.32         -19.39         42.87          44.79           -6.27         8.85          8.78           
1.60  -0.752 0.336  -0.340 0.66           1.25           1.34            -47.22        69.17         70.62          0.85        1.36        1.45         -34.70         59.30          61.23           -12.52        9.87          9.39           
1.63  -0.726 0.328  -0.364 0.81           1.07           1.10            -16.42        43.59         44.90          1.05        1.27        1.29         -12.57         35.76          37.01           -3.85         7.83          7.89           
1.67  -0.702 0.320  -0.404 0.77           1.39           1.41            -18.14        58.19         58.71          1.01        1.54        1.56         -13.73         50.27          50.84           -4.40         7.93          7.87           
1.70  -0.681 0.319  -0.430 0.63           1.00           1.00            -3.78         51.00         51.04          0.88        1.17        1.17         -2.70          41.44          41.48           -1.07         9.55          9.55           
1.73  -0.661 0.311  -0.453 0.63           0.93           0.95            -19.69        50.11         51.31          0.87        1.11        1.13         -14.15         40.12          41.33           -5.54         9.99          9.98           
1.77  -0.644 0.305  -0.466 0.54           0.64           0.66            -21.30        38.00         41.12          0.78        0.85        0.87         -14.58         27.52          30.22           -6.72         10.47         10.91          
1.80  -0.624 0.301  -0.490 0.62           0.94           0.94            -9.80         49.05         49.36          0.87        1.12        1.12         -7.00          39.31          39.63           -2.80         9.73          9.74           
1.83  -0.602 0.298  -0.515 0.65           0.98           0.99            -9.42         49.16         49.45          0.90        1.16        1.17         -6.81          39.79          40.08           -2.61         9.37          9.37           
1.87  -0.585 0.294  -0.507 0.53           0.57           0.58            -12.04        -24.57        26.77          0.77        0.80        0.81         -8.18          -17.12         18.78           -3.86         -7.45         8.00           
1.90  -0.577 0.293  -0.525 0.26           0.61           0.61            -11.18        65.45         65.54          0.51        0.75        0.75         -5.67          47.74          47.86           -5.51         17.71         17.68          
1.93  -0.569 0.289  -0.539 0.26           0.46           0.47            -25.98        59.85         60.80          0.49        0.62        0.63         -13.16         39.56          40.65           -12.82        20.29         20.15          
1.97  -0.561 0.288  -0.526 0.24           0.46           0.46            -3.28         -58.14        58.16          0.49        0.62        0.62         -1.61          -38.27         38.28           -1.67         -19.88        19.88          
2.00  -0.546 0.286  -0.511 0.47           0.64           0.64            -7.83         -43.92        44.21          0.71        0.84        0.84         -5.10          -31.98         32.24           -2.74         -11.94        11.97          
2.03  -0.546 0.280  -0.497 0.18           0.42           0.46            -94.63        -92.02        91.85          0.30        0.48        0.52         -38.06         -60.95         63.01           -56.57        -31.06        28.84          
2.07  -0.550 0.277  -0.476 0.15           0.65           0.65            -137.15       -99.62        99.51          0.17        0.65        0.66         -35.17         -77.42         77.57           -101.98       -22.20        21.94          
2.10  -0.547 0.270  -0.450 0.22           0.79           0.81            -63.66        -82.96        83.17          0.40        0.85        0.87         -29.31         -66.05         66.69           -34.35        -16.91        16.48          
2.13  -0.548 0.267  -0.423 0.11           0.81           0.81            -106.44       -92.23        92.21          0.24        0.83        0.84         -25.90         -74.81         74.94           -80.54        -17.41        17.27          
2.17  -0.553 0.268  -0.396 0.15           0.82           0.82            165.72        -100.05       100.04         0.11        0.82        0.82         18.91          -82.50         82.51           146.81        -17.55        17.53          
2.20  -0.549 0.268  -0.370 0.09           0.77           0.77            0.07          -83.01        83.01          0.34        0.84        0.84         0.02           -65.80         65.80           0.05          -17.21        17.21          
2.23  -0.548 0.253  -0.357 0.45           0.41           0.60            -84.84        -84.31        86.17          0.53        0.50        0.67         -56.93         -54.31         64.25           -27.90        -30.00        21.92          
2.27  -0.539 0.250  -0.325 0.29           0.98           0.99            -18.10        -73.72        73.79          0.53        1.08        1.08         -9.73          -60.87         60.98           -8.38         -12.84        12.80          
2.30  -0.527 0.248  -0.304 0.37           0.74           0.75            -7.61         -60.23        60.30          0.62        0.89        0.90         -4.55          -46.19         46.27           -3.05         -14.04        14.03          
2.33  -0.513 0.251  -0.286 0.42           0.68           0.69            9.84          -52.36        52.61          0.67        0.86        0.86         6.18           -39.02         39.27           3.65          -13.34        13.33          
2.37  -0.500 0.273  -0.274 0.77           0.52           0.85            60.49         -43.23        63.45          0.92        0.72        0.99         46.81          -29.54         50.35           13.68         -13.69        13.10          
2.40  -0.477 0.281  -0.265 0.74           0.75           0.78            18.44         -20.80        26.81          0.98        0.99        1.01         13.81          -15.64         20.43           4.64          -5.16         6.38           
2.43  -0.468 0.300  -0.262 0.62           0.27           0.63            66.17         -19.01        66.41          0.76        0.51        0.76         48.61          -9.79          48.93           17.56         -9.21         17.48          
2.47  -0.461 0.315  -0.263 0.49           0.22           0.49            63.16         9.76          63.25          0.64        0.47        0.64         42.87          4.62           42.97           20.30         5.14          20.28          
2.50  -0.462 0.344  -0.264 0.87           0.02           0.87            91.49         159.37        91.49          0.90        0.23        0.90         75.39          2.15           75.39           16.10         157.22        16.10          
2.53  -0.453 0.361  -0.281 0.57           0.57           0.77            62.65         62.80         69.97          0.72        0.72        0.88         44.73          44.91          54.57           17.92         17.89         15.40          
2.57  -0.452 0.382  -0.281 0.65           0.02           0.65            88.05         20.01         88.05          0.71        0.27        0.71         67.40          1.71           67.40           20.64         18.30         20.64          
2.60  -0.447 0.393  -0.311 0.35           0.91           0.96            63.42         79.97         80.53          0.52        0.98        1.03         37.73          65.45          66.70           25.69         14.53         13.84          
2.63  -0.440 0.401  -0.326 0.31           0.48           0.54            51.31         66.04         68.77          0.51        0.63        0.67         28.76          44.68          48.52           22.55         21.36         20.25          
2.67  -0.430 0.397  -0.345 0.32           0.67           0.68            -19.21        62.99         63.35          0.56        0.82        0.82         -10.83         47.13          47.57           -8.38         15.86         15.77          
2.70  -0.424 0.397  -0.356 0.19           0.38           0.38            -6.63         59.92         59.98          0.44        0.55        0.55         -2.88          36.79          36.85           -3.75         23.14         23.13          
2.73  -0.410 0.372  -0.375 0.85           0.70           1.01            -59.61        52.52         65.02          1.00        0.88        1.14         -47.12         39.47          53.58           -12.49        13.04         11.44          
2.77  -0.392 0.361  -0.397 0.63           0.85           0.91            -32.84        51.63         54.82          0.85        1.02        1.08         -23.62         40.56          43.86           -9.22         11.08         10.96          
2.80  -0.383 0.351  -0.410 0.41           0.47           0.56            -48.41        53.92         60.61          0.61        0.64        0.72         -30.51         35.66          42.88           -17.91        18.26         17.74          
2.83  -0.371 0.356  -0.437 0.39           0.90           0.91            23.16         66.23         66.59          0.63        1.02        1.03         14.19          53.31          53.79           8.97          12.92         12.81          
2.87  -0.363 0.350  -0.454 0.30           0.58           0.60            -35.16        65.07         66.17          0.52        0.72        0.74         -19.14         46.68          48.13           -16.02        18.40         18.04          
2.90  -0.344 0.324  -0.473 0.96           0.80           1.11            -53.66        44.31         59.14          1.13        0.99        1.26         -43.39         34.17          49.33           -10.27        10.14         9.81           
2.93  -0.340 0.314  -0.495 0.33           0.66           0.72            -68.23        79.20         80.24          0.48        0.74        0.81         -39.51         59.94          62.42           -28.71        19.27         17.82          
2.97  -0.329 0.292  -0.498 0.75           0.35           0.76            -64.17        19.47         64.49          0.89        0.59        0.90         -49.52         11.33          49.93           -14.65        8.13          14.57          
3.00  -0.313 0.275  -0.512 0.67           0.61           0.78            -46.96        41.09         54.09          0.86        0.81        0.95         -34.72         29.43          41.78           -12.24        11.66         12.31          
3.03  -0.305 0.262  -0.523 0.47           0.41           0.58            -58.32        53.32         64.58          0.64        0.60        0.72         -38.87         33.73          46.31           -19.45        19.58         18.27          
3.07  -0.293 0.255  -0.526 0.42           0.39           0.43            -27.32        14.87         30.15          0.65        0.63        0.66         -17.23         9.06           19.22           -10.09        5.81          10.92          
3.10  -0.292 0.248  -0.533 0.23           0.22           0.32            -86.07        85.83         87.14          0.35        0.34        0.41         -41.07         39.38          50.12           -45.01        46.46         37.02          
3.13  -0.289 0.231  -0.517 0.50           0.51           0.71            -80.42        -80.65        83.28          0.60        0.61        0.78         -55.97         -56.64         64.76           -24.45        -24.01        18.52          
3.17  -0.290 0.232  -0.499 0.02           0.51           0.51            140.19        -92.10        92.10          0.23        0.56        0.56         3.90           -65.80         65.81           136.30        -26.30        26.29          
3.20  -0.295 0.233  -0.483 0.15           0.52           0.52            169.96        -106.77       106.75         0.10        0.51        0.51         14.79          -78.57         78.59           155.18        -28.20        28.16          
3.23  -0.298 0.238  -0.458 0.19           0.74           0.76            115.72        -96.39        96.22          0.24        0.75        0.77         45.43          -77.10         77.43           70.29         -19.28        18.80          
3.27  -0.308 0.240  -0.440 0.31           0.62           0.62            170.15        -119.01       118.90         0.07        0.55        0.55         134.65         -95.43         95.41           35.50         -23.58        23.49          
3.30  -0.322 0.252  -0.417 0.56           0.80           0.88            139.89        -122.04       118.97         0.40        0.70        0.79         116.19         -104.53        102.92          23.70         -17.50        16.05          
3.33  -0.326 0.253  -0.396 0.13           0.66           0.66            167.04        -101.44       101.43         0.12        0.66        0.66         14.16          -79.54         79.55           152.88        -21.90        21.88          
3.37  -0.328 0.254  -0.378 0.05           0.53           0.53            161.30        -95.22        95.22          0.20        0.57        0.57         4.67           -69.24         69.25           156.63        -25.98        25.97          
3.40  -0.330 0.254  -0.368 0.06           0.31           0.31            165.17        -100.43       100.42         0.19        0.36        0.36         4.36           -57.39         57.42           160.81        -43.04        43.00          
3.43  -0.332 0.262  -0.344 0.24           0.71           0.75            104.62        -94.86        94.62          0.30        0.73        0.77         50.58          -75.02         75.72           54.04         -19.84        18.90          
3.47  -0.328 0.264  -0.323 0.13           0.66           0.67            29.82         -80.23        80.28          0.37        0.75        0.75         10.08          -60.97         61.09           19.74         -19.26        19.19          
3.50  -0.319 0.256  -0.305 0.36           0.60           0.65            -42.16        -63.59        65.63          0.57        0.75        0.79         -25.13         -46.21         48.84           -17.03        -17.38        16.79          
3.53  -0.321 0.254  -0.304 0.07           0.05           0.08            -124.44       -139.76       120.67         0.22        0.21        0.22         -15.44         -9.11          17.71           -109.00       -130.65       102.96         
3.57  -0.297 0.246  -0.305 0.74           0.70           0.74            -19.31        3.22          19.54          0.98        0.95        0.98         -14.47         2.37           14.64           -4.85         0.85          4.90           
3.60  -0.288 0.244  -0.293 0.28           0.46           0.46            -8.55         -52.98        53.16          0.53        0.64        0.64         -4.51          -34.83         35.00           -4.04         -18.16        18.16          
3.63  -0.274 0.230  -0.308 0.61           0.63           0.76            -44.78        47.33         55.78          0.80        0.82        0.93         -32.11         34.45          42.91           -12.67        12.88         12.86          
3.67  -0.263 0.228  -0.320 0.34           0.48           0.49            -9.07         45.79         46.13          0.59        0.68        0.68         -5.23          30.53          30.83           -3.84         15.26         15.30          
3.70  -0.248 0.226  -0.334 0.43           0.60           0.60            -9.16         44.92         45.29          0.68        0.80        0.80         -5.79          32.10          32.44           -3.37         12.82         12.85          
3.73  -0.230 0.221  -0.348 0.57           0.69           0.70            -16.56        37.84         39.75          0.81        0.90        0.91         -11.50         28.00          29.65           -5.06         9.85          10.11          
3.77  -0.226 0.225  -0.358 0.17           0.33           0.36            47.38         69.61         70.99          0.39        0.48        0.50         19.04          40.52          42.66           28.34         29.10         28.32          
3.80  -0.215 0.223  -0.357 0.33           0.33           0.33            -8.30         -4.84         9.57           0.58        0.58        0.58         -4.74          -2.75          5.47            -3.56         -2.09         4.10           
3.83  -0.201 0.236  -0.368 0.57           0.53           0.66            42.08         37.64         49.90          0.77        0.75        0.84         29.57          25.85          36.72           12.51         11.79         13.17          
3.87  -0.194 0.242  -0.370 0.29           0.23           0.30            40.08         11.94         40.94          0.51        0.48        0.51         21.65          5.70           22.26           18.43         6.25          18.69          
3.90  -0.197 0.263  -0.376 0.62           0.20           0.64            99.83         120.97        99.45          0.63        0.23        0.65         76.64          50.55          77.15           23.18         70.42         22.30          
3.93  -0.191 0.269  -0.380 0.28           0.24           0.31            42.91         31.60         48.11          0.50        0.48        0.51         22.91          15.63          26.88           20.00         15.97         21.23          
3.97  -0.190 0.291  -0.386 0.67           0.18           0.69            88.15         83.11         88.22          0.72        0.32        0.74         67.90          33.28          68.57           20.26         49.83         19.64          
4.00  -0.198 0.310  -0.386 0.60           0.24           0.60            113.70        177.34        113.70         0.55        0.01        0.55         89.18          54.82          89.18           24.52         122.52        24.52          
4.03  -0.209 0.338  -0.389 0.92           0.36           0.93            112.03        166.25        111.93         0.86        0.13        0.87         96.42          138.67         96.39           15.61         27.59         15.54          
4.07  -0.219 0.352  -0.390 0.50           0.29           0.50            126.16        173.31        126.06         0.40        0.05        0.40         96.04          140.96         96.01           30.12         32.35         30.05          
4.10  -0.229 0.375  -0.388 0.75           0.30           0.75            112.54        -167.35       112.46         0.69        0.07        0.70         93.13          -120.46        93.12           19.41         -46.90        19.33          
4.13  -0.243 0.396  -0.376 0.76           0.55           0.84            123.58        -139.31       119.96         0.65        0.40        0.75         104.98         -115.11        103.08          18.60         -24.19        16.88          
4.17  -0.256 0.414  -0.372 0.68           0.43           0.69            126.95        -165.10       126.41         0.57        0.20        0.58         106.45         -145.87        106.15          20.50         -19.23        20.26          
4.20  -0.269 0.439  -0.369 0.84           0.38           0.85            115.77        -163.84       115.55         0.76        0.16        0.77         98.64          -137.39        98.56           17.12         -26.46        16.99          
4.23  -0.276 0.461  -0.365 0.70           0.25           0.71            108.12        -152.87       107.89         0.67        0.12        0.68         87.37          -74.66         87.40           20.75         -78.21        20.48          
4.27  -0.285 0.479  -0.361 0.59           0.29           0.60            116.78        -154.67       116.15         0.53        0.13        0.54         91.65          -96.87         91.60           25.13         -57.80        24.54          
4.30  -0.289 0.496  -0.360 0.53           0.13           0.53            104.23        -164.31       104.19         0.53        0.13        0.53         76.74          -16.81         76.77           27.49         -147.50       27.42          
4.33  -0.296 0.511  -0.364 0.48           0.24           0.50            114.80        146.31        113.82         0.44        0.14        0.46         83.85          70.71          84.12           30.95         75.59         29.71          
4.37  -0.299 0.525  -0.367 0.45           0.13           0.45            103.56        145.80        103.39         0.46        0.16        0.46         71.46          26.05          71.69           32.09         119.76        31.70          
4.40  -0.305 0.537  -0.373 0.40           0.27           0.45            115.59        130.57        112.68         0.37        0.22        0.42         77.90          69.04          79.41           37.68         61.53         33.27          
4.43  -0.311 0.544  -0.376 0.28           0.20           0.30            130.17        156.04        128.32         0.23        0.11        0.24         73.05          50.91          74.08           57.11         105.13        54.24          
4.47  -0.319 0.535  -0.376 0.36           0.23           0.36            -128.70       178.42        128.70         0.28        0.03        0.28         -85.04         14.33          85.04           -43.66        164.09        43.66          
4.50  -0.319 0.535  -0.392 0.01           0.46           0.46            -59.84        89.34         89.34          0.26        0.53        0.53         -2.07          61.20          61.20           -57.76        28.14         28.14          
4.53  -0.319 0.525  -0.401 0.29           0.27           0.40            -95.13        95.54         93.77          0.37        0.35        0.45         -52.33         50.16          60.46           -42.80        45.38         33.31          
4.57  -0.318 0.515  -0.410 0.29           0.29           0.41            -84.73        84.59         86.22          0.40        0.40        0.49         -46.56         45.85          55.87           -38.17        38.75         30.35          
4.60  -0.306 0.515  -0.423 0.36           0.53           0.53            -3.07         47.44         47.48          0.61        0.73        0.73         -1.81          32.77          32.80           -1.25         14.67         14.67          
4.63  -0.304 0.502  -0.438 0.38           0.43           0.57            -80.60        81.79         83.79          0.48        0.53        0.64         -49.94         53.79          61.09           -30.65        28.01         22.70          
4.67  -0.292 0.490  -0.449 0.53           0.50           0.63            -45.46        42.59         53.88          0.73        0.71        0.80         -31.28         28.79          39.33           -14.18        13.80         14.55          
4.70  -0.279 0.489  -0.467 0.40           0.68           0.68            -3.46         53.88         53.91          0.65        0.86        0.86         -2.14          40.22          40.25           -1.32         13.66         13.66          
4.73  -0.258 0.468  -0.482 0.87           0.76           0.98            -45.64        36.74         51.70          1.06        0.97        1.15         -35.95         27.89          41.92           -9.69         8.85          9.78           
4.77  -0.253 0.460  -0.495 0.28           0.40           0.47            -56.81        67.44         70.67          0.47        0.55        0.60         -30.31         42.63          47.48           -26.50        24.81         23.19          
4.80  -0.236 0.442  -0.508 0.75           0.66           0.85            -46.19        37.69         52.38          0.94        0.87        1.03         -35.17         27.57          41.25           -11.02        10.12         11.13          
4.83  -0.215 0.426  -0.511 0.80           0.64           0.80            -37.88        7.36          38.26          1.01        0.88        1.01         -29.12         5.29           29.46           -8.76         2.08          8.81           
4.87  -0.197 0.407  -0.513 0.78           0.54           0.78            -46.15        6.73          46.33          0.97        0.79        0.97         -35.43         4.61           35.60           -10.72        2.12          10.73          
4.90  -0.183 0.391  -0.509 0.64           0.44           0.65            -48.57        -15.37        49.38          0.83        0.69        0.84         -35.53         -9.83          36.31           -13.04        -5.54         13.07          
4.93  -0.165 0.382  -0.497 0.57           0.63           0.68            -26.79        -35.04        40.83          0.81        0.84        0.88         -18.75         -25.24         30.15           -8.04         -9.80         10.68          
4.97  -0.161 0.372  -0.474 0.33           0.72           0.78            -65.18        -78.79        79.67          0.49        0.80        0.86         -37.72         -61.00         63.01           -27.46        -17.78        16.67          
5.00  -0.144 0.364  -0.448 0.56           0.92           0.95            -27.32        -57.27        58.62          0.79        1.07        1.10         -18.95         -45.97         47.47           -8.36         -11.30        11.15          
5.03  -0.145 0.362  -0.424 0.07           0.72           0.72            -118.37       -92.64        92.63          0.23        0.75        0.75         -15.74         -73.13         73.19           -102.62       -19.51        19.44          
5.07  -0.139 0.367  -0.398 0.23           0.80           0.82            40.44         -77.16        77.39          0.45        0.89        0.90         19.53          -61.28         61.73           20.92         -15.88        15.66          
5.10  -0.144 0.391  -0.373 0.73           0.77           1.05            100.84        -100.21       97.47          0.72        0.77        1.05         80.98          -81.52         83.80           19.86         -18.69        13.68          
5.13  -0.138 0.383  -0.359 0.30           0.45           0.50            -51.76        -65.40        68.40          0.49        0.59        0.64         -28.39         -42.92         47.08           -23.38        -22.48        21.32          
5.17  -0.132 0.383  -0.338 0.19           0.68           0.68            -0.83         -74.09        74.09          0.44        0.79        0.79         -0.35          -56.26         56.26           -0.48         -17.83        17.83          
5.20  -0.129 0.380  -0.321 0.10           0.50           0.51            -48.44        -82.82        82.89          0.32        0.59        0.59         -12.80         -57.98         58.24           -35.64        -24.84        24.65          
5.23  -0.123 0.377  -0.293 0.21           0.85           0.86            -25.16        -77.21        77.28          0.45        0.94        0.94         -11.41         -62.16         62.29           -13.75        -15.05        14.99          
5.27  -0.120 0.364  -0.290 0.40           0.16           0.42            -74.22        -46.12        74.83          0.53        0.38        0.54         -47.18         -17.59         48.36           -27.05        -28.53        26.48          
5.30  -0.111 0.359  -0.288 0.32           0.28           0.33            -32.79        -11.22        33.98          0.55        0.52        0.55         -18.49         -5.88          19.29           -14.30        -5.34         14.70          
5.33  -0.091 0.352  -0.280 0.63           0.63           0.67            -19.13        -20.57        27.07          0.87        0.87        0.90         -13.72         -14.80         19.79           -5.41         -5.77         7.28           
5.37  -0.070 0.355  -0.275 0.62           0.63           0.64            10.08         -15.16        17.96          0.87        0.88        0.88         7.19           -10.89         12.96           2.89          -4.27         5.00           
5.40  -0.064 0.365  -0.262 0.35           0.43           0.53            59.44         -65.67        70.25          0.52        0.58        0.65         35.14          -42.60         49.19           24.30         -23.08        21.07          
5.43  -0.064 0.389  -0.262 0.71           0.02           0.71            88.76         14.48         88.76          0.76        0.27        0.76         69.48          0.86           69.48           19.28         13.63         19.28          
5.47  -0.060 0.412  -0.250 0.70           0.37           0.79            81.21         -72.90        82.13          0.78        0.50        0.86         62.81          -44.38         65.35           18.40         -28.52        16.79          
5.50  -0.061 0.431  -0.264 0.57           0.40           0.69            93.64         95.10         92.96          0.60        0.46        0.73         69.22          61.95          72.82           24.42         33.15         20.14          
5.53  -0.066 0.449  -0.277 0.56           0.41           0.69            102.62        107.48        100.34         0.56        0.41        0.69         77.01          72.02          79.35           25.60         35.46         20.99          
5.57  -0.076 0.474  -0.285 0.79           0.39           0.83            112.88        141.29        111.79         0.73        0.25        0.77         94.44          102.93         94.21           18.44         38.36         17.58          
5.60  -0.097 0.503  -0.295 1.08           0.70           1.13            125.38        153.00        123.73         0.96        0.49        1.01         113.08         139.67         111.84          12.30         13.33         11.89          
5.63  -0.104 0.518  -0.305 0.51           0.36           0.59            115.49        127.53        112.05         0.47        0.29        0.55         86.48          84.34          87.01           29.00         43.19         25.04          
5.67  -0.128 0.529  -0.312 0.79           0.76           0.82            156.00        163.11        151.68         0.57        0.52        0.61         145.78         155.12         140.54          10.22         7.99          11.14          
5.70  -0.152 0.550  -0.337 0.95           1.03           1.20            139.11        134.24        126.67         0.78        0.87        1.07         126.97         122.41         115.89          12.14         11.83         10.78          
5.73  -0.173 0.560  -0.350 0.70           0.74           0.80            154.01        148.05        141.64         0.48        0.54        0.62         140.91         133.89         127.16          13.11         14.16         14.48          
5.77  -0.202 0.563  -0.367 0.87           1.01           1.02            175.06        148.64        148.38         0.62        0.81        0.82         173.08         139.42         139.13          1.98          9.22          9.25           
5.80  -0.231 0.572  -0.392 0.92           1.14           1.17            161.42        139.90        137.80         0.68        0.96        1.00         154.73         130.23         128.15          6.68          9.67          9.65           
5.83  -0.259 0.582  -0.401 0.91           0.90           0.95            160.74        162.01        154.50         0.68        0.67        0.73         153.74         155.37         146.04          7.00          6.64          8.46           
5.87  -0.285 0.565  -0.430 0.92           1.15           1.27            -145.88       131.50        127.19         0.73        1.01        1.13         -134.80        120.77         117.05          -11.07        10.73         10.14          
5.90  -0.314 0.548  -0.461 1.01           1.28           1.38            -149.40       132.59        128.92         0.80        1.12        1.24         -140.25        123.17         119.86          -9.15         9.42          9.06           
5.93  -0.333 0.540  -0.488 0.62           0.99           1.02            -158.89       125.71        124.71         0.40        0.87        0.90         -145.86        112.26         111.52          -13.03        13.46         13.19          
5.97  -0.353 0.526  -0.516 0.74           1.03           1.11            -145.23       126.12        123.06         0.55        0.90        1.00         -130.23        113.19         110.92          -15.00        12.92         12.14          
6.00  -0.374 0.524  -0.545 0.64           1.08           1.08            -174.42       126.11        126.04         0.39        0.95        0.95         -170.84        113.84         113.79          -3.58         12.27         12.25          
6.03  -0.393 0.523  -0.563 0.57           0.80           0.80            -175.18       135.70        135.60         0.32        0.64        0.64         -171.46        119.91         119.81          -3.72         15.80         15.78          
6.07  -0.410 0.502  -0.597 0.79           1.13           1.28            -129.30       116.53        113.08         0.66        1.04        1.21         -112.39        104.10         102.11          -16.91        12.43         10.98          
6.10  -0.421 0.480  -0.619 0.75           0.74           1.01            -115.75       116.02        108.93         0.68        0.67        0.95         -96.43         96.51          94.59           -19.31        19.50         14.35          
6.13  -0.430 0.467  -0.657 0.47           1.16           1.23            -124.95       103.42        102.72         0.39        1.13        1.20         -92.98         91.02          90.96           -31.97        12.40         11.76          
6.17  -0.451 0.467  -0.687 0.62           1.10           1.10            178.77        124.17        124.16         0.37        0.98        0.98         177.93         111.97         111.97          0.84          12.19         12.19          
6.20  -0.469 0.467  -0.709 0.54           0.84           0.84            -179.45       130.47        130.47         0.29        0.70        0.70         -178.98        114.69         114.69          -0.47         15.78         15.78          
6.23  -0.465 0.474  -0.751 0.22           1.27           1.28            59.89         84.94         85.00          0.41        1.31        1.33         28.03          74.00          74.17           31.86         10.94         10.82          
6.27  -0.478 0.465  -0.765 0.46           0.57           0.62            -146.76       132.58        128.21         0.29        0.44        0.51         -118.33        107.98         105.54          -28.44        24.60         22.67          
6.30  -0.488 0.461  -0.791 0.34           0.86           0.87            -157.74       111.24        111.00         0.14        0.80        0.81         -115.33        94.31          94.25           -42.41        16.93         16.75          
6.33  -0.494 0.456  -0.785 0.24           0.26           0.30            -141.50       -135.89       128.57         0.16        0.19        0.24         -66.80         -70.63         74.79           -74.70        -65.26        53.78          
6.37  -0.512 0.458  -0.772 0.52           0.65           0.65            172.82        -143.09       142.70         0.28        0.47        0.48         166.34         -124.63        124.26          6.47          -18.45        18.44          
6.40  -0.511 0.453  -0.744 0.15           0.83           0.85            -79.61        -88.12        88.15          0.31        0.88        0.89         -28.27         -71.61         71.88           -51.34        -16.51        16.27          
6.43  -0.512 0.447  -0.717 0.18           0.82           0.84            -101.56       -92.59        92.52          0.28        0.85        0.86         -40.31         -75.41         75.74           -61.24        -17.17        16.78          
6.47  -0.531 0.447  -0.684 0.59           1.16           1.16            178.88        -120.45       120.45         0.34        1.05        1.05         178.05         -108.62        108.62          0.83          -11.83        11.83          
6.50  -0.539 0.451  -0.655 0.24           0.89           0.89            156.84        -104.38       104.29         0.10        0.86        0.87         72.69          -88.04         88.05           84.14         -16.33        16.24          
6.53  -0.545 0.455  -0.631 0.22           0.74           0.75            139.61        -103.31       103.06         0.17        0.72        0.74         61.20          -83.69         83.81           78.41         -19.63        19.25          
6.57  -0.547 0.442  -0.593 0.40           1.14           1.20            -101.91       -94.20        93.96          0.43        1.14        1.21         -67.03         -81.61         82.07           -34.88        -12.58        11.89          
6.60  -0.556 0.438  -0.569 0.29           0.76           0.77            -154.01       -109.89       109.61         0.13        0.72        0.73         -94.35         -90.77         90.76           -59.66        -19.12        18.86          
6.63  -0.549 0.415  -0.547 0.73           0.71           1.00            -74.56        -74.15        78.80          0.83        0.82        1.08         -57.76         -57.05         65.68           -16.79        -17.10        13.12          
6.67  -0.547 0.401  -0.516 0.42           0.92           1.01            -78.51        -84.78        85.24          0.53        0.98        1.06         -51.03         -70.03         71.66           -27.48        -14.75        13.58          
6.70  -0.545 0.385  -0.503 0.47           0.38           0.60            -83.30        -81.69        84.77          0.56        0.48        0.67         -56.81         -50.86         62.98           -26.49        -30.83        21.78          
6.73  -0.532 0.362  -0.499 0.79           0.40           0.81            -61.60        -20.75        62.09          0.94        0.64        0.95         -48.04         -12.83         48.62           -13.56        -7.92         13.47          
6.77  -0.518 0.343  -0.492 0.70           0.46           0.73            -53.48        -26.26        55.18          0.87        0.70        0.90         -40.17         -17.14         41.95           -13.31        -9.12         13.23          
6.80  -0.502 0.320  -0.475 0.85           0.69           0.98            -55.02        -45.46        60.31          1.01        0.88        1.12         -43.31         -33.84         49.16           -11.71        -11.63        11.15          
6.83  -0.489 0.299  -0.475 0.76           0.40           0.76            -58.34        -2.53         58.35          0.91        0.65        0.91         -44.84         -1.55          44.85           -13.50        -0.98         13.50          
6.87  -0.474 0.279  -0.476 0.75           0.46           0.75            -52.15        2.79          52.17          0.93        0.71        0.93         -39.86         1.81           39.88           -12.29        0.98          12.29          
6.90  -0.458 0.266  -0.470 0.61           0.50           0.63            -39.76        -20.52        42.37          0.82        0.74        0.84         -28.49         -13.72         30.75           -11.27        -6.80         11.62          
6.93  -0.447 0.246  -0.475 0.67           0.36           0.69            -61.20        25.06         61.97          0.82        0.59        0.84         -45.78         14.79          46.69           -15.42        10.26         15.28          
6.97  -0.440 0.248  -0.469 0.22           0.28           0.28            9.93          -36.40        37.16          0.47        0.50        0.50         4.70           -19.11         19.60           5.23          -17.29        17.56          
7.00  -0.431 0.235  -0.465 0.47           0.31           0.49            -54.20        -26.48        55.83          0.65        0.54        0.66         -35.92         -14.59         37.59           -18.28        -11.89        18.24          
7.03  -0.423 0.207  -0.457 0.88           0.34           0.91            -74.51        -46.29        75.10          0.97        0.54        1.00         -60.18         -26.82         61.17           -14.34        -19.47        13.93          
7.07  -0.414 0.196  -0.454 0.42           0.28           0.43            -49.24        -14.89        49.96          0.61        0.53        0.62         -31.27         -7.92          31.92           -17.97        -6.96         18.04          
7.10  -0.413 0.205  -0.446 0.28           0.26           0.38            86.51         -86.24        87.44          0.38        0.37        0.46         45.93          -43.80         54.64           40.58         -42.45        32.80          
7.13  -0.398 0.194  -0.447 0.58           0.46           0.58            -37.60        4.86          37.77          0.79        0.71        0.79         -26.47         3.14           26.60           -11.13        1.71          11.16          
7.17  -0.390 0.197  -0.450 0.25           0.25           0.26            22.67         18.16         27.97          0.49        0.49        0.50         11.40          9.00           14.38           11.27         9.16          13.59          
7.20  -0.379 0.202  -0.454 0.36           0.35           0.38            25.67         24.07         33.27          0.59        0.59        0.61         15.11          14.09          20.24           10.56         9.98          13.04          
7.23  -0.375 0.208  -0.460 0.23           0.22           0.29            52.77         51.62         61.26          0.43        0.43        0.46         25.19          24.29          33.10           27.58         27.34         28.17          
7.27  -0.375 0.224  -0.479 0.47           0.57           0.74            92.52         92.11         91.62          0.53        0.61        0.77         64.13          67.91          72.71           28.39         24.20         18.91          
7.30  -0.371 0.241  -0.492 0.54           0.40           0.66            75.41         70.24         78.10          0.65        0.54        0.76         53.65          44.55          59.21           21.76         25.69         18.89          
7.33  -0.369 0.248  -0.507 0.20           0.46           0.50            69.91         81.27         81.94          0.37        0.55        0.59         30.74          54.77          56.93           39.17         26.50         25.01          
7.37  -0.377 0.267  -0.512 0.65           0.31           0.67            114.17        148.14        113.38         0.59        0.17        0.61         91.46          95.23          91.41           22.71         52.91         21.97          
7.40  -0.377 0.267  -0.522 0.02           0.28           0.28            -33.37        87.25         87.25          0.26        0.39        0.39         -1.95          47.10          47.12           -31.42        40.15         40.14          
7.43  -0.381 0.277  -0.534 0.31           0.38           0.47            110.95        106.88        103.37         0.32        0.39        0.48         63.75          68.66          72.97           47.19         38.22         30.40          
7.47  -0.388 0.289  -0.540 0.43           0.29           0.47            121.76        142.14        119.15         0.37        0.18        0.41         86.71          83.18          87.03           35.05         58.96         32.12          
7.50  -0.390 0.301  -0.545 0.36           0.16           0.38            98.83         110.37        98.15          0.40        0.24        0.43         60.90          36.92          62.82           37.92         73.46         35.33          
7.53  -0.391 0.313  -0.543 0.36           0.05           0.37            94.79         -125.03       94.76          0.42        0.22        0.43         58.74          -11.14         58.92           36.05         -113.89       35.84          
7.57  -0.395 0.322  -0.552 0.31           0.28           0.40            114.12        116.44        108.40         0.31        0.28        0.40         66.47          64.20          72.07           47.65         52.24         36.33          
7.60  -0.407 0.339  -0.551 0.62           0.34           0.62            123.23        -177.26       123.22         0.52        0.09        0.52         99.72          -169.63        99.72           23.51         -7.63         23.50          
7.63  -0.417 0.348  -0.553 0.39           0.30           0.39            140.65        171.21        140.16         0.25        0.07        0.26         101.75         137.82         101.55          38.90         33.40         38.61          
7.67  -0.429 0.346  -0.557 0.38           0.40           0.40            -173.93       162.20        161.31         0.14        0.18        0.19         -162.93        137.18         135.69          -10.99        25.01         25.62          
7.70  -0.441 0.343  -0.557 0.35           0.34           0.35            -163.79       178.76        163.75         0.13        0.09        0.13         -131.44        175.19         131.37          -32.35        3.57          32.38          
7.73  -0.452 0.344  -0.554 0.35           0.36           0.36            175.74        -167.48       166.82         0.10        0.13        0.13         165.30         -142.00        140.51          10.44         -25.48        26.31          
7.77  -0.475 0.346  -0.546 0.69           0.74           0.74            173.50        -159.13       158.30         0.45        0.51        0.52         169.86         -149.08        147.99          3.64          -10.04        10.30          
7.80  -0.490 0.355  -0.532 0.51           0.61           0.66            150.71        -137.59       133.01         0.32        0.45        0.52         128.25         -115.83        112.42          22.46         -21.75        20.59          
7.83  -0.498 0.356  -0.509 0.24           0.74           0.74            168.82        -108.92       108.88         0.05        0.70        0.70         77.77          -89.16         89.16           91.06         -19.76        19.72          
7.87  -0.507 0.353  -0.496 0.29           0.48           0.49            -162.33       -125.55       124.87         0.09        0.39        0.40         -108.58        -94.38         94.27           -53.75        -31.18        30.60          
7.90  -0.521 0.350  -0.486 0.41           0.49           0.49            -167.35       -145.25       143.90         0.17        0.31        0.33         -148.95        -118.26        117.08          -18.40        -26.99        26.82          
7.93  -0.515 0.350  -0.475 0.17           0.38           0.38            -5.69         -64.06        64.09          0.42        0.54        0.54         -2.27          -39.24         39.28           -3.42         -24.82        24.81          
7.97  -0.516 0.350  -0.463 0.04           0.37           0.37            163.08        -95.34        95.34          0.22        0.42        0.42         2.74           -59.32         59.33           160.33        -36.01        36.00          
8.00  -0.517 0.346  -0.443 0.12           0.60           0.61            -97.01        -91.35        91.33          0.26        0.64        0.65         -26.03         -68.51         68.86           -70.98        -22.85        22.47          
8.03  -0.515 0.333  -0.435 0.40           0.24           0.46            -80.61        -74.08        81.86          0.50        0.39        0.55         -51.24         -35.83         55.21           -29.37        -38.24        26.64          
8.07  -0.507 0.330  -0.419 0.26           0.56           0.57            -19.72        -64.40        64.72          0.50        0.71        0.71         -10.00         -45.76         46.18           -9.72         -18.64        18.54          
8.10  -0.497 0.327  -0.409 0.29           0.39           0.41            -18.57        -45.16        46.67          0.54        0.60        0.61         -10.04         -27.92         29.19           -8.53         -17.24        17.48          
8.13  -0.485 0.304  -0.391 0.78           0.64           0.94            -62.71        -56.44        67.84          0.92        0.81        1.06         -48.71         -41.53         55.27           -14.00        -14.92        12.58          
8.17  -0.475 0.299  -0.382 0.35           0.43           0.46            -28.33        -43.18        47.26          0.59        0.63        0.65         -16.64         -27.49         30.96           -11.69        -15.70        16.30          
8.20  -0.464 0.297  -0.373 0.35           0.43           0.43            -6.90         -35.78        36.16          0.60        0.65        0.65         -4.01          -22.69         22.98           -2.88         -13.09        13.18          
8.23  -0.450 0.286  -0.382 0.53           0.48           0.58            -38.53        31.13         44.98          0.74        0.71        0.78         -26.34         20.59          31.86           -12.18        10.54         13.12          
8.27  -0.428 0.277  -0.372 0.73           0.73           0.79            -23.28        -23.81        31.65          0.96        0.96        1.01         -17.39         -17.80         24.16           -5.89         -6.01         7.49           
8.30  -0.409 0.274  -0.364 0.56           0.61           0.61            -7.39         -23.17        24.10          0.81        0.84        0.85         -5.12          -16.48         17.18           -2.27         -6.69         6.92           
8.33  -0.395 0.268  -0.364 0.46           0.42           0.46            -25.11        2.79          25.23          0.69        0.67        0.70         -16.33         1.75           16.41           -8.78         1.05          8.82           
8.37  -0.380 0.277  -0.370 0.54           0.49           0.56            31.11         19.61         35.02          0.76        0.73        0.78         21.38          13.02          24.45           9.73          6.59          10.57          
8.40  -0.363 0.282  -0.372 0.52           0.50           0.52            15.73         5.94          16.72          0.76        0.75        0.77         10.64          3.97           11.32           5.09          1.97          5.39           
8.43  -0.353 0.283  -0.374 0.31           0.32           0.32            5.04          13.35         14.20          0.56        0.57        0.57         2.81           7.51           8.01            2.24          5.84          6.20           
8.47  -0.340 0.283  -0.379 0.38           0.41           0.41            2.65          22.21         22.34          0.63        0.65        0.65         1.60           13.87          13.96           1.05          8.34          8.38           
8.50  -0.330 0.280  -0.389 0.32           0.41           0.42            -21.04        43.98         46.09          0.56        0.61        0.62         -11.75         27.54          29.31           -9.30         16.44         16.78          
8.53  -0.315 0.282  -0.403 0.45           0.61           0.62            9.70          43.28         43.75          0.70        0.81        0.82         6.25           31.09          31.50           3.45          12.19         12.24          
8.57  -0.308 0.291  -0.406 0.34           0.24           0.35            48.77         21.51         50.36          0.54        0.48        0.54         28.28          10.53          29.65           20.48         10.98         20.71          
8.60  -0.296 0.287  -0.409 0.38           0.38           0.40            -18.08        17.09         24.15          0.62        0.62        0.63         -10.93         10.31          14.86           -7.15         6.78          9.30           
8.63  -0.286 0.281  -0.412 0.33           0.29           0.35            -32.85        17.53         35.71          0.56        0.54        0.57         -18.84         9.48           20.80           -14.00        8.05          14.90          
8.67  -0.276 0.275  -0.415 0.35           0.31           0.36            -31.65        15.02         33.92          0.58        0.55        0.58         -18.51         8.29           20.06           -13.14        6.73          13.85          
8.70  -0.266 0.261  -0.416 0.52           0.33           0.52            -51.35        6.24          51.46          0.70        0.58        0.71         -35.27         3.54           35.37           -16.08        2.70          16.09          
8.73  -0.247 0.239  -0.395 0.85           0.84           1.06            -49.66        -48.97        58.71          1.03        1.02        1.21         -38.99         -38.31         48.52           -10.67        -10.67        10.19          
8.77  -0.233 0.233  -0.386 0.46           0.49           0.53            -25.89        -32.35        38.59          0.70        0.72        0.74         -16.88         -21.60         26.51           -9.02         -10.76        12.09          
8.80  -0.230 0.230  -0.372 0.13           0.45           0.45            -38.24        -77.30        77.49          0.36        0.56        0.56         -12.54         -51.39         51.82           -25.70        -25.91        25.67          
8.83  -0.219 0.219  -0.347 0.46           0.81           0.88            -45.79        -66.67        68.48          0.66        0.94        1.00         -30.07         -52.57         55.02           -15.71        -14.10        13.47          
8.87  -0.212 0.218  -0.323 0.21           0.74           0.74            -5.64         -73.34        73.35          0.46        0.85        0.85         -2.59          -56.88         56.89           -3.05         -16.46        16.46          
8.90  -0.205 0.225  -0.304 0.29           0.62           0.66            43.43         -70.03        71.04          0.51        0.75        0.77         23.54          -51.70         53.25           19.89         -18.33        17.79          
8.93  -0.196 0.227  -0.288 0.27           0.54           0.54            9.79          -60.82        60.93          0.52        0.70        0.70         5.06           -42.60         42.73           4.73          -18.22        18.20          
8.97  -0.185 0.232  -0.280 0.39           0.43           0.46            25.86         -34.70        40.21          0.63        0.65        0.67         15.86          -22.09         26.35           10.00         -12.61        13.85          
9.00  -0.172 0.236  -0.269 0.38           0.49           0.50            14.89         -41.08        42.35          0.63        0.70        0.70         9.00           -27.44         28.49           5.89          -13.65        13.86          
9.03  -0.156 0.231  -0.273 0.52           0.51           0.53            -15.85        11.62         19.32          0.76        0.76        0.77         -10.72         7.81           13.16           -5.13         3.81          6.16           
9.07  -0.140 0.231  -0.274 0.46           0.47           0.47            1.51          6.11          6.29           0.71        0.72        0.72         0.98           3.98           4.10            0.53          2.13          2.19           
9.10  -0.129 0.235  -0.273 0.36           0.35           0.36            17.22         -4.17         17.66          0.61        0.60        0.61         10.22          -2.43          10.49           7.00          -1.74         7.17           
9.13  -0.115 0.233  -0.272 0.39           0.40           0.40            -7.02         -8.17         10.71          0.64        0.64        0.65         -4.30          -5.01          6.58            -2.72         -3.16         4.12           
9.17  -0.115 0.246  -0.272 0.38           0.02           0.38            86.41         5.43          86.41          0.47        0.27        0.47         54.39          0.48           54.39           32.02         4.95          32.02          
9.20  -0.106 0.260  -0.273 0.50           0.25           0.50            60.06         8.38          60.15          0.66        0.50        0.66         40.82          4.19           40.92           19.24         4.19          19.23          
