time  x      y      z      groundspeedxy  groundspeedxz  groundspeedxyz  trackanglexy  trackanglexz  trackanglexyz  airspeedxy  airspeedxz  airspeedxyz  courseanglexy  courseanglexz  courseanglexyz  driftanglexy  driftanglexz  driftanglexyz  
0.00  -1.329 0.335  -0.510 
0.03  -1.322 0.328  -0.471 0.27           1.20           1.21            -45.08        -80.74        80.86          0.48        1.26        1.28         -23.58         -69.46         69.71           -21.51        -11.28        11.15          
0.07  -1.317 0.328  -0.436 0.17           1.05           1.05            -6.47         -80.75        80.76          0.42        1.11        1.11         -2.61          -67.96         67.97           -3.86         -12.79        12.79          
0.10  -1.311 0.327  -0.406 0.17           0.93           0.93            -2.06         -79.21        79.21          0.42        1.01        1.01         -0.85          -65.10         65.10           -1.21         -14.11        14.11          
0.13  -1.299 0.322  -0.379 0.40           0.90           0.92            -24.59        -65.98        66.42          0.64        1.03        1.04         -15.22         -53.14         53.70           -9.37         -12.84        12.71          
0.17  -1.274 0.316  -0.357 0.77           0.99           1.00            -12.18        -40.27        41.17          1.02        1.19        1.20         -9.21          -32.48         33.30           -2.97         -7.80         7.87           
0.20  -1.257 0.312  -0.349 0.53           0.57           0.59            -14.44        -26.12        28.98          0.78        0.81        0.82         -9.83          -18.26         20.44           -4.61         -7.86         8.54           
0.23  -1.228 0.317  -0.347 0.88           0.87           0.88            9.39          -2.91         9.82           1.13        1.12        1.13         7.32           -2.26          7.65            2.08          -0.65         2.17           
0.27  -1.205 0.327  -0.351 0.76           0.70           0.77            24.60         9.51          25.99          0.99        0.95        1.00         18.57          7.01           19.68           6.03          2.50          6.31           
0.30  -1.181 0.330  -0.360 0.72           0.77           0.77            7.37          20.66         21.74          0.97        1.00        1.01         5.48           15.62          16.47           1.89          5.04          5.27           
0.33  -1.155 0.333  -0.378 0.79           0.94           0.95            6.42          33.98         34.34          1.04        1.16        1.16         4.88           27.05          27.37           1.55          6.93          6.97           
0.37  -1.120 0.339  -0.401 1.05           1.24           1.25            10.19         33.63         34.57          1.29        1.45        1.46         8.23           28.16          29.01           1.96          5.47          5.56           
0.40  -1.095 0.332  -0.417 0.78           0.89           0.92            -16.26        33.07         35.51          1.02        1.11        1.13         -12.33         26.02          28.14           -3.92         7.05          7.36           
0.43  -1.075 0.319  -0.432 0.74           0.77           0.87            -32.76        35.92         44.10          0.96        0.98        1.06         -24.66         27.34          34.66           -8.10         8.59          9.44           
0.47  -1.045 0.297  -0.446 1.10           0.99           1.19            -36.06        26.03         41.24          1.31        1.22        1.38         -29.63         20.89          34.41           -6.43         5.15          6.84           
0.50  -1.023 0.273  -0.460 0.98           0.78           1.05            -46.76        30.65         50.60          1.16        1.00        1.23         -37.75         23.34          41.55           -9.01         7.31          9.04           
0.53  -0.995 0.239  -0.462 1.31           0.82           1.32            -51.48        5.04          51.55          1.48        1.07        1.48         -43.90         3.87           43.97           -7.58         1.18          7.58           
0.57  -0.967 0.212  -0.452 1.19           0.90           1.22            -44.05        -19.27        45.81          1.38        1.14        1.41         -36.80         -15.13         38.50           -7.25         -4.14         7.31           
0.60  -0.930 0.188  -0.440 1.30           1.15           1.35            -32.96        -17.98        35.95          1.52        1.39        1.56         -27.82         -14.80         30.55           -5.14         -3.19         5.40           
0.63  -0.896 0.179  -0.419 1.08           1.23           1.26            -14.29        -31.69        33.74          1.32        1.45        1.47         -11.61         -26.49         28.33           -2.67         -5.20         5.41           
0.67  -0.856 0.167  -0.397 1.23           1.35           1.40            -17.06        -29.46        32.73          1.47        1.57        1.61         -14.20         -24.97         27.92           -2.86         -4.49         4.81           
0.70  -0.816 0.153  -0.371 1.27           1.43           1.50            -19.48        -33.10        36.56          1.51        1.65        1.70         -16.32         -28.35         31.55           -3.16         -4.75         5.02           
0.73  -0.783 0.136  -0.345 1.13           1.26           1.36            -26.73        -37.05        42.22          1.36        1.47        1.55         -21.98         -31.17         36.02           -4.76         -5.88         6.20           
0.77  -0.740 0.126  -0.315 1.31           1.56           1.59            -12.67        -35.28        36.59          1.55        1.77        1.80         -10.65         -30.61         31.83           -2.02         -4.67         4.76           
0.80  -0.710 0.132  -0.283 0.93           1.33           1.34            9.70          -46.78        47.15          1.17        1.52        1.52         7.64           -39.88         40.24           2.05          -6.90         6.90           
0.83  -0.689 0.137  -0.244 0.65           1.32           1.33            15.30         -61.95        62.20          0.89        1.46        1.47         11.05          -53.25         53.53           4.26          -8.70         8.66           
0.87  -0.656 0.139  -0.198 0.99           1.70           1.70            2.36          -54.46        54.47          1.24        1.86        1.86         1.88           -48.17         48.18           0.48          -6.29         6.29           
0.90  -0.637 0.141  -0.150 0.58           1.55           1.55            8.18          -68.17        68.20          0.83        1.66        1.66         5.72           -60.13         60.17           2.45          -8.04         8.03           
0.93  -0.623 0.149  -0.102 0.48           1.49           1.50            27.71         -73.25        73.45          0.71        1.58        1.59         18.35          -64.52         64.79           9.36          -8.73         8.65           
0.97  -0.600 0.171  -0.071 0.94           1.16           1.33            43.14         -53.51        58.70          1.14        1.32        1.47         34.52          -44.77         50.36           8.63          -8.74         8.34           
1.00  -0.584 0.189  -0.039 0.73           1.08           1.22            50.24         -64.23        67.33          0.92        1.21        1.34         38.12          -53.51         57.39           12.12         -10.72        9.94           
1.03  -0.564 0.199  -0.006 0.66           1.14           1.17            25.72         -58.65        59.69          0.89        1.29        1.32         18.72          -49.10         50.27           7.00          -9.55         9.42           
1.07  -0.552 0.217  0.002  0.65           0.44           0.69            56.54         -35.13        59.07          0.81        0.66        0.85         41.66          -22.47         44.46           14.88         -12.66        14.61          
1.10  -0.535 0.248  0.025  1.06           0.85           1.26            60.92         -52.78        65.83          1.20        1.02        1.38         50.43          -41.54         56.31           10.48         -11.23        9.52           
1.13  -0.531 0.282  0.033  1.05           0.28           1.08            82.91         -62.08        83.10          1.11        0.45        1.13         69.95          -32.74         70.44           12.96         -29.34        12.66          
1.17  -0.535 0.316  0.015  1.01           0.55           1.15            97.79         104.47        96.89          1.01        0.54        1.14         83.61          78.06          84.34           14.19         26.41         12.55          
1.20  -0.536 0.332  -0.005 0.49           0.59           0.76            93.10         92.57         91.98          0.54        0.63        0.80         65.36          69.18          73.68           27.74         23.38         18.29          
1.23  -0.544 0.354  -0.040 0.69           1.08           1.26            110.34        102.90        101.03         0.65        1.05        1.23         89.14          89.47          89.55           21.20         13.43         11.48          
1.27  -0.576 0.372  -0.073 1.09           1.38           1.48            150.60        133.46        129.89         0.88        1.22        1.33         142.59         124.92         121.63          8.01          8.54          8.26           
1.30  -0.597 0.382  -0.101 0.70           1.04           1.09            153.83        127.08        125.31         0.49        0.91        0.96         140.75         114.44         113.08          13.08         12.63         12.23          
1.33  -0.630 0.387  -0.144 1.00           1.64           1.65            171.39        127.14        126.96         0.76        1.51        1.51         168.56         119.54         119.38          2.83          7.60          7.58           
1.37  -0.652 0.384  -0.189 0.66           1.51           1.51            -173.09       115.86        115.82         0.41        1.41        1.42         -168.93        106.71         106.68          -4.16         9.15          9.14           
1.40  -0.669 0.387  -0.235 0.53           1.46           1.47            170.25        110.85        110.81         0.29        1.39        1.40         161.71         101.20         101.18          8.54          9.65          9.63           
1.43  -0.684 0.384  -0.275 0.44           1.26           1.26            -167.21       109.99        109.92         0.21        1.20        1.20         -151.59        98.68          98.65           -15.61        11.31         11.27          
1.47  -0.682 0.375  -0.330 0.28           1.66           1.68            -77.29        87.89         87.91          0.41        1.69        1.71         -41.10         79.37          79.51           -36.19        8.51          8.41           
1.50  -0.669 0.363  -0.370 0.51           1.27           1.32            -44.83        73.26         73.92          0.71        1.36        1.41         -30.53         63.11          64.08           -14.30        10.15         9.84           
1.53  -0.650 0.354  -0.415 0.63           1.45           1.48            -25.14        66.71         67.12          0.87        1.57        1.59         -18.10         58.29          58.80           -7.03         8.42          8.32           
1.57  -0.624 0.343  -0.468 0.84           1.78           1.81            -21.66        64.07         64.48          1.08        1.91        1.93         -16.73         57.30          57.77           -4.92         6.77          6.71           
1.60  -0.605 0.330  -0.516 0.70           1.56           1.61            -36.07        68.61         69.36          0.92        1.67        1.72         -26.84         60.58          61.53           -9.23         8.03          7.83           
1.63  -0.581 0.337  -0.556 0.76           1.39           1.41            15.73         58.35         58.73          1.00        1.54        1.55         11.85          50.41          50.83           3.87          7.94          7.90           
1.67  -0.560 0.333  -0.601 0.64           1.47           1.48            -8.91         64.73         64.79          0.88        1.60        1.60         -6.40          56.60          56.67           -2.51         8.14          8.13           
1.70  -0.530 0.324  -0.625 0.93           1.16           1.19            -18.21        40.24         42.23          1.17        1.36        1.39         -14.38         33.41          35.29           -3.82         6.82          6.94           
1.73  -0.502 0.317  -0.648 0.86           1.08           1.10            -13.02        39.04         40.14          1.11        1.29        1.30         -10.11         32.01          33.03           -2.91         7.03          7.12           
1.77  -0.487 0.315  -0.664 0.47           0.65           0.66            -9.11         45.33         45.68          0.71        0.85        0.85         -5.93          33.24          33.56           -3.18         12.09         12.12          
1.80  -0.473 0.337  -0.663 0.79           0.43           0.79            57.25         -2.15         57.26          0.95        0.68        0.95         44.49          -1.36          44.50           12.76         -0.79         12.76          
1.83  -0.465 0.350  -0.654 0.47           0.38           0.55            57.95         -48.68        62.98          0.64        0.57        0.70         38.53          -29.56         44.36           19.42         -19.12        18.62          
1.87  -0.454 0.361  -0.645 0.46           0.43           0.54            44.71         -39.56        52.20          0.66        0.64        0.72         29.32          -25.12         36.19           15.38         -14.44        16.01          
1.90  -0.451 0.376  -0.632 0.47           0.39           0.60            80.67         -78.72        82.77          0.57        0.50        0.68         54.80          -49.41         61.43           25.87         -29.31        21.35          
1.93  -0.459 0.397  -0.619 0.67           0.46           0.77            110.91        -121.59       107.98         0.63        0.39        0.74         89.00          -88.39         89.15           21.92         -33.20        18.83          
1.97  -0.473 0.419  -0.607 0.77           0.54           0.84            122.78        -139.78       119.49         0.67        0.39        0.75         104.38         -115.22        102.69          18.40         -24.57        16.80          
2.00  -0.484 0.435  -0.596 0.60           0.49           0.69            124.98        -134.47       119.67         0.50        0.36        0.61         100.74         -104.91        98.78           24.24         -29.56        20.89          
2.03  -0.510 0.454  -0.582 0.96           0.88           1.05            142.81        -150.94       136.75         0.78        0.67        0.88         131.58         -140.46        125.59          11.23         -10.48        11.16          
2.07  -0.527 0.467  -0.563 0.63           0.75           0.83            143.96        -132.58       127.37         0.45        0.61        0.71         124.82         -114.94        111.14          19.13         -17.64        16.24          
2.10  -0.547 0.477  -0.541 0.68           0.90           0.95            152.59        -132.60       129.69         0.48        0.75        0.81         138.58         -118.40        116.01          14.01         -14.21        13.68          
2.13  -0.568 0.489  -0.521 0.72           0.88           0.94            151.06        -135.80       131.80         0.51        0.72        0.80         137.42         -121.76        118.28          13.64         -14.05        13.51          
2.17  -0.574 0.502  -0.500 0.44           0.65           0.77            112.72        -105.04       102.74         0.41        0.64        0.75         78.75          -82.72         83.87           33.97         -22.32        18.88          
2.20  -0.582 0.503  -0.477 0.26           0.73           0.73            174.89        -111.07       111.05         0.03        0.68        0.68         114.53         -90.90         90.90           60.35         -20.17        20.15          
2.23  -0.586 0.514  -0.445 0.36           0.97           1.03            107.33        -96.34        95.97          0.37        0.98        1.04         67.51          -81.62         82.10           39.82         -14.72        13.87          
2.27  -0.586 0.513  -0.413 0.05           0.97           0.97            -102.93       -90.61        90.61          0.24        1.00        1.00         -10.62         -76.09         76.11           -92.31        -14.52        14.50          
2.30  -0.591 0.531  -0.380 0.55           1.00           1.13            106.80        -99.25        98.16          0.54        0.99        1.12         80.41          -84.79         85.41           26.39         -14.47        12.75          
2.33  -0.600 0.532  -0.344 0.25           1.11           1.11            173.40        -103.11       103.10         0.03        1.08        1.08         94.28          -90.12         90.12           79.13         -12.99        12.99          
2.37  -0.587 0.532  -0.299 0.38           1.41           1.41            2.18          -74.37        74.37          0.63        1.50        1.50         1.32           -65.11         65.12           0.87          -9.25         9.25           
2.40  -0.595 0.548  -0.264 0.52           1.05           1.15            115.23        -102.10       101.04         0.47        1.03        1.13         86.47          -88.39         88.54           28.76         -13.70        12.50          
2.43  -0.601 0.549  -0.221 0.20           1.31           1.31            169.17        -98.69        98.69          0.06        1.29        1.29         35.86          -87.68         87.68           133.30        -11.01        11.01          
2.47  -0.606 0.560  -0.194 0.37           0.83           0.90            110.92        -99.17        98.46          0.36        0.82        0.89         71.04          -81.74         82.39           39.88         -17.43        16.07          
2.50  -0.619 0.563  -0.153 0.41           1.31           1.31            169.47        -108.20       108.17         0.18        1.25        1.25         154.34         -97.25         97.24           15.13         -10.95        10.93          
2.53  -0.620 0.581  -0.118 0.53           1.03           1.15            93.59         -91.84        91.64          0.57        1.05        1.17         67.57          -78.06         79.35           26.01         -13.77        12.29          
2.57  -0.620 0.592  -0.087 0.34           0.93           0.99            90.20         -90.07        90.07          0.42        0.97        1.02         53.84          -75.09         75.95           36.37         -14.99        14.12          
2.60  -0.627 0.607  -0.054 0.50           1.01           1.11            114.57        -101.97       100.89         0.46        0.99        1.09         84.89          -87.62         87.84           29.69         -14.35        13.04          
2.63  -0.633 0.634  -0.029 0.82           0.78           1.12            101.91        -102.50       98.69          0.81        0.77        1.11         84.23          -83.94         85.82           17.68         -18.56        12.87          
2.67  -0.647 0.660  -0.006 0.90           0.81           1.14            117.76        -121.25       111.68         0.82        0.71        1.07         102.02         -103.79        99.14           15.74         -17.46        12.55          
2.70  -0.648 0.692  -0.003 0.94           0.10           0.95            91.21         -101.90       91.20          0.97        0.25        0.97         76.25          -22.24         76.32           14.96         -79.66        14.89          
2.73  -0.640 0.709  0.001  0.56           0.25           0.57            66.72         -29.12        67.30          0.69        0.49        0.71         47.41          -14.61         48.20           19.31         -14.51        19.09          
2.77  -0.641 0.742  -0.008 1.00           0.28           1.04            90.54         91.94         90.52          1.03        0.37        1.07         76.52          49.45          77.00           14.02         42.49         13.52          
2.80  -0.656 0.763  -0.026 0.78           0.72           0.95            126.09        129.90        118.79         0.66        0.59        0.86         108.37         110.85         104.05          17.72         19.05         14.73          
2.83  -0.667 0.791  -0.059 0.88           1.03           1.31            111.63        108.53        104.36         0.83        0.98        1.28         95.27          94.46          93.41           16.36         14.07         10.95          
2.87  -0.684 0.807  -0.086 0.70           0.95           1.06            136.61        122.18        118.40         0.54        0.84        0.97         118.17         107.67         105.31          18.44         14.51         13.09          
2.90  -0.700 0.827  -0.120 0.78           1.14           1.29            129.51        115.96        112.74         0.65        1.05        1.21         112.33         103.63         101.79          17.18         12.33         10.95          
2.93  -0.719 0.823  -0.146 0.59           0.97           0.98            -170.42       126.53        126.32         0.34        0.85        0.85         -163.46        112.82         112.66          -6.96         13.71         13.65          
2.97  -0.733 0.821  -0.180 0.41           1.11           1.11            -170.98       111.52        111.48         0.17        1.04        1.04         -157.51        98.60          98.58           -13.47        12.92         12.90          
3.00  -0.748 0.807  -0.210 0.61           1.00           1.09            -136.57       116.41        114.20         0.46        0.92        1.01         -114.85        102.29         101.15          -21.71        14.12         13.05          
3.03  -0.761 0.803  -0.247 0.41           1.17           1.18            -161.91       109.15        109.04         0.18        1.12        1.12         -137.03        96.94          96.90           -24.88        12.21         12.14          
3.07  -0.762 0.765  -0.281 1.14           1.04           1.54            -92.57        92.82         91.90          1.16        1.06        1.56         -80.12         79.19          82.67           -12.46        13.63         9.24           
3.10  -0.774 0.756  -0.311 0.46           0.97           1.01            -141.98       111.82        110.91         0.30        0.91        0.95         -111.32        96.97          96.65           -30.66        14.86         14.26          
3.13  -0.770 0.720  -0.369 1.08           1.74           2.04            -82.42        85.29         85.99          1.14        1.78        2.08         -69.89         77.23          79.09           -12.53        8.06          6.90           
3.17  -0.778 0.691  -0.427 0.92           1.74           1.95            -105.81       98.23         97.34          0.88        1.73        1.94         -89.97         89.98          89.99           -15.84        8.24          7.35           
3.20  -0.775 0.665  -0.454 0.77           0.83           1.12            -82.57        83.11         84.93          0.84        0.89        1.17         -65.34         66.95          72.67           -17.23        16.16         12.27          
3.23  -0.766 0.642  -0.487 0.74           1.04           1.24            -68.40        74.84         77.40          0.86        1.13        1.32         -52.74         62.49          66.74           -15.67        12.35         10.65          
3.27  -0.756 0.606  -0.533 1.11           1.41           1.77            -75.64        78.67         81.03          1.20        1.47        1.83         -64.00         69.10          73.26           -11.64        9.57          7.77           
3.30  -0.749 0.590  -0.567 0.54           1.04           1.15            -64.75        77.11         78.37          0.69        1.12        1.22         -45.51         64.52          66.79           -19.24        12.59         11.58          
3.33  -0.735 0.563  -0.607 0.91           1.26           1.50            -62.67        70.67         73.81          1.05        1.36        1.59         -50.43         60.71          65.10           -12.24        9.96          8.71           
3.37  -0.723 0.537  -0.640 0.86           1.06           1.32            -66.73        71.26         75.08          0.99        1.16        1.40         -53.25         59.50          65.18           -13.48        11.76         9.91           
3.40  -0.709 0.512  -0.665 0.86           0.88           1.15            -59.06        59.82         67.35          1.01        1.03        1.27         -46.84         47.70          56.85           -12.23        12.12         10.49          
3.43  -0.689 0.487  -0.689 0.95           0.91           1.18            -52.48        50.58         60.70          1.12        1.09        1.32         -42.28         40.34          51.21           -10.20        10.23         9.49           
3.47  -0.679 0.446  -0.713 1.27           0.78           1.45            -75.76        66.35         77.61          1.35        0.91        1.52         -65.41         51.71          68.40           -10.35        14.64         9.21           
3.50  -0.674 0.429  -0.723 0.54           0.35           0.63            -73.44        64.18         75.79          0.66        0.51        0.73         -52.08         38.26          56.43           -21.36        25.91         19.36          
3.53  -0.661 0.402  -0.719 0.88           0.41           0.89            -63.80        -19.35        64.13          1.02        0.65        1.03         -51.08         -12.08         51.49           -12.72        -7.27         12.64          
3.57  -0.669 0.384  -0.693 0.60           0.82           0.98            -113.92       -107.22       104.25         0.55        0.78        0.95         -89.14         -89.40         89.51           -24.78        -17.81        14.74          
3.60  -0.666 0.355  -0.670 0.87           0.70           1.11            -83.77        -82.24        85.13          0.93        0.77        1.16         -68.31         -63.59         72.75           -15.46        -18.65        12.38          
3.63  -0.658 0.334  -0.641 0.68           0.90           1.10            -68.98        -74.30        77.22          0.80        1.00        1.18         -52.06         -60.31         65.29           -16.91        -13.99        11.93          
3.67  -0.672 0.318  -0.606 0.65           1.12           1.22            -131.85       -112.71       110.77         0.51        1.05        1.15         -110.65        -99.98         99.06           -21.21        -12.73        11.70          
3.70  -0.677 0.291  -0.567 0.83           1.18           1.44            -100.76       -97.53        96.19          0.82        1.18        1.43         -83.35         -85.36         86.19           -17.40        -12.16        10.00          
3.73  -0.695 0.283  -0.523 0.58           1.41           1.44            -154.07       -111.62       111.26         0.37        1.34        1.37         -136.93        -101.65        101.44          -17.13        -9.97         9.82           
3.77  -0.713 0.259  -0.481 0.90           1.39           1.56            -127.85       -113.60       110.85         0.78        1.31        1.49         -113.13        -103.50        101.82          -14.72        -10.09        9.02           
3.80  -0.734 0.249  -0.446 0.69           1.23           1.26            -155.11       -120.89       119.97         0.48        1.12        1.16         -142.43        -109.85        109.18          -12.67        -11.05        10.79          
3.83  -0.741 0.234  -0.394 0.50           1.58           1.64            -114.38       -97.45        97.16          0.45        1.57        1.63         -84.31         -88.35         88.42           -30.07        -9.10         8.75           
3.87  -0.755 0.237  -0.358 0.43           1.15           1.15            167.68        -111.75       111.67         0.20        1.08        1.08         152.01         -99.31         99.27           15.67         -12.44        12.40          
3.90  -0.771 0.229  -0.329 0.54           0.99           1.02            -153.48       -119.09       118.20         0.34        0.90        0.93         -134.05        -105.03        104.51          -19.44        -14.06        13.69          
3.93  -0.779 0.201  -0.282 0.88           1.43           1.66            -105.97       -99.76        98.39          0.85        1.41        1.65         -89.51         -89.71         89.75           -16.46        -10.05        8.64           
3.97  -0.791 0.202  -0.256 0.35           0.87           0.87            174.60        -114.03       114.01         0.11        0.80        0.80         162.01         -97.39         97.39           12.59         -16.64        16.62          
4.00  -0.794 0.203  -0.231 0.09           0.76           0.76            158.05        -96.02        96.01          0.17        0.77        0.77         10.66          -77.28         77.29           147.40        -18.74        18.72          
4.03  -0.796 0.179  -0.184 0.71           1.41           1.58            -95.66        -92.85        92.55          0.73        1.42        1.59         -75.77         -82.73         83.50           -19.88        -10.12        9.05           
4.07  -0.799 0.181  -0.154 0.09           0.89           0.89            158.56        -95.70        95.69          0.17        0.90        0.90         12.08          -79.62         79.63           146.49        -16.08        16.07          
4.10  -0.784 0.175  -0.129 0.47           0.89           0.90            -21.29        -60.20        60.80          0.71        1.04        1.05         -13.97         -48.10         48.79           -7.32         -12.10        12.00          
4.13  -0.770 0.162  -0.091 0.57           1.20           1.26            -42.55        -69.44        70.47          0.77        1.30        1.36         -29.91         -59.10         60.49           -12.64        -10.34        9.98           
4.17  -0.751 0.164  -0.069 0.57           0.87           0.88            5.63          -49.55        49.65          0.82        1.05        1.05         3.91           -39.14         39.24           1.72          -10.41        10.41          
4.20  -0.742 0.165  -0.057 0.29           0.47           0.47            8.48          -51.93        52.12          0.54        0.66        0.66         4.58           -34.46         34.64           3.90          -17.47        17.48          
4.23  -0.730 0.157  -0.065 0.43           0.42           0.49            -35.74        33.54         44.38          0.65        0.65        0.69         -22.83         21.19          29.78           -12.92        12.35         14.60          
4.27  -0.712 0.143  -0.075 0.66           0.62           0.74            -37.67        31.68         44.66          0.87        0.84        0.93         -27.60         22.68          33.79           -10.07        9.00          10.87          
4.30  -0.710 0.133  -0.095 0.33           0.58           0.66            -76.72        82.50         83.44          0.46        0.66        0.74         -44.61         60.51          63.72           -32.10        21.99         19.72          
4.33  -0.700 0.104  -0.121 0.89           0.84           1.19            -71.18        69.92         76.00          1.00        0.95        1.27         -57.51         55.67          65.03           -13.67        14.25         10.98          
4.37  -0.683 0.118  -0.144 0.65           0.87           0.96            38.19         53.81         57.62          0.86        1.03        1.11         27.86          42.56          46.66           10.34         11.25         10.97          
4.40  -0.667 0.109  -0.167 0.56           0.85           0.88            -27.20        53.75         55.55          0.79        1.01        1.05         -18.91         42.28          44.18           -8.29         11.47         11.37          
4.43  -0.648 0.105  -0.195 0.58           1.00           1.01            -14.20        56.03         56.41          0.82        1.16        1.17         -9.93          45.75          46.16           -4.27         10.28         10.25          
4.47  -0.613 0.096  -0.217 1.09           1.26           1.28            -13.97        32.26         34.15          1.34        1.47        1.50         -11.39         27.06          28.78           -2.58         5.19          5.38           
4.50  -0.582 0.103  -0.229 0.93           0.97           0.99            13.67         21.16         24.57          1.17        1.20        1.22         10.78          16.86          19.69           2.89          4.30          4.88           
4.53  -0.547 0.101  -0.232 1.07           1.08           1.08            -3.03         5.86          6.59           1.32        1.33        1.33         -2.46          4.76           5.35            -0.57         1.10          1.24           
4.57  -0.518 0.103  -0.223 0.86           0.90           0.90            4.68          -17.48        18.03          1.11        1.14        1.14         3.63           -13.70         14.14           1.05          -3.78         3.88           
4.60  -0.484 0.103  -0.201 1.03           1.23           1.23            -1.60         -33.22        33.24          1.28        1.45        1.45         -1.29          -27.79         27.81           -0.31         -5.42         5.43           
4.63  -0.454 0.110  -0.181 0.92           1.08           1.10            13.16         -33.97        35.49          1.17        1.30        1.32         10.37          -27.80         29.16           2.79          -6.17         6.33           
4.67  -0.431 0.112  -0.160 0.67           0.91           0.91            5.98          -42.34        42.53          0.92        1.11        1.11         4.36           -33.58         33.75           1.62          -8.76         8.78           
4.70  -0.402 0.118  -0.145 0.91           1.01           1.02            10.94         -27.55        29.09          1.16        1.23        1.25         8.59           -22.17         23.49           2.35          -5.37         5.59           
4.73  -0.384 0.119  -0.129 0.53           0.72           0.72            3.89          -42.17        42.25          0.78        0.92        0.92         2.65           -31.64         31.71           1.24          -10.53        10.54          
4.77  -0.360 0.121  -0.116 0.71           0.80           0.81            5.37          -28.74        29.09          0.96        1.03        1.03         3.97           -22.03         22.32           1.40          -6.70         6.77           
4.80  -0.342 0.131  -0.106 0.64           0.64           0.71            28.84         -28.00        37.43          0.87        0.87        0.92         20.89          -20.23         27.95           7.95          -7.77         9.48           
4.83  -0.319 0.139  -0.105 0.72           0.68           0.72            18.08         -1.02         18.11          0.96        0.93        0.96         13.44          -0.75          13.46           4.64          -0.27         4.65           
4.87  -0.285 0.147  -0.109 1.04           1.02           1.05            13.12         7.00          14.76          1.29        1.27        1.29         10.59          5.63           11.93           2.53          1.38          2.83           
4.90  -0.266 0.170  -0.117 0.89           0.61           0.92            51.13         22.74         52.64          1.07        0.84        1.09         40.61          16.15          42.15           10.52         6.59          10.49          
4.93  -0.244 0.192  -0.142 0.95           1.00           1.21            44.97         47.81         56.10          1.14        1.19        1.36         36.07          38.82          47.34           8.90          8.99          8.76           
4.97  -0.228 0.206  -0.161 0.64           0.73           0.85            41.65         49.22         55.61          0.84        0.92        1.01         30.29          37.29          43.82           11.35         11.93         11.78          
5.00  -0.227 0.228  -0.198 0.64           1.13           1.29            85.87         87.66         87.96          0.70        1.16        1.33         65.07          75.26          77.10           20.80         12.40         10.86          
5.03  -0.230 0.259  -0.227 0.95           0.87           1.28            96.46         97.09         94.79          0.96        0.87        1.29         81.39          80.55          83.61           15.07         16.54         11.18          
5.07  -0.231 0.273  -0.264 0.42           1.11           1.19            93.16         91.21         91.13          0.48        1.13        1.21         61.88          78.48          79.22           31.28         12.73         11.91          
5.10  -0.234 0.258  -0.316 0.46           1.57           1.63            -103.59       93.92         93.77          0.47        1.58        1.64         -72.21         84.81          85.00           -31.38        9.11          8.77           
5.13  -0.235 0.258  -0.359 0.02           1.30           1.30            -136.35       90.77         90.77          0.23        1.32        1.32         -4.12          79.87          79.87           -132.23       10.90         10.90          
5.17  -0.242 0.258  -0.395 0.21           1.08           1.08            177.31        101.21        101.21         0.04        1.06        1.06         14.09          87.87          87.87           163.21        13.34         13.34          
5.20  -0.255 0.267  -0.418 0.47           0.79           0.83            146.01        119.52        117.88         0.30        0.70        0.75         117.89         101.43         100.69          28.12         18.10         17.19          
5.23  -0.241 0.272  -0.441 0.43           0.81           0.83            20.14         59.85         60.40          0.67        0.96        0.97         12.81          46.86          47.50           7.33          12.99         12.90          
5.27  -0.246 0.294  -0.462 0.68           0.64           0.92            102.01        102.64        98.78          0.67        0.64        0.92         80.59          80.09          83.14           21.43         22.55         15.63          
5.30  -0.244 0.294  -0.441 0.06           0.64           0.64            13.37         -84.87        84.87          0.31        0.71        0.71         2.54           -64.30         64.31           10.83         -20.57        20.57          
5.33  -0.249 0.305  -0.440 0.34           0.15           0.34            115.87        -175.20       115.85         0.32        0.10        0.32         71.59          -6.98          71.61           44.28         -168.22       44.24          
5.37  -0.240 0.304  -0.425 0.27           0.52           0.52            -4.82         -58.80        58.84          0.52        0.69        0.69         -2.51          -40.65         40.69           -2.31         -18.15        18.15          
5.40  -0.237 0.299  -0.397 0.17           0.85           0.86            -55.36        -83.39        83.48          0.38        0.91        0.93         -22.16         -67.63         67.91           -33.20        -15.76        15.58          
5.43  -0.242 0.293  -0.375 0.25           0.69           0.72            -130.23       -103.35       102.87         0.21        0.68        0.70         -64.44         -82.36         82.64           -65.79        -20.99        20.23          
5.47  -0.252 0.295  -0.335 0.31           1.22           1.22            169.43        -104.34       104.33         0.08        1.18        1.18         132.49         -92.50         92.50           36.94         -11.84        11.83          
5.50  -0.260 0.277  -0.305 0.58           0.96           1.10            -113.12       -103.88       102.07         0.54        0.93        1.07         -87.78         -88.71         88.89           -25.34        -15.16        13.18          
5.53  -0.274 0.284  -0.276 0.48           0.97           0.99            153.24        -116.18       115.51         0.28        0.89        0.91         129.49         -101.55        101.21          23.76         -14.64        14.30          
5.57  -0.269 0.286  -0.248 0.17           0.84           0.84            23.84         -79.45        79.48          0.41        0.92        0.92         9.57           -63.97         64.05           14.27         -15.48        15.44          
5.60  -0.268 0.287  -0.235 0.04           0.39           0.39            12.13         -84.79        84.79          0.29        0.48        0.48         1.51           -53.43         53.44           10.62         -31.36        31.35          
5.63  -0.259 0.278  -0.222 0.36           0.48           0.54            -42.01        -55.89        59.96          0.57        0.65        0.70         -25.06         -37.46         41.91           -16.95        -18.43        18.05          
5.67  -0.240 0.266  -0.204 0.66           0.77           0.85            -33.25        -44.21        49.55          0.88        0.97        1.03         -24.31         -33.83         38.94           -8.94         -10.38        10.61          
5.70  -0.210 0.258  -0.199 0.94           0.92           0.95            -15.76        -8.76         17.82          1.18        1.16        1.19         -12.47         -6.89          14.14           -3.29         -1.87         3.68           
5.73  -0.196 0.256  -0.188 0.43           0.54           0.55            -9.12         -38.63        39.18          0.68        0.76        0.76         -5.77          -26.70         27.16           -3.35         -11.93        12.02          
5.77  -0.181 0.271  -0.195 0.66           0.51           0.70            45.71         25.21         48.45          0.86        0.74        0.88         33.64          16.99          36.21           12.08         8.22          12.24          
5.80  -0.167 0.277  -0.196 0.45           0.42           0.45            22.45         4.38          22.80          0.69        0.67        0.69         14.47          2.74           14.71           7.98          1.64          8.09           
5.83  -0.161 0.276  -0.196 0.16           0.16           0.16            -6.85         -0.35         6.86           0.41        0.41        0.41         -2.70          -0.14          2.70            -4.16         -0.21         4.16           
5.87  -0.159 0.294  -0.197 0.53           0.06           0.53            83.82         9.22          83.82          0.61        0.31        0.61         59.64          1.72           59.65           24.17         7.50          24.17          
