time  x      y      z      groundspeedxy  groundspeedxz  groundspeedxyz  trackanglexy  trackanglexz  trackanglexyz  airspeedxy  airspeedxz  airspeedxyz  courseanglexy  courseanglexz  courseanglexyz  driftanglexy  driftanglexz  driftanglexyz  
0.00  -0.000 0.000  -0.000 
0.03  -0.000 0.000  -0.000 0.00           0.00           0.00            0.00          0.00          0.00           0.25        0.25        0.25         0.00           -0.00          0.00            0.00          0.00          0.00           
0.07  -0.000 0.000  -0.000 0.00           0.00           0.00            0.00          0.00          0.00           0.25        0.25        0.25         0.00           -0.00          0.00            0.00          0.00          0.00           
0.10  -0.000 0.000  -0.000 0.00           0.00           0.00            0.00          0.00          0.00           0.25        0.25        0.25         0.00           -0.00          0.00            0.00          0.00          0.00           
0.13  -0.000 0.000  -0.000 0.00           0.00           0.00            0.00          0.00          0.00           0.25        0.25        0.25         0.00           -0.00          0.00            0.00          0.00          0.00           
0.17  -0.000 0.000  -0.000 0.00           0.00           0.00            0.00          0.00          0.00           0.25        0.25        0.25         0.00           -0.00          0.00            0.00          0.00          0.00           
0.20  -0.000 0.000  -0.000 0.00           0.00           0.00            0.00          0.00          0.00           0.25        0.25        0.25         0.00           -0.00          0.00            0.00          0.00          0.00           
0.23  -0.000 0.000  -0.000 0.00           0.00           0.00            0.00          0.00          0.00           0.25        0.25        0.25         0.00           -0.00          0.00            0.00          0.00          0.00           
0.27  -0.000 0.000  -0.000 0.00           0.00           0.00            0.00          0.00          0.00           0.25        0.25        0.25         0.00           -0.00          0.00            0.00          0.00          0.00           
0.30  -0.000 0.000  -0.000 0.00           0.00           0.00            0.00          0.00          0.00           0.25        0.25        0.25         0.00           -0.00          0.00            0.00          0.00          0.00           
0.33  -0.000 0.000  -0.000 0.00           0.00           0.00            0.00          0.00          0.00           0.25        0.25        0.25         0.00           -0.00          0.00            0.00          0.00          0.00           
0.37  -0.000 0.000  -0.000 0.00           0.00           0.00            0.00          0.00          0.00           0.25        0.25        0.25         0.00           -0.00          0.00            0.00          0.00          0.00           
0.40  -0.000 0.000  -0.000 0.00           0.00           0.00            0.00          0.00          0.00           0.25        0.25        0.25         0.00           -0.00          0.00            0.00          0.00          0.00           
0.43  -0.000 0.000  -0.000 0.00           0.00           0.00            0.00          0.00          0.00           0.25        0.25        0.25         0.00           -0.00          0.00            0.00          0.00          0.00           
0.47  -0.000 0.000  -0.000 0.00           0.00           0.00            0.00          0.00          0.00           0.25        0.25        0.25         0.00           -0.00          0.00            0.00          0.00          0.00           
0.50  -1.204 0.295  -0.247 37.19          36.87          37.92           166.21        168.39        162.25         36.95       36.63       37.69        166.12         168.31         162.14          0.09          0.08          0.12           
0.53  -1.159 0.301  -0.238 1.37           1.39           1.40            6.93          -11.82        13.60          1.62        1.64        1.65         5.86           -10.02         11.55           1.07          -1.79         2.05           
0.57  -1.123 0.303  -0.232 1.06           1.08           1.08            2.71          -9.65         10.01          1.31        1.32        1.32         2.19           -7.84          8.13            0.52          -1.82         1.88           
0.60  -1.081 0.307  -0.237 1.28           1.28           1.29            5.57          6.84          8.78           1.53        1.53        1.54         4.66           5.72           7.36            0.91          1.11          1.42           
0.63  -1.039 0.308  -0.237 1.25           1.25           1.25            1.41          0.81          1.63           1.50        1.50        1.50         1.18           0.67           1.36            0.24          0.13          0.27           
0.67  -0.999 0.303  -0.249 1.22           1.26           1.27            -6.98         16.16         17.46          1.47        1.50        1.51         -5.80          13.50          14.61           -1.19         2.65          2.85           
0.70  -0.953 0.295  -0.272 1.39           1.54           1.56            -9.53         26.69         27.93          1.64        1.77        1.78         -8.09          23.05          24.16           -1.45         3.64          3.77           
0.73  -0.929 0.289  -0.293 0.72           0.94           0.96            -14.52        41.64         42.80          0.97        1.14        1.15         -10.81         33.24          34.32           -3.71         8.40          8.48           
0.77  -0.896 0.281  -0.321 1.03           1.30           1.32            -13.11        39.69         40.76          1.27        1.50        1.52         -10.56         33.58          34.59           -2.56         6.10          6.17           
0.80  -0.868 0.272  -0.354 0.89           1.31           1.33            -17.47        49.53         50.51          1.13        1.48        1.51         -13.66         42.15          43.15           -3.81         7.37          7.36           
0.83  -0.842 0.258  -0.389 0.88           1.29           1.36            -29.22        53.62         55.74          1.10        1.46        1.52         -22.87         45.67          47.92           -6.35         7.95          7.82           
0.87  -0.812 0.253  -0.410 0.93           1.11           1.12            -10.20        34.59         35.47          1.17        1.32        1.33         -8.04          28.41          29.21           -2.16         6.17          6.26           
0.90  -0.781 0.245  -0.434 0.95           1.18           1.20            -14.11        38.89         40.20          1.19        1.39        1.40         -11.18         32.39          33.60           -2.93         6.50          6.60           
0.93  -0.749 0.235  -0.458 1.01           1.21           1.25            -17.04        36.86         39.01          1.25        1.42        1.45         -13.69         30.79          32.77           -3.35         6.07          6.24           
0.97  -0.723 0.234  -0.480 0.78           1.02           1.02            -2.13         39.95         39.97          1.03        1.22        1.22         -1.62          32.40          32.43           -0.52         7.55          7.55           
1.00  -0.698 0.239  -0.499 0.76           0.93           0.95            12.23         37.05         38.14          1.01        1.14        1.15         9.21           29.46          30.45           3.01          7.58          7.70           
1.03  -0.670 0.241  -0.508 0.84           0.88           0.88            3.64          17.65         17.98          1.09        1.12        1.12         2.80           13.77          14.03           0.83          3.88          3.95           
1.07  -0.649 0.256  -0.526 0.79           0.85           0.96            34.33         40.32         47.45          1.00        1.05        1.14         26.24          31.49          38.18           8.09          8.83          9.27           
1.10  -0.630 0.267  -0.555 0.65           1.02           1.07            30.26         56.48         58.29          0.88        1.18        1.22         22.02          46.30          48.29           8.24          10.18         10.00          
1.13  -0.614 0.288  -0.569 0.77           0.63           0.88            53.58         43.22         58.77          0.94        0.83        1.04         41.24          31.29          46.85           12.34         11.93         11.92          
1.17  -0.609 0.313  -0.574 0.77           0.22           0.78            77.36         41.45         77.59          0.86        0.44        0.87         60.82          19.53          61.29           16.54         21.92         16.30          
1.20  -0.614 0.345  -0.576 0.98           0.17           0.98            99.61         161.48        99.60          0.97        0.10        0.97         84.88          32.36          84.89           14.73         129.12        14.71          
1.23  -0.626 0.378  -0.564 1.06           0.49           1.11            108.96        -135.08       108.00         1.01        0.36        1.06         95.36          -105.32        95.07           13.60         -29.76        12.93          
1.27  -0.640 0.405  -0.547 0.91           0.68           1.05            118.23        -129.57       114.24         0.82        0.55        0.97         102.71         -109.15        100.71          15.52         -20.42        13.52          
1.30  -0.671 0.433  -0.529 1.26           1.09           1.37            138.02        -149.61       132.96         1.09        0.88        1.22         129.17         -141.34        124.31          8.85          -8.27         8.64           
1.33  -0.702 0.452  -0.512 1.09           1.06           1.20            148.89        -151.22       140.78         0.88        0.85        1.02         140.49         -143.11        131.89          8.40          -8.11         8.89           
1.37  -0.736 0.460  -0.494 1.02           1.12           1.15            166.24        -152.40       150.00         0.78        0.91        0.94         161.89         -145.07        142.36          4.35          -7.33         7.64           
1.40  -0.765 0.462  -0.465 0.90           1.25           1.25            175.11        -135.90       135.79         0.65        1.08        1.08         173.24         -126.63        126.53          1.88          -9.27         9.26           
1.43  -0.792 0.475  -0.433 0.87           1.25           1.30            155.51        -129.45       127.61         0.65        1.11        1.17         146.38         -119.41        117.83          9.13          -10.04        9.79           
1.47  -0.823 0.473  -0.405 0.94           1.27           1.27            -176.87       -137.79       137.74         0.69        1.09        1.10         -175.74        -128.96        128.91          -1.13         -8.83         8.83           
1.50  -0.845 0.477  -0.374 0.65           1.12           1.13            170.22        -124.92       124.73         0.41        1.00        1.00         164.23         -113.07        112.92          6.00          -11.85        11.81          
1.53  -0.869 0.475  -0.342 0.72           1.20           1.21            -175.55       -126.72       126.67         0.47        1.07        1.08         -173.20        -115.96        115.92          -2.35         -10.76        10.75          
1.57  -0.884 0.469  -0.312 0.49           1.02           1.03            -158.56       -116.82       116.37         0.28        0.93        0.95         -139.27        -102.98        102.74          -19.29        -13.83        13.63          
1.60  -0.894 0.468  -0.273 0.32           1.21           1.21            -176.63       -105.13       105.13         0.07        1.17        1.17         -164.20        -93.22         93.22           -12.42        -11.91        11.91          
1.63  -0.905 0.458  -0.236 0.44           1.15           1.19            -137.69       -106.28       105.76         0.30        1.11        1.15         -103.91        -93.77         93.64           -33.78        -12.52        12.12          
1.67  -0.909 0.457  -0.201 0.12           1.04           1.04            -162.53       -96.24        96.24          0.14        1.04        1.04         -14.58         -82.46         82.47           -147.94       -13.78        13.77          
1.70  -0.915 0.463  -0.161 0.26           1.22           1.23            135.18        -98.62        98.52          0.19        1.21        1.22         69.60          -86.80         86.83           65.58         -11.82        11.69          
1.73  -0.910 0.458  -0.128 0.21           1.01           1.03            -48.33        -82.00        82.10          0.42        1.08        1.09         -22.06         -68.71         68.95           -26.27        -13.29        13.15          
1.77  -0.912 0.445  -0.096 0.38           0.96           1.03            -97.44        -92.90        92.71          0.42        0.98        1.05         -61.56         -78.13         78.91           -35.88        -14.78        13.80          
1.80  -0.911 0.429  -0.065 0.50           0.92           1.05            -86.49        -88.07        88.31          0.58        0.96        1.08         -60.86         -72.97         74.97           -25.63        -15.10        13.34          
1.83  -0.908 0.404  -0.030 0.76           1.07           1.30            -82.62        -84.78        85.73          0.83        1.12        1.35         -65.15         -71.90         75.05           -17.47        -12.87        10.68          
1.87  -0.897 0.388  -0.011 0.58           0.64           0.80            -55.99        -59.75        66.19          0.75        0.80        0.93         -39.88         -44.03         51.95           -16.11        -15.72        14.24          
1.90  -0.887 0.363  -0.003 0.80           0.37           0.84            -69.37        -40.36        70.27          0.92        0.58        0.95         -54.67         -24.29         55.97           -14.70        -16.07        14.30          
1.93  -0.872 0.329  -0.016 1.11           0.60           1.17            -65.34        39.54         66.76          1.23        0.81        1.29         -54.73         28.18          56.52           -10.61        11.35         10.24          
1.97  -0.859 0.307  -0.029 0.79           0.55           0.87            -59.08        42.47         62.29          0.94        0.75        1.01         -45.89         29.49          49.63           -13.20        12.99         12.66          
2.00  -0.842 0.285  -0.049 0.81           0.80           1.02            -52.31        51.31         60.92          0.99        0.97        1.17         -40.75         39.74          50.13           -11.56        11.58         10.80          
2.03  -0.835 0.267  -0.073 0.58           0.74           0.92            -69.22        73.80         77.01          0.71        0.85        1.01         -50.03         57.31          63.00           -19.19        16.49         14.01          
2.07  -0.822 0.243  -0.105 0.81           1.03           1.25            -61.24        67.79         71.86          0.96        1.15        1.35         -48.00         56.19          61.75           -13.24        11.60         10.11          
2.10  -0.810 0.230  -0.138 0.54           1.05           1.12            -48.57        70.18         71.55          0.73        1.16        1.23         -33.64         58.47          60.40           -14.92        11.71         11.14          
2.13  -0.798 0.222  -0.177 0.43           1.22           1.24            -34.37        73.05         73.38          0.65        1.31        1.33         -21.85         62.53          63.03           -12.52        10.52         10.36          
2.17  -0.784 0.216  -0.205 0.46           0.96           0.97            -19.72        63.09         63.46          0.70        1.10        1.11         -12.82         51.35          51.80           -6.90         11.74         11.66          
2.20  -0.762 0.206  -0.231 0.74           1.02           1.07            -25.27        48.97         51.16          0.97        1.20        1.24         -18.97         39.93          42.14           -6.29         9.04          9.03           
2.23  -0.752 0.204  -0.241 0.28           0.42           0.43            -13.39        49.96         50.51          0.53        0.61        0.62         -7.06          31.78          32.28           -6.33         18.18         18.23          
2.27  -0.730 0.207  -0.256 0.69           0.81           0.82            8.75          32.85         33.58          0.94        1.03        1.04         6.43           25.31          25.93           2.32          7.54          7.65           
2.30  -0.700 0.203  -0.273 0.89           1.02           1.03            -7.44         30.10         30.72          1.14        1.24        1.25         -5.81          24.31          24.85           -1.63         5.79          5.87           
2.33  -0.679 0.203  -0.283 0.65           0.70           0.70            -0.60         23.47         23.48          0.90        0.94        0.94         -0.43          17.38          17.38           -0.17         6.09          6.10           
2.37  -0.658 0.203  -0.292 0.63           0.69           0.69            0.09          24.25         24.25          0.88        0.93        0.93         0.06           17.90          17.90           0.03          6.35          6.35           
2.40  -0.635 0.209  -0.302 0.70           0.74           0.76            15.37         23.61         27.31          0.94        0.97        0.99         11.34          17.69          20.65           4.02          5.92          6.66           
2.43  -0.604 0.208  -0.308 0.95           0.96           0.96            -2.78         10.01         10.37          1.20        1.21        1.21         -2.20          7.95           8.24            -0.58         2.06          2.13           
2.47  -0.582 0.210  -0.311 0.65           0.65           0.66            6.43          10.30         12.07          0.89        0.90        0.90         4.63           7.45           8.75            1.79          2.85          3.32           
2.50  -0.551 0.192  -0.319 1.09           0.97           1.11            -30.64        14.53         32.88          1.31        1.21        1.33         -25.04         11.55          27.02           -5.59         2.97          5.86           
2.53  -0.527 0.172  -0.325 0.93           0.73           0.94            -39.43        13.28         40.55          1.13        0.98        1.14         -31.35         9.92           32.37           -8.08         3.36          8.18           
2.57  -0.497 0.153  -0.323 1.06           0.90           1.06            -32.31        -4.78         32.54          1.28        1.15        1.28         -26.30         -3.74          26.49           -6.02         -1.04         6.04           
2.60  -0.474 0.145  -0.316 0.74           0.72           0.76            -21.05        -15.50        25.38          0.98        0.96        1.00         -15.78         -11.51         19.20           -5.27         -3.99         6.18           
2.63  -0.463 0.142  -0.314 0.34           0.34           0.35            -11.04        -10.42        15.01          0.59        0.59        0.59         -6.40          -6.03          8.76            -4.64         -4.39         6.25           
2.67  -0.445 0.157  -0.312 0.71           0.56           0.71            38.02         -5.29         38.21          0.92        0.81        0.92         28.36          -3.66          28.53           9.66          -1.63         9.69           
2.70  -0.433 0.166  -0.313 0.45           0.35           0.45            37.85         1.45          37.87          0.66        0.60        0.66         24.47          0.85           24.48           13.39         0.60          13.39          
2.73  -0.426 0.181  -0.316 0.49           0.23           0.50            64.01         21.94         64.44          0.64        0.47        0.65         43.55          10.58          44.10           20.46         11.37         20.34          
2.77  -0.408 0.189  -0.322 0.57           0.55           0.61            26.03         20.61         31.64          0.81        0.79        0.83         18.21          14.21          22.54           7.82          6.39          9.10           
2.80  -0.399 0.206  -0.329 0.58           0.35           0.61            60.53         34.02         62.17          0.74        0.57        0.76         43.36          19.81          45.30           17.17         14.21         16.87          
2.83  -0.383 0.229  -0.339 0.84           0.56           0.89            55.84         33.50         58.24          1.00        0.78        1.05         43.89          23.37          46.52           11.95         10.13         11.72          
2.87  -0.360 0.235  -0.350 0.72           0.78           0.79            13.63         25.80         28.41          0.96        1.01        1.02         10.13          19.60          21.72           3.51          6.21          6.69           
2.90  -0.348 0.254  -0.357 0.68           0.42           0.72            58.31         30.47         59.87          0.84        0.65        0.87         43.69          19.14          45.47           14.62         11.33         14.41          
2.93  -0.328 0.261  -0.367 0.63           0.67           0.70            18.57         26.94         31.35          0.87        0.90        0.92         13.31          19.69          23.22           5.26          7.25          8.13           
2.97  -0.313 0.263  -0.388 0.46           0.76           0.76            9.65          53.44         53.66          0.71        0.93        0.93         6.25           40.98          41.20           3.40          12.46         12.46          
3.00  -0.301 0.266  -0.404 0.38           0.62           0.63            13.73         53.46         53.90          0.63        0.79        0.80         8.29           38.82          39.27           5.44          14.65         14.64          
3.03  -0.283 0.259  -0.419 0.59           0.69           0.73            -22.47        38.70         42.03          0.82        0.90        0.93         -15.80         28.73          31.67           -6.67         9.97          10.36          
3.07  -0.263 0.249  -0.434 0.66           0.75           0.81            -27.87        39.27         44.24          0.88        0.96        1.00         -20.27         29.73          34.22           -7.60         9.54          10.01          
3.10  -0.244 0.244  -0.447 0.59           0.68           0.70            -15.51        34.10         36.19          0.83        0.90        0.92         -10.89         25.16          26.91           -4.61         8.94          9.28           
3.13  -0.228 0.244  -0.457 0.49           0.57           0.57            0.49          30.14         30.15          0.74        0.79        0.79         0.32           21.01          21.02           0.16          9.13          9.13           
3.17  -0.207 0.240  -0.474 0.65           0.82           0.83            -8.51         38.15         38.65          0.90        1.03        1.04         -6.16          29.54          29.98           -2.35         8.61          8.66           
3.20  -0.192 0.239  -0.475 0.44           0.44           0.44            -7.76         7.16          10.50          0.69        0.69        0.69         -4.94          4.56           6.71            -2.82         2.60          3.79           
3.23  -0.177 0.218  -0.493 0.75           0.68           0.91            -53.96        49.29         60.94          0.92        0.86        1.05         -41.24         36.55          48.94           -12.72        12.74         12.00          
3.27  -0.160 0.188  -0.471 1.05           0.83           1.23            -60.04        -50.88        64.81          1.19        1.01        1.36         -49.57         -39.76         55.20           -10.46        -11.11        9.61           
3.30  -0.149 0.176  -0.462 0.49           0.43           0.56            -46.70        -38.80        53.09          0.69        0.64        0.74         -31.30         -24.73         37.34           -15.40        -14.07        15.75          
3.33  -0.142 0.170  -0.439 0.27           0.71           0.73            -40.82        -73.38        73.87          0.49        0.82        0.84         -21.20         -56.38         57.23           -19.62        -16.99        16.65          
3.37  -0.141 0.170  -0.418 0.04           0.65           0.65            4.84          -86.22        86.22          0.29        0.71        0.71         0.71           -65.58         65.58           4.13          -20.64        20.64          
3.40  -0.136 0.155  -0.390 0.49           0.85           0.97            -74.64        -81.21        82.33          0.61        0.92        1.04         -51.23         -65.68         68.50           -23.41        -15.53        13.82          
3.43  -0.136 0.150  -0.373 0.14           0.52           0.54            -91.58        -90.43        90.42          0.28        0.57        0.59         -30.04         -64.66         65.45           -61.54        -25.77        24.97          
3.47  -0.142 0.149  -0.352 0.18           0.65           0.65            -167.93       -105.84       105.81         0.08        0.63        0.63         -27.45         -83.34         83.35           -140.48       -22.50        22.46          
3.50  -0.148 0.147  -0.337 0.18           0.46           0.46            -166.41       -111.75       111.66         0.09        0.44        0.44         -27.54         -79.52         79.57           -138.88       -32.22        32.08          
3.53  -0.160 0.165  -0.322 0.63           0.59           0.79            123.64        -126.32       116.26         0.53        0.49        0.72         100.71         -101.80        97.98           22.93         -24.52        18.27          
3.57  -0.176 0.175  -0.308 0.59           0.65           0.72            148.29        -140.77       134.32         0.40        0.48        0.57         129.15         -121.64        116.17          19.14         -19.13        18.16          
3.60  -0.186 0.187  -0.314 0.45           0.34           0.49            128.47        144.97        124.77         0.35        0.20        0.40         94.42          97.90          93.86           34.05         47.07         30.90          
3.63  -0.197 0.194  -0.326 0.39           0.49           0.53            147.86        132.40        128.38         0.22        0.37        0.42         110.70         102.23         100.65          37.16         30.17         27.73          
3.67  -0.204 0.212  -0.324 0.60           0.23           0.60            111.70        -162.61       111.55         0.56        0.08        0.56         87.00          -67.21         87.02           24.70         -95.40        24.52          
3.70  -0.219 0.227  -0.335 0.64           0.57           0.72            136.21        143.65        129.60         0.49        0.40        0.60         115.58         121.95         110.79          20.63         21.70         18.81          
3.73  -0.213 0.231  -0.350 0.24           0.47           0.49            29.74         64.31         65.12          0.47        0.62        0.64         14.46          43.18          44.22           15.28         21.13         20.89          
3.77  -0.218 0.242  -0.356 0.37           0.25           0.41            118.14        133.66        115.01         0.33        0.20        0.38         76.43          66.70          78.11           41.70         66.96         36.90          
3.80  -0.221 0.249  -0.357 0.25           0.09           0.25            108.11        153.93        107.90         0.29        0.18        0.30         53.88          12.37          54.22           54.24         141.56        53.68          
3.83  -0.235 0.254  -0.365 0.43           0.48           0.50            163.26        149.93        146.87         0.21        0.29        0.32         142.99         124.57         121.45          20.27         25.36         25.43          
3.87  -0.242 0.257  -0.370 0.25           0.28           0.30            153.99        143.25        138.27         0.11        0.17        0.20         74.88          79.99          81.60           79.11         63.25         56.67          
3.90  -0.239 0.252  -0.365 0.18           0.19           0.25            -63.18        -64.11        70.70          0.37        0.37        0.41         -26.27         -27.22         35.49           -36.90        -36.89        35.22          
3.93  -0.235 0.236  -0.365 0.49           0.14           0.49            -73.31        3.30          73.31          0.61        0.39        0.61         -50.14         1.19           50.14           -23.17        2.11          23.17          
3.97  -0.234 0.234  -0.364 0.08           0.05           0.09            -70.26        -54.60        72.24          0.29        0.28        0.29         -15.86         -8.16          17.65           -54.40        -46.43        54.58          
4.00  -0.227 0.235  -0.358 0.22           0.28           0.28            12.62         -39.69        40.69          0.47        0.50        0.50         5.90           -20.97         21.65           6.72          -18.72        19.03          
4.03  -0.225 0.225  -0.361 0.31           0.12           0.32            -80.04        63.60         80.60          0.43        0.32        0.44         -44.81         19.36          46.50           -35.23        44.25         34.11          
4.07  -0.213 0.208  -0.342 0.61           0.69           0.85            -55.14        -59.23        65.65          0.79        0.84        0.98         -39.99         -44.47         52.24           -15.15        -14.77        13.41          
4.10  -0.211 0.211  -0.333 0.09           0.28           0.29            48.05         -77.34        77.71          0.32        0.41        0.42         12.28          -41.07         41.93           35.77         -36.28        35.78          
4.13  -0.203 0.207  -0.331 0.28           0.26           0.28            -23.18        -12.15        25.61          0.51        0.51        0.52         -12.15         -6.18          13.55           -11.03        -5.97         12.06          
4.17  -0.189 0.205  -0.322 0.42           0.49           0.50            -8.24         -31.83        32.51          0.67        0.72        0.72         -5.18          -21.24         21.75           -3.06         -10.59        10.76          
4.20  -0.180 0.211  -0.314 0.31           0.35           0.41            38.77         -46.35        52.86          0.53        0.56        0.59         21.67          -27.41         33.16           17.10         -18.94        19.71          
4.23  -0.158 0.216  -0.296 0.68           0.84           0.85            11.93         -38.34        39.31          0.92        1.05        1.06         8.72           -29.85         30.71           3.22          -8.49         8.59           
4.27  -0.157 0.219  -0.289 0.09           0.23           0.24            62.20         -79.78        80.32          0.30        0.37        0.37         14.69          -37.49         39.03           47.51         -42.29        41.29          
4.30  -0.151 0.231  -0.280 0.41           0.30           0.48            65.06         -55.38        68.91          0.56        0.49        0.61         41.23          -30.55         46.57           23.83         -24.83        22.33          
4.33  -0.145 0.233  -0.273 0.21           0.30           0.31            15.04         -46.86        47.74          0.46        0.51        0.51         6.91           -25.69         26.39           8.14          -21.17        21.36          
4.37  -0.131 0.234  -0.267 0.40           0.44           0.44            3.28          -26.43        26.58          0.65        0.67        0.67         2.01           -16.93         17.03           1.27          -9.51         9.55           
4.40  -0.128 0.231  -0.262 0.13           0.18           0.20            -41.11        -56.02        59.85          0.36        0.38        0.39         -14.04         -23.03         26.26           -27.07        -32.99        33.59          
