time  x      y      z      groundspeedxy  groundspeedxz  groundspeedxyz  trackanglexy  trackanglexz  trackanglexyz  airspeedxy  airspeedxz  airspeedxyz  courseanglexy  courseanglexz  courseanglexyz  driftanglexy  driftanglexz  driftanglexyz  
0.00  -0.000 0.000  -0.000 
0.03  -0.000 0.000  -0.000 0.00           0.00           0.00            0.00          0.00          0.00           0.25        0.25        0.25         0.00           -0.00          0.00            0.00          0.00          0.00           
0.07  -0.000 0.000  -0.000 0.00           0.00           0.00            0.00          0.00          0.00           0.25        0.25        0.25         0.00           -0.00          0.00            0.00          0.00          0.00           
0.10  -0.000 0.000  -0.000 0.00           0.00           0.00            0.00          0.00          0.00           0.25        0.25        0.25         0.00           -0.00          0.00            0.00          0.00          0.00           
0.13  -0.000 0.000  -0.000 0.00           0.00           0.00            0.00          0.00          0.00           0.25        0.25        0.25         0.00           -0.00          0.00            0.00          0.00          0.00           
0.17  -0.000 0.000  -0.000 0.00           0.00           0.00            0.00          0.00          0.00           0.25        0.25        0.25         0.00           -0.00          0.00            0.00          0.00          0.00           
0.20  -1.159 0.377  -0.106 36.57          34.93          36.71           161.99        174.76        161.34         36.33       34.68       36.47        161.87         174.72         161.21          0.12          0.04          0.13           
0.23  -1.126 0.375  -0.109 0.99           0.99           1.00            -3.88         4.22          5.72           1.24        1.24        1.25         -3.10          3.37           4.57            -0.78         0.85          1.15           
0.27  -1.089 0.375  -0.108 1.13           1.13           1.13            1.00          -1.76         2.02           1.38        1.38        1.38         0.82           -1.44          1.66            0.18          -0.32         0.37           
0.30  -1.041 0.373  -0.110 1.42           1.42           1.43            -2.81         2.79          3.96           1.67        1.67        1.68         -2.39          2.37           3.37            -0.42         0.42          0.59           
0.33  -1.007 0.360  -0.112 1.11           1.04           1.11            -20.69        3.23          20.90          1.35        1.29        1.35         -16.92         2.60           17.10           -3.76         0.63          3.80           
0.37  -0.969 0.353  -0.106 1.14           1.13           1.15            -10.61        -9.62         14.18          1.38        1.38        1.40         -8.70          -7.89          11.67           -1.90         -1.73         2.51           
0.40  -0.932 0.349  -0.089 1.14           1.23           1.24            -6.05         -23.24        23.86          1.38        1.46        1.47         -4.96          -19.38         19.91           -1.09         -3.87         3.95           
0.43  -0.900 0.343  -0.070 0.98           1.13           1.14            -10.31        -31.27        32.37          1.23        1.35        1.36         -8.22          -25.74         26.72           -2.09         -5.53         5.66           
0.47  -0.874 0.343  -0.053 0.78           0.92           0.92            -0.78         -32.78        32.79          1.03        1.14        1.14         -0.59          -25.97         25.98           -0.19         -6.81         6.81           
0.50  -0.849 0.343  -0.025 0.75           1.12           1.12            1.06          -48.22        48.23          1.00        1.30        1.30         0.79           -39.99         39.99           0.27          -8.24         8.24           
0.53  -0.829 0.337  0.003  0.64           1.05           1.07            -17.24        -54.71        55.35          0.88        1.21        1.23         -12.40         -45.04         45.72           -4.84         -9.67         9.63           
0.57  -0.828 0.341  0.023  0.12           0.60           0.61            75.49         -87.09        87.14          0.30        0.66        0.67         22.85          -65.01         65.42           52.64         -22.08        21.72          
0.60  -0.824 0.345  0.042  0.16           0.58           0.59            52.11         -79.92        80.17          0.37        0.67        0.68         20.31          -58.32         58.97           31.80         -21.60        21.20          
0.63  -0.826 0.349  0.069  0.12           0.79           0.80            113.58        -93.58        93.55          0.23        0.81        0.82         29.33          -75.68         75.82           84.25         -17.91        17.73          
0.67  -0.832 0.354  0.082  0.24           0.43           0.46            138.31        -114.02       112.50         0.17        0.40        0.43         65.00          -79.52         80.24           73.31         -34.50        32.26          
0.70  -0.840 0.357  0.095  0.26           0.47           0.48            163.70        -121.17       120.78         0.07        0.41        0.41         86.41          -89.36         89.37           77.29         -31.80        31.41          
0.73  -0.851 0.370  0.109  0.53           0.54           0.68            128.23        -127.48       118.79         0.42        0.43        0.60         100.42         -100.15        97.31           27.81         -27.33        21.48          
0.77  -0.877 0.392  0.110  1.03           0.80           1.03            140.76        -178.65       140.75         0.85        0.55        0.85         130.05         -178.03        130.04          10.70         -0.62         10.70          
0.80  -0.894 0.406  0.115  0.67           0.53           0.68            139.97        -163.13       138.24         0.50        0.30        0.52         121.22         -149.22        119.69          18.75         -13.91        18.55          
0.83  -0.901 0.430  0.113  0.74           0.21           0.74            105.81        165.20        105.76         0.71        0.07        0.71         86.06          47.32          86.07           19.75         117.89        19.70          
0.87  -0.919 0.457  0.110  0.96           0.55           0.97            124.02        169.91        123.83         0.85        0.30        0.85         109.85         161.61         109.72          14.17         8.31          14.11          
0.90  -0.925 0.477  0.109  0.65           0.20           0.65            107.14        167.92        107.10         0.62        0.07        0.63         84.63          35.10          84.65           22.50         132.83        22.46          
0.93  -0.938 0.504  0.105  0.88           0.39           0.89            115.56        164.35        115.36         0.80        0.17        0.81         99.28          140.66         99.20           16.28         23.70         16.16          
0.97  -0.961 0.528  0.089  0.99           0.84           1.10            133.41        144.38        128.06         0.84        0.65        0.97         120.89         131.44         116.34          12.52         12.94         11.72          
1.00  -0.972 0.556  0.083  0.90           0.39           0.92            112.26        150.52        111.74         0.84        0.21        0.86         96.28          115.43         96.12           15.98         35.09         15.62          
1.03  -0.985 0.586  0.073  0.98           0.48           1.02            113.22        144.26        112.29         0.91        0.31        0.95         98.64          116.20         98.26           14.58         28.06         14.03          
1.07  -1.000 0.607  0.061  0.79           0.58           0.87            124.43        140.26        120.77         0.68        0.42        0.77         106.70         117.77         104.61          17.72         22.48         16.16          
1.10  -1.006 0.635  0.052  0.85           0.33           0.90            101.83        122.14        101.24         0.84        0.29        0.88         84.83          74.81          85.09           17.00         47.33         16.15          
1.13  -1.012 0.657  0.046  0.69           0.26           0.71            105.86        137.28        105.36         0.67        0.18        0.69         84.71          70.57          84.89           21.14         66.71         20.48          
1.17  -1.022 0.680  0.040  0.74           0.36           0.76            114.13        147.85        113.33         0.67        0.20        0.70         94.36          105.14         94.19           19.78         42.71         19.13          
1.20  -1.026 0.697  0.028  0.55           0.37           0.65            101.63        107.39        99.76          0.55        0.38        0.66         75.34          68.30          77.67           26.29         39.09         22.09          
1.23  -1.035 0.703  0.019  0.32           0.38           0.42            146.65        134.52        129.54         0.18        0.27        0.32         95.16          93.34          92.81           51.49         41.17         36.73          
1.27  -1.038 0.704  0.010  0.10           0.30           0.30            171.83        109.41        109.39         0.15        0.32        0.32         5.40           61.83          61.86           166.43        47.59         47.53          
1.30  -1.043 0.704  0.003  0.16           0.26           0.26            177.14        128.05        128.03         0.09        0.23        0.23         5.32           67.23          67.25           171.82        60.82         60.78          
1.33  -1.038 0.708  -0.008 0.19           0.36           0.37            36.06         64.49         65.73          0.42        0.52        0.53         15.47          38.53          40.13           20.59         25.96         25.60          
1.37  -1.036 0.720  0.000  0.38           0.26           0.45            78.11         -72.23        80.02          0.50        0.41        0.56         48.70          -36.80         53.71           29.41         -35.43        26.30          
1.40  -1.035 0.736  0.009  0.48           0.26           0.54            86.92         -84.19        87.28          0.55        0.37        0.61         60.07          -42.62         63.04           26.85         -41.58        24.24          
1.43  -1.045 0.756  0.023  0.69           0.53           0.81            118.14        -127.87       113.78         0.61        0.42        0.74         97.05          -100.19        95.81           21.09         -27.68        17.97          
1.47  -1.057 0.772  0.041  0.57           0.65           0.80            127.86        -122.70       116.33         0.47        0.56        0.72         102.76         -100.59        98.21           25.10         -22.10        18.13          
1.50  -1.065 0.791  0.064  0.62           0.74           0.94            110.77        -107.26       103.51         0.58        0.71        0.92         87.03          -87.57         88.12           23.74         -19.69        15.40          
1.53  -1.073 0.804  0.096  0.46           0.98           1.05            123.00        -104.98       103.90         0.39        0.94        1.02         90.36          -90.15         90.14           32.64         -14.83        13.76          
1.57  -1.095 0.813  0.118  0.71           0.95           0.98            158.32        -134.36       132.34         0.49        0.79        0.83         147.43         -121.32        119.56          10.89         -13.04        12.79          
1.60  -1.107 0.809  0.144  0.39           0.84           0.85            -164.21       -116.17       115.95         0.16        0.77        0.77         -139.21        -99.15         99.06           -25.00        -17.02        16.89          
1.63  -1.128 0.802  0.164  0.65           0.87           0.89            -161.67       -135.22       133.70         0.42        0.71        0.74         -150.86        -120.91        119.59          -10.81        -14.31        14.11          
1.67  -1.147 0.785  0.186  0.77           0.88           1.02            -137.69       -130.19       123.81         0.61        0.74        0.90         -121.56        -115.29        110.53          -16.13        -14.91        13.28          
1.70  -1.151 0.775  0.206  0.34           0.62           0.69            -112.51       -102.33       100.94         0.34        0.61        0.69         -69.53         -78.86         80.12           -42.97        -23.46        20.82          
1.73  -1.155 0.757  0.213  0.53           0.23           0.57            -101.83       -117.81       101.02         0.54        0.25        0.58         -74.95         -55.90         75.97           -26.88        -61.91        25.05          
1.77  -1.165 0.753  0.234  0.32           0.70           0.71            -156.57       -115.24       114.79         0.14        0.63        0.64         -110.00        -94.25         94.17           -46.57        -20.99        20.63          
1.80  -1.171 0.743  0.240  0.36           0.25           0.39            -122.59       -140.31       119.45         0.30        0.17        0.34         -78.89         -69.69         80.16           -43.70        -70.62        39.29          
1.83  -1.166 0.731  0.231  0.38           0.30           0.45            -66.67        59.78         70.88          0.53        0.47        0.59         -40.84         32.62          47.08           -25.83        27.16         23.80          
1.87  -1.170 0.715  0.221  0.50           0.33           0.59            -104.36       111.97        102.20         0.50        0.33        0.59         -75.33         67.59          77.54           -29.03        44.38         24.66          
1.90  -1.179 0.704  0.223  0.42           0.26           0.43            -126.38       -163.01       125.70         0.34        0.08        0.35         -89.82         -89.20         89.82           -36.56        -73.80        35.88          
1.93  -1.170 0.693  0.201  0.43           0.73           0.81            -52.13        69.08         71.06          0.61        0.85        0.92         -33.33         53.22          56.14           -18.80        15.86         14.92          
1.97  -1.169 0.687  0.196  0.19           0.15           0.24            -78.44        75.34         80.85          0.34        0.32        0.37         -33.09         26.99          39.59           -45.36        48.35         41.26          
2.00  -1.171 0.686  0.185  0.09           0.32           0.33            -159.92       104.87        104.80         0.17        0.36        0.36         -10.35         62.02          62.13           -149.57       42.85         42.67          
2.03  -1.183 0.690  0.184  0.36           0.34           0.36            160.26        173.45        159.36         0.15        0.10        0.15         125.70         156.00         124.38          34.56         17.45         34.97          
2.07  -1.195 0.698  0.179  0.44           0.39           0.47            145.45        156.61        140.88         0.27        0.19        0.31         114.11         125.46         110.75          31.34         31.14         30.13          
2.10  -1.210 0.705  0.171  0.50           0.51           0.55            153.89        152.80        144.62         0.30        0.31        0.38         132.28         130.93         122.11          21.61         21.87         22.51          
2.13  -1.228 0.714  0.176  0.60           0.57           0.62            155.17        -163.81       151.35         0.39        0.34        0.42         139.50         -151.81        134.76          15.67         -12.00        16.59          
2.17  -1.241 0.714  0.170  0.38           0.42           0.42            -179.61       154.90        154.90         0.13        0.22        0.22         -178.89        126.58         126.57          -0.72         28.33         28.33          
2.20  -1.258 0.710  0.175  0.54           0.54           0.55            -168.45       -166.18       162.26         0.30        0.31        0.32         -158.76        -154.93        148.69          -9.69         -11.25        13.57          
2.23  -1.272 0.697  0.178  0.55           0.41           0.56            -136.65       -165.65       135.63         0.40        0.18        0.42         -111.56        -145.57        110.88          -25.08        -20.08        24.75          
2.27  -1.285 0.703  0.180  0.43           0.40           0.43            155.83        -170.66       154.45         0.22        0.15        0.23         128.67         -155.40        126.92          27.16         -15.26        27.53          
2.30  -1.291 0.703  0.181  0.20           0.20           0.20            -178.26       -175.32       175.01         0.05        0.05        0.05         -7.64          -19.94         21.15           -170.62       -155.38       153.86         
2.33  -1.303 0.698  0.178  0.37           0.35           0.38            -158.08       165.80        154.58         0.17        0.13        0.19         -124.09        137.10         119.81          -33.99        28.70         34.77          
2.37  -1.305 0.695  0.180  0.12           0.10           0.14            -125.60       -134.40       120.02         0.21        0.19        0.22         -28.08         -21.31         33.46           -97.52        -113.09       86.57          
2.40  -1.302 0.693  0.190  0.10           0.31           0.32            -37.53        -74.98        75.27          0.34        0.45        0.45         -10.70         -42.49         43.09           -26.83        -32.48        32.19          
2.43  -1.309 0.691  0.199  0.21           0.32           0.33            -162.41       -127.73       126.93         0.08        0.26        0.27         -50.62         -78.62         78.94           -111.79       -49.11        47.99          
2.47  -1.311 0.679  0.205  0.36           0.18           0.39            -99.40        -108.95       98.48          0.40        0.26        0.43         -61.28         -41.34         63.73           -38.12        -67.60        34.75          
2.50  -1.313 0.662  0.206  0.53           0.08           0.54            -97.46        -144.71       97.43          0.56        0.19        0.56         -71.13         -15.18         71.21           -26.33        -129.54       26.22          
2.53  -1.297 0.654  0.216  0.52           0.56           0.60            -24.55        -32.03        37.76          0.76        0.78        0.81         -16.66         -22.29         26.91           -7.88         -9.74         10.85          
2.57  -1.291 0.634  0.223  0.63           0.29           0.67            -73.06        -50.32        74.05          0.74        0.49        0.78         -54.30         -27.07         56.00           -18.76        -23.26        18.04          
2.60  -1.280 0.621  0.229  0.52           0.38           0.55            -50.73        -28.04        53.14          0.71        0.61        0.73         -34.91         -16.90         37.27           -15.82        -11.14        15.87          
2.63  -1.267 0.609  0.223  0.53           0.43           0.56            -42.51        24.97         45.79          0.74        0.67        0.76         -29.25         15.88          32.14           -13.26        9.09          13.66          
2.67  -1.254 0.592  0.221  0.66           0.41           0.66            -52.15        10.04         52.41          0.83        0.66        0.84         -38.47         6.24           38.73           -13.68        3.80          13.68          
2.70  -1.238 0.572  0.214  0.75           0.51           0.78            -52.20        24.29         53.79          0.93        0.74        0.95         -39.92         16.32          41.55           -12.28        7.96          12.24          
2.73  -1.239 0.556  0.204  0.48           0.31           0.57            -94.37        96.86         93.69          0.53        0.37        0.61         -66.06         55.02          69.45           -28.31        41.84         24.24          
2.77  -1.222 0.545  0.191  0.60           0.65           0.71            -30.53        37.03         43.76          0.82        0.86        0.91         -21.67         26.94          32.83           -8.86         10.09         10.93          
2.80  -1.205 0.538  0.173  0.55           0.74           0.77            -22.77        46.20         48.35          0.79        0.93        0.95         -15.73         35.00          37.04           -7.03         11.21         11.30          
2.83  -1.195 0.535  0.151  0.33           0.73           0.74            -17.97        64.97         65.22          0.57        0.87        0.87         -10.17         49.82          50.14           -7.80         15.14         15.07          
2.87  -1.199 0.533  0.132  0.12           0.58           0.59            -156.36       100.55        100.52         0.15        0.59        0.59         -18.13         76.02          76.06           -138.23       24.53         24.45          
2.90  -1.211 0.523  0.088  0.49           1.36           1.39            -139.62       105.87        105.44         0.34        1.31        1.35         -111.02        95.31          95.16           -28.59        10.56         10.28          
2.93  -1.215 0.517  0.069  0.22           0.59           0.62            -121.70       101.35        100.80         0.23        0.60        0.63         -54.78         77.09          77.70           -66.92        24.26         23.11          
2.97  -1.198 0.497  0.014  0.77           1.73           1.82            -48.43        72.72         73.64          0.96        1.82        1.91         -37.16         65.17          66.41           -11.27        7.55          7.23           
3.00  -1.204 0.459  -0.015 1.17           0.90           1.46            -98.96        101.64        97.14          1.15        0.88        1.45         -86.59         85.55          87.29           -12.36        16.09         9.84           
3.03  -1.208 0.432  -0.049 0.83           1.02           1.30            -98.33        96.77         95.27          0.83        1.02        1.30         -80.94         82.63          84.26           -17.39        14.13         11.00          
3.07  -1.209 0.422  -0.099 0.29           1.51           1.53            -95.75        91.09         91.07          0.36        1.52        1.55         -52.08         81.64          81.78           -43.67        9.45          9.29           
3.10  -1.212 0.413  -0.129 0.29           0.89           0.93            -113.45       97.34         97.04          0.30        0.90        0.93         -62.63         81.26          81.62           -50.82        16.07         15.42          
3.13  -1.213 0.397  -0.155 0.49           0.78           0.92            -91.71        91.08         90.91          0.55        0.81        0.95         -64.43         73.17          75.66           -27.27        17.91         15.26          
3.17  -1.216 0.395  -0.180 0.09           0.77           0.77            -148.12       95.80         95.79          0.18        0.79        0.79         -15.75         77.38          77.40           -132.37       18.42         18.38          
3.20  -1.214 0.395  -0.212 0.05           0.94           0.94            -22.81        87.10         87.10          0.30        0.99        0.99         -3.85          72.44          72.44           -18.96        14.67         14.66          
3.23  -1.204 0.403  -0.235 0.38           0.77           0.80            40.60         67.75         68.89          0.59        0.89        0.92         24.71          52.69          54.28           15.89         15.06         14.61          
3.27  -1.190 0.412  -0.259 0.51           0.84           0.88            33.07         59.52         61.21          0.73        0.99        1.03         22.29          46.92          48.87           10.79         12.60         12.34          
3.30  -1.174 0.408  -0.276 0.49           0.68           0.69            -13.85        46.02         46.81          0.73        0.87        0.88         -9.17          34.15          34.88           -4.68         11.88         11.93          
3.33  -1.158 0.398  -0.290 0.58           0.65           0.72            -31.16        40.87         46.55          0.80        0.86        0.91         -21.87         29.87          35.01           -9.30         11.01         11.54          
3.37  -1.134 0.384  -0.311 0.84           0.96           1.05            -30.90        41.02         46.56          1.06        1.16        1.23         -23.96         32.86          38.10           -6.94         8.16          8.46           
3.40  -1.099 0.370  -0.323 1.13           1.11           1.19            -22.71        20.13         29.09          1.36        1.34        1.41         -18.64         16.46          24.16           -4.07         3.67          4.93           
3.43  -1.063 0.350  -0.331 1.25           1.12           1.27            -28.41        11.73         30.09          1.48        1.37        1.49         -23.79         9.60           25.28           -4.63         2.13          4.82           
3.47  -1.019 0.334  -0.339 1.39           1.34           1.42            -19.19        10.70         21.61          1.63        1.59        1.65         -16.31         9.02           18.41           -2.89         1.68          3.19           
3.50  -0.980 0.311  -0.345 1.35           1.17           1.36            -30.89        8.85          31.72          1.57        1.42        1.58         -26.20         7.30           26.96           -4.68         1.55          4.77           
3.53  -0.934 0.287  -0.336 1.58           1.42           1.61            -28.13        -11.80        29.85          1.80        1.67        1.83         -24.38         -10.04         25.95           -3.75         -1.76         3.91           
3.57  -0.884 0.265  -0.331 1.62           1.50           1.63            -23.24        -5.94         23.84          1.85        1.74        1.86         -20.18         -5.09          20.72           -3.05         -0.85         3.12           
3.60  -0.832 0.258  -0.314 1.58           1.64           1.65            -8.37         -17.63        19.31          1.83        1.88        1.89         -7.23          -15.32         16.80           -1.14         -2.31         2.50           
3.63  -0.777 0.236  -0.289 1.78           1.82           1.93            -20.91        -24.12        30.48          2.01        2.05        2.15         -18.37         -21.27         27.10           -2.54         -2.85         3.39           
3.67  -0.717 0.227  -0.260 1.80           1.98           2.00            -8.84         -26.36        27.45          2.04        2.21        2.22         -7.77          -23.48         24.48           -1.08         -2.88         2.97           
3.70  -0.655 0.224  -0.246 1.88           1.92           1.92            -3.35         -12.33        12.75          2.13        2.16        2.17         -2.96          -10.91         11.29           -0.39         -1.41         1.46           
3.73  -0.594 0.225  -0.227 1.83           1.92           1.92            1.00          -17.44        17.47          2.08        2.16        2.16         0.88           -15.46         15.48           0.12          -1.99         1.99           
3.77  -0.532 0.239  -0.214 1.91           1.90           1.95            13.00         -11.71        17.23          2.15        2.14        2.19         11.50          -10.35         15.29           1.50          -1.36         1.94           
3.80  -0.474 0.257  -0.207 1.83           1.76           1.84            17.70         -7.30         18.98          2.07        2.01        2.08         15.60          -6.39          16.74           2.11          -0.91         2.24           
3.83  -0.422 0.294  -0.198 1.90           1.58           1.92            35.00         -9.79         35.79          2.11        1.82        2.12         31.10          -8.45          31.85           3.90          -1.33         3.95           
3.87  -0.378 0.311  -0.210 1.41           1.36           1.46            21.10         15.86         25.60          1.64        1.61        1.68         17.96          13.42          21.93           3.14          2.44          3.68           
3.90  -0.341 0.338  -0.204 1.38           1.14           1.39            35.75         -8.84         36.37          1.59        1.38        1.60         30.49          -7.25          31.07           5.26          -1.59         5.31           
3.93  -0.305 0.357  -0.207 1.21           1.07           1.21            27.99         4.15          28.21          1.44        1.32        1.44         23.31          3.37           23.50           4.68          0.78          4.71           
3.97  -0.276 0.372  -0.211 1.00           0.89           1.00            27.33         7.44          28.06          1.22        1.14        1.23         21.94          5.82           22.56           5.39          1.63          5.49           
4.00  -0.247 0.378  -0.230 0.87           1.03           1.05            12.91         34.49         35.92          1.12        1.25        1.26         10.04          27.98          29.25           2.86          6.52          6.67           
4.03  -0.232 0.393  -0.258 0.65           0.94           1.05            44.01         60.29         63.45          0.85        1.09        1.18         32.20          48.80          52.52           11.82         11.49         10.93          
4.07  -0.208 0.400  -0.288 0.74           1.15           1.16            16.57         51.90         52.64          0.98        1.31        1.33         12.40          43.30          44.06           4.17          8.61          8.58           
4.10  -0.198 0.411  -0.323 0.44           1.12           1.16            45.58         73.88         74.51          0.64        1.21        1.25         29.47          62.43          63.40           16.11         11.44         11.10          
4.13  -0.186 0.397  -0.358 0.54           1.08           1.16            -50.68        71.53         72.81          0.72        1.18        1.25         -35.20         59.97          61.84           -15.48        11.56         10.97          
4.17  -0.179 0.396  -0.392 0.23           1.05           1.05            -9.99         77.60         77.61          0.48        1.13        1.13         -4.77          65.09          65.10           -5.22         12.51         12.50          
4.20  -0.176 0.368  -0.433 0.85           1.23           1.49            -84.90        86.49         87.10          0.90        1.27        1.52         -68.90         75.13          77.66           -16.00        11.36         9.44           
4.23  -0.172 0.352  -0.474 0.50           1.24           1.33            -73.52        83.42         83.87          0.62        1.29        1.38         -50.79         72.36          73.50           -22.73        11.06         10.37          
4.27  -0.177 0.339  -0.513 0.40           1.19           1.25            -112.24       97.22         96.90          0.38        1.19        1.24         -74.79         85.18          85.40           -37.45        12.04         11.50          
4.30  -0.191 0.325  -0.569 0.62           1.73           1.78            -135.34       104.77        104.32         0.47        1.68        1.73         -113.60        96.50          96.29           -21.73        8.28          8.03           
4.33  -0.203 0.316  -0.608 0.43           1.22           1.25            -142.48       106.28        105.90         0.28        1.17        1.20         -109.19        94.46          94.35           -33.29        11.82         11.55          
4.37  -0.226 0.338  -0.641 0.96           1.23           1.39            137.54        125.23        120.68         0.80        1.11        1.28         125.31         114.60         111.03          12.23         10.64         9.65           
4.40  -0.220 0.328  -0.684 0.35           1.31           1.34            -55.95        81.33         81.54          0.53        1.37        1.40         -33.16         70.95          71.38           -22.79        10.38         10.16          
4.43  -0.274 0.337  -0.708 1.66           1.79           1.81            170.46        156.64        155.14         1.42        1.56        1.58         168.79         153.00         151.33          1.67          3.64          3.80           
4.47  -0.301 0.337  -0.732 0.81           1.07           1.07            -179.56       138.72        138.72         0.56        0.90        0.90         -179.36        128.16         128.16          -0.20         10.55         10.55          
4.50  -0.323 0.334  -0.749 0.67           0.84           0.85            -172.03       141.66        141.23         0.42        0.66        0.67         -167.29        128.13         127.70          -4.74         13.53         13.52          
4.53  -0.357 0.330  -0.764 1.01           1.10           1.11            -173.82       155.73        155.12         0.76        0.88        0.89         -171.80        149.03         148.31          -2.02         6.70          6.81           
4.57  -0.369 0.316  -0.778 0.55           0.54           0.69            -130.09       130.92        121.13         0.44        0.42        0.60         -104.02        104.42         100.15          -26.08        26.51         20.98          
4.60  -0.385 0.309  -0.777 0.54           0.50           0.54            -156.33       -178.20       156.28         0.33        0.25        0.33         -138.52        -176.38        138.45          -17.81        -1.82         17.83          
4.63  -0.395 0.311  -0.770 0.30           0.37           0.37            168.28        -144.18       143.10         0.08        0.22        0.23         127.20         -102.31        101.84          41.08         -41.87        41.25          
4.67  -0.398 0.288  -0.745 0.70           0.75           1.03            -97.36        -96.91        95.05          0.72        0.76        1.03         -77.13         -77.91         81.12           -20.24        -19.00        13.94          
4.70  -0.401 0.280  -0.714 0.26           0.95           0.98            -109.95       -95.28        95.11          0.29        0.96        0.99         -55.86         -80.21         80.51           -54.09        -15.07        14.61          
4.73  -0.407 0.270  -0.672 0.35           1.27           1.30            -123.39       -98.66        98.44          0.30        1.26        1.29         -78.62         -87.34         87.41           -44.77        -11.32        11.04          
4.77  -0.398 0.245  -0.640 0.80           0.99           1.24            -69.86        -73.92        77.23          0.92        1.09        1.32         -55.01         -61.18         66.61           -14.85        -12.74        10.62          
4.80  -0.400 0.245  -0.593 0.04           1.42           1.42            -175.88       -91.64        91.64          0.21        1.44        1.44         -0.81          -81.63         81.63           -175.07       -10.01        10.01          
4.83  -0.400 0.234  -0.564 0.33           0.87           0.93            -93.19        -91.20        91.12          0.40        0.90        0.96         -54.63         -75.10         76.01           -38.56        -16.10        15.11          
4.87  -0.400 0.226  -0.526 0.25           1.14           1.16            -92.46        -90.53        90.52          0.34        1.16        1.19         -45.70         -78.09         78.35           -46.76        -12.44        12.17          
4.90  -0.400 0.226  -0.494 0.02           0.97           0.97            37.12         -88.92        88.92          0.27        1.01        1.01         2.95           -74.52         74.52           34.17         -14.40        14.40          
4.93  -0.404 0.223  -0.463 0.16           0.91           0.92            -140.65       -97.62        97.58          0.16        0.91        0.92         -37.60         -81.89         81.94           -103.06       -15.74        15.64          
4.97  -0.402 0.217  -0.431 0.20           0.96           0.98            -76.98        -87.35        87.40          0.35        1.00        1.02         -33.11         -72.91         73.23           -43.87        -14.43        14.17          
5.00  -0.397 0.205  -0.403 0.38           0.86           0.93            -65.85        -79.60        80.36          0.53        0.94        1.00         -40.51         -64.39         66.08           -25.34        -15.21        14.28          
5.03  -0.401 0.215  -0.376 0.32           0.82           0.87            109.14        -97.44        96.96          0.34        0.82        0.88         64.72          -79.93         80.56           44.42         -17.51        16.40          
5.07  -0.403 0.214  -0.357 0.09           0.58           0.58            -156.19       -98.04        98.03          0.17        0.59        0.60         -11.85         -73.45         73.48           -144.34       -24.60        24.55          
5.10  -0.399 0.198  -0.332 0.49           0.77           0.90            -75.27        -80.74        82.11          0.60        0.85        0.97         -51.55         -63.77         67.28           -23.73        -16.97        14.83          
5.13  -0.398 0.194  -0.291 0.12           1.23           1.23            -76.93        -88.69        88.70          0.30        1.26        1.26         -23.47         -77.22         77.28           -53.46        -11.47        11.42          
5.17  -0.390 0.191  -0.261 0.28           0.93           0.94            -21.95        -74.10        74.20          0.52        1.03        1.04         -11.52         -60.62         60.78           -10.43        -13.48        13.42          
5.20  -0.391 0.201  -0.243 0.29           0.55           0.62            94.53         -92.39        92.11          0.37        0.60        0.66         51.97          -67.64         69.99           42.57         -24.75        22.12          
5.23  -0.379 0.194  -0.223 0.41           0.68           0.71            -28.75        -58.49        59.84          0.64        0.84        0.86         -17.87         -43.79         45.32           -10.88        -14.70        14.52          
5.27  -0.377 0.194  -0.215 0.06           0.25           0.25            -0.87         -77.00        77.00          0.31        0.39        0.39         -0.16          -38.07         38.07           -0.71         -38.93        38.93          
5.30  -0.367 0.195  -0.203 0.31           0.47           0.47            3.08          -49.42        49.45          0.56        0.66        0.66         1.70           -32.78         32.81           1.38          -16.64        16.64          
5.33  -0.354 0.211  -0.195 0.61           0.44           0.65            52.93         -33.31        55.91          0.78        0.66        0.82         38.21          -21.34         41.31           14.72         -11.96        14.61          
5.37  -0.337 0.217  -0.204 0.55           0.58           0.61            20.35         27.83         32.83          0.78        0.81        0.83         13.99          19.52          23.42           6.36          8.31          9.40           
5.40  -0.334 0.237  -0.215 0.61           0.32           0.68            79.82         70.43         80.89          0.70        0.47        0.76         59.22          40.29          62.00           20.61         30.14         18.90          
5.43  -0.318 0.239  -0.228 0.49           0.63           0.63            5.96          38.80         39.03          0.74        0.83        0.84         3.95           27.98          28.18           2.01          10.81         10.85          
5.47  -0.307 0.251  -0.241 0.48           0.52           0.63            49.72         53.09         60.66          0.67        0.70        0.79         33.18          36.42          44.59           16.54         16.67         16.07          
5.50  -0.291 0.243  -0.263 0.54           0.81           0.84            -25.26        52.85         54.49          0.77        0.98        1.01         -17.33         41.11          42.82           -7.93         11.74         11.67          
5.53  -0.277 0.243  -0.287 0.43           0.85           0.85            -1.19         59.66         59.66          0.68        1.00        1.00         -0.75          47.15          47.16           -0.44         12.51         12.51          
5.57  -0.260 0.223  -0.306 0.79           0.77           0.97            -48.90        48.04         57.95          0.97        0.96        1.13         -37.69         36.86          47.11           -11.21        11.18         10.84          
5.60  -0.246 0.213  -0.338 0.50           1.03           1.07            -35.84        66.62         67.57          0.72        1.15        1.19         -24.14         55.14          56.38           -11.69        11.48         11.20          
5.63  -0.233 0.189  -0.357 0.82           0.68           0.99            -62.07        55.87         67.34          0.96        0.85        1.12         -48.79         41.77          55.40           -13.28        14.11         11.94          
5.67  -0.215 0.176  -0.375 0.67           0.76           0.86            -36.08        44.93         51.01          0.88        0.96        1.03         -26.48         34.30          40.19           -9.60         10.63         10.82          
5.70  -0.197 0.173  -0.384 0.55           0.61           0.62            -10.43        26.58         28.06          0.80        0.84        0.85         -7.20          18.94          20.08           -3.24         7.64          7.98           
5.73  -0.185 0.178  -0.397 0.38           0.54           0.56            23.55         49.25         51.11          0.62        0.72        0.74         14.25          34.09          35.86           9.29          15.17         15.25          
5.77  -0.178 0.189  -0.409 0.39           0.42           0.53            55.70         58.09         65.30          0.57        0.59        0.67         34.53          37.01          45.58           21.17         21.08         19.72          
5.80  -0.167 0.207  -0.415 0.63           0.36           0.65            59.11         26.64         60.19          0.78        0.59        0.80         43.22          15.75          44.45           15.90         10.90         15.74          
5.83  -0.153 0.207  -0.411 0.42           0.43           0.43            1.41          -14.55        14.61          0.67        0.68        0.68         0.88           -9.24          9.28            0.52          -5.31         5.33           
5.87  -0.139 0.210  -0.409 0.42           0.42           0.43            11.97         -9.08         14.87          0.67        0.66        0.67         7.51           -5.68          9.38            4.46          -3.40         5.49           
5.90  -0.146 0.221  -0.398 0.38           0.37           0.50            119.18        -120.23       111.96         0.34        0.33        0.47         79.30          -78.85         82.23           39.88         -41.38        29.72          
5.93  -0.147 0.227  -0.375 0.18           0.70           0.72            106.90        -94.25        94.13          0.26        0.72        0.74         40.69          -74.13         74.56           66.20         -20.12        19.56          
5.97  -0.146 0.227  -0.350 0.06           0.75           0.75            5.87          -85.71        85.71          0.31        0.81        0.81         1.08           -67.81         67.81           4.79          -17.90        17.90          
6.00  -0.152 0.208  -0.326 0.58           0.73           0.92            -108.00       -104.30       101.34         0.56        0.71        0.90         -82.88         -84.40         85.59           -25.13        -19.90        15.75          
6.03  -0.159 0.200  -0.306 0.33           0.65           0.70            -132.29       -109.89       108.59         0.25        0.62        0.66         -83.68         -87.48         87.66           -48.61        -22.42        20.93          
6.07  -0.169 0.195  -0.268 0.33           1.15           1.16            -151.95       -104.86       104.72         0.16        1.11        1.13         -106.12        -92.34         92.32           -45.82        -12.52        12.40          
6.10  -0.172 0.201  -0.240 0.21           0.85           0.87            119.15        -96.94        96.79          0.24        0.86        0.88         51.64          -80.20         80.42           67.51         -16.75        16.37          
6.13  -0.181 0.198  -0.220 0.27           0.64           0.65            -159.84       -112.79       112.55         0.09        0.59        0.60         -89.30         -89.89         89.89           -70.55        -22.90        22.66          
6.17  -0.176 0.188  -0.194 0.33           0.80           0.86            -65.67        -80.22        80.85          0.49        0.88        0.93         -37.95         -63.95         65.45           -27.72        -16.27        15.40          
6.20  -0.186 0.183  -0.167 0.34           0.86           0.87            -151.58       -110.31       109.95         0.17        0.81        0.82         -106.48        -93.39         93.33           -45.10        -16.92        16.62          
6.23  -0.185 0.170  -0.137 0.38           0.91           0.99            -86.65        -88.62        88.73          0.46        0.95        1.03         -54.09         -73.44         74.62           -32.56        -15.19        14.11          
6.27  -0.190 0.174  -0.127 0.20           0.34           0.36            141.72        -117.64       115.82         0.15        0.31        0.34         53.16          -72.80         74.03           88.56         -44.84        41.79          
6.30  -0.191 0.173  -0.106 0.06           0.63           0.63            -109.21       -91.68        91.67          0.24        0.67        0.68         -12.93         -69.89         69.95           -96.28        -21.79        21.72          
6.33  -0.193 0.164  -0.083 0.27           0.67           0.72            -99.93        -93.91        93.64          0.33        0.70        0.75         -52.10         -73.11         74.20           -47.83        -20.80        19.44          
6.37  -0.195 0.169  -0.058 0.18           0.76           0.78            112.60        -95.06        94.95          0.24        0.78        0.80         41.52          -76.49         76.78           71.08         -18.57        18.17          
6.40  -0.192 0.166  -0.033 0.14           0.76           0.77            -46.25        -82.76        82.82          0.36        0.83        0.84         -16.16         -65.39         65.58           -30.09        -17.37        17.25          
6.43  -0.186 0.160  -0.012 0.25           0.64           0.66            -42.40        -73.51        74.05          0.46        0.75        0.77         -21.08         -54.95         55.89           -21.32        -18.56        18.16          
6.47  -0.185 0.157  -0.011 0.11           0.04           0.12            -86.42        -79.60        86.61          0.28        0.26        0.28         -23.34         -8.36          24.51           -63.08        -71.24        62.11          
6.50  -0.181 0.149  -0.007 0.28           0.19           0.30            -59.17        -41.17        62.11          0.46        0.41        0.47         -31.14         -17.51         34.28           -28.02        -23.66        27.83          
6.53  -0.171 0.134  -0.001 0.53           0.35           0.56            -55.77        -29.80        57.63          0.71        0.58        0.73         -38.74         -17.36         40.73           -17.03        -12.44        16.90          
6.57  -0.167 0.121  0.000  0.42           0.13           0.42            -73.14        -16.31        73.20          0.55        0.37        0.55         -47.18         -5.47          47.30           -25.96        -10.84        25.91          
6.60  -0.164 0.115  -0.015 0.20           0.45           0.48            -66.77        80.04         80.77          0.37        0.55        0.58         -28.74         53.29          55.38           -38.03        26.76         25.39          
6.63  -0.163 0.104  -0.035 0.31           0.61           0.68            -84.91        87.42         87.70          0.41        0.67        0.73         -47.88         65.42          67.80           -37.03        22.00         19.90          
6.67  -0.164 0.101  -0.049 0.10           0.43           0.44            -98.90        92.14         92.08          0.26        0.49        0.50         -23.53         61.27          61.94           -75.37        30.87         30.14          
6.70  -0.178 0.106  -0.086 0.45           1.18           1.19            160.34        111.06        110.88         0.23        1.12        1.13         139.13         99.03          98.95           21.21         12.03         11.93          
6.73  -0.170 0.101  -0.106 0.28           0.64           0.65            -30.04        67.53         68.09          0.51        0.77        0.78         -15.95         50.06          50.85           -14.09        17.46         17.24          
6.77  -0.167 0.086  -0.131 0.48           0.76           0.89            -80.19        83.82         84.76          0.58        0.82        0.95         -54.91         66.28          69.57           -25.28        17.55         15.19          
6.80  -0.169 0.086  -0.161 0.06           0.90           0.90            174.68        93.96         93.96          0.19        0.92        0.92         1.77           78.18          78.18           172.91        15.77         15.77          
6.83  -0.170 0.083  -0.181 0.09           0.60           0.60            -102.69       91.89         91.87          0.25        0.64        0.65         -20.88         68.94          69.15           -81.81        22.95         22.72          
6.87  -0.169 0.092  -0.199 0.29           0.55           0.62            86.70         88.28         88.47          0.39        0.61        0.68         47.15          64.15          66.76           39.55         24.13         21.71          
6.90  -0.168 0.089  -0.218 0.10           0.58           0.58            -62.91        85.25         85.31          0.31        0.65        0.65         -17.41         62.63          62.93           -45.50        22.62         22.38          
6.93  -0.174 0.093  -0.231 0.23           0.44           0.45            150.38        116.60        115.71         0.12        0.40        0.41         64.11          82.13          82.43           86.27         34.46         33.28          
6.97  -0.159 0.090  -0.243 0.47           0.58           0.59            -12.36        37.21         38.32          0.72        0.79        0.80         -8.10          26.23          27.15           -4.27         10.98         11.17          
7.00  -0.156 0.104  -0.246 0.43           0.13           0.44            78.93         49.12         79.19          0.53        0.35        0.54         51.61          15.93          52.31           27.31         33.19         26.89          
7.03  -0.144 0.119  -0.252 0.58           0.39           0.60            52.89         27.99         54.93          0.75        0.62        0.78         37.54          17.17          39.63           15.35         10.82         15.30          
7.07  -0.143 0.138  -0.262 0.58           0.29           0.65            86.64         83.17         86.98          0.65        0.40        0.71         63.88          45.04          66.24           22.76         38.13         20.74          
7.10  -0.148 0.172  -0.267 1.01           0.23           1.03            98.77         131.43        98.64          1.01        0.20        1.02         84.56          61.44          84.64           14.21         69.99         14.00          
7.13  -0.151 0.182  -0.270 0.32           0.10           0.32            103.98        140.47        103.71         0.35        0.18        0.36         60.54          19.99          61.05           43.44         120.48        42.66          
7.17  -0.162 0.216  -0.273 1.09           0.36           1.09            108.45        162.88        108.36         1.03        0.14        1.04         95.19          131.49         95.17           13.26         31.39         13.19          
7.20  -0.169 0.237  -0.271 0.65           0.21           0.66            107.24        -159.30       107.13         0.63        0.09        0.63         84.86          -52.50         84.89           22.38         -106.80       22.24          
7.23  -0.179 0.246  -0.273 0.41           0.32           0.41            139.47        168.09        138.64         0.27        0.09        0.28         102.59         132.15         102.24          36.88         35.94         36.40          
7.27  -0.188 0.267  -0.269 0.69           0.30           0.70            113.82        -159.34       113.53         0.63        0.11        0.64         92.63          -105.42        92.59           21.19         -53.91        20.94          
7.30  -0.197 0.271  -0.263 0.28           0.33           0.35            157.23        -141.55       138.08         0.11        0.20        0.23         93.66          -91.93         91.71           63.58         -49.62        46.37          
7.33  -0.202 0.286  -0.256 0.50           0.26           0.54            109.15        -128.81       107.69         0.48        0.22        0.52         79.47          -66.71         80.31           29.68         -62.11        27.37          
7.37  -0.211 0.305  -0.242 0.62           0.50           0.75            115.54        -121.83       110.74         0.56        0.43        0.70         91.56          -92.03         91.24           23.97         -29.80        19.50          
7.40  -0.219 0.320  -0.231 0.52           0.39           0.61            115.76        -125.04       111.68         0.47        0.32        0.57         87.13          -85.83         87.64           28.62         -39.21        24.04          
7.43  -0.219 0.321  -0.212 0.02           0.55           0.55            150.36        -92.06        92.06          0.23        0.60        0.60         2.80           -67.26         67.26           147.56        -24.81        24.80          
7.47  -0.215 0.321  -0.198 0.13           0.44           0.44            -0.84         -73.37        73.37          0.38        0.57        0.57         -0.28          -48.36         48.36           -0.56         -25.01        25.01          
7.50  -0.220 0.326  -0.182 0.22           0.53           0.55            130.25        -106.00       105.19         0.20        0.52        0.54         58.46          -78.26         78.86           71.79         -27.74        26.33          
7.53  -0.217 0.314  -0.166 0.37           0.48           0.60            -77.06        -80.14        82.11          0.49        0.58        0.68         -47.27         -55.05         60.87           -29.79        -25.09        21.24          
7.57  -0.205 0.313  -0.153 0.38           0.53           0.53            -5.74         -44.13        44.28          0.63        0.73        0.73         -3.47          -30.32         30.46           -2.27         -13.81        13.83          
7.60  -0.196 0.300  -0.151 0.46           0.26           0.47            -56.58        -15.52        57.02          0.64        0.51        0.64         -37.43         -7.99          37.89           -19.15        -7.54         19.13          
7.63  -0.177 0.288  -0.141 0.67           0.64           0.74            -32.54        -29.00        40.20          0.89        0.87        0.94         -23.83         -20.99         30.33           -8.71         -8.01         9.88           
7.67  -0.176 0.290  -0.150 0.09           0.28           0.29            50.05         78.25         78.59          0.31        0.41        0.42         12.47          41.68          42.53           37.58         36.57         36.05          
7.70  -0.165 0.283  -0.153 0.39           0.35           0.41            -32.61        16.99         35.34          0.62        0.59        0.63         -20.02         9.88           21.99           -12.59        7.12          13.34          
7.73  -0.158 0.280  -0.163 0.22           0.36           0.37            -27.71        57.15         58.56          0.46        0.54        0.55         -12.91         34.06          35.52           -14.80        23.09         23.03          
7.77  -0.145 0.268  -0.176 0.53           0.54           0.65            -43.69        44.17         53.72          0.73        0.74        0.82         -30.06         30.49          39.54           -13.62        13.69         14.18          
7.80  -0.141 0.262  -0.193 0.20           0.53           0.55            -52.88        76.65         77.24          0.41        0.64        0.66         -23.47         54.16          55.42           -29.41        22.49         21.81          
7.83  -0.123 0.252  -0.202 0.64           0.62           0.70            -30.67        27.48         38.26          0.86        0.85        0.91         -22.16         19.66          28.44           -8.51         7.82          9.82           
7.87  -0.120 0.251  -0.214 0.10           0.35           0.35            -11.50        73.69         73.72          0.35        0.49        0.49         -3.30          44.10          44.15           -8.20         29.59         29.57          
7.90  -0.098 0.240  -0.225 0.73           0.75           0.81            -25.97        28.44         36.07          0.96        0.98        1.03         -19.45         21.43          27.84           -6.52         7.01          8.24           
7.93  -0.076 0.237  -0.242 0.65           0.81           0.82            -9.76         38.29         38.94          0.90        1.02        1.03         -7.05          29.58          30.15           -2.71         8.71          8.79           
7.97  -0.065 0.242  -0.245 0.39           0.35           0.40            27.20         11.52         28.94          0.62        0.60        0.63         16.63          6.75           17.81           10.58         4.77          11.13          
8.00  -0.060 0.252  -0.255 0.32           0.35           0.45            63.84         66.14         71.81          0.48        0.50        0.58         36.23          39.13          47.59           27.61         27.01         24.21          
