time  x      y      z      groundspeedxy  groundspeedxz  groundspeedxyz  trackanglexy  trackanglexz  trackanglexyz  airspeedxy  airspeedxz  airspeedxyz  courseanglexy  courseanglexz  courseanglexyz  driftanglexy  driftanglexz  driftanglexyz  
0.00  -0.905 0.257  -0.637 
0.03  -0.896 0.251  -0.603 0.32           1.04           1.05            -34.14        -75.43        75.64          1.27        1.61        1.62         -7.99          -38.54         38.97           -26.15        -36.89        36.68          
0.07  -0.895 0.242  -0.572 0.30           0.96           1.00            -82.60        -87.72        87.82          1.08        1.41        1.44         -15.77         -42.65         43.93           -66.83        -45.07        43.89          
0.10  -0.893 0.240  -0.549 0.07           0.67           0.67            -44.73        -85.62        85.63          1.05        1.25        1.25         -2.77          -32.47         32.55           -41.96        -53.15        53.08          
0.13  -0.896 0.242  -0.517 0.11           0.96           0.96            154.65        -95.86        95.85          0.90        1.32        1.32         2.96           -46.74         46.77           151.69        -49.12        49.08          
0.17  -0.895 0.242  -0.504 0.06           0.41           0.41            23.23         -82.79        82.80          1.05        1.13        1.13         1.20           -21.14         21.17           22.02         -61.65        61.63          
0.20  -0.896 0.243  -0.493 0.05           0.33           0.33            161.47        -97.74        97.74          0.96        1.01        1.01         0.90           -19.05         19.07           160.57        -78.69        78.67          
0.23  -0.906 0.243  -0.485 0.30           0.39           0.39            176.36        -141.29       141.20         0.70        0.74        0.74         1.59           -19.30         19.35           174.77        -121.99       121.85         
0.27  -0.916 0.244  -0.474 0.29           0.44           0.44            175.27        -131.52       131.44         0.71        0.78        0.78         1.94           -24.81         24.87           173.33        -106.71       106.57         
0.30  -0.919 0.244  -0.462 0.10           0.37           0.37            -168.56       -104.47       104.45         0.91        0.98        0.98         -1.19          -21.70         21.72           -167.37       -82.78        82.73          
0.33  -0.925 0.238  -0.455 0.25           0.28           0.32            -140.20       -134.84       127.44         0.82        0.83        0.84         -11.37         -13.64         17.50           -128.82       -121.20       109.95         
0.37  -0.922 0.234  -0.445 0.16           0.33           0.35            -46.80        -70.46        71.63          1.12        1.15        1.16         -5.98          -15.49         16.51           -40.82        -54.96        55.12          
0.40  -0.923 0.224  -0.442 0.30           0.10           0.31            -96.80        -111.62       96.52          1.01        0.97        1.01         -17.10         -5.29          17.81           -79.70        -106.33       78.71          
0.43  -0.917 0.214  -0.433 0.37           0.32           0.45            -62.32        -57.88        68.07          1.21        1.20        1.24         -15.47         -13.02         19.83           -46.86        -44.86        48.25          
0.47  -0.899 0.204  -0.432 0.62           0.56           0.63            -26.89        -3.05         27.02          1.58        1.56        1.58         -10.29         -1.09          10.34           -16.60        -1.96         16.67          
0.50  -0.883 0.199  -0.427 0.50           0.50           0.53            -18.61        -18.62        25.47          1.48        1.48        1.49         -6.18          -6.19          8.71            -12.43        -12.43        16.76          
0.53  -0.859 0.188  -0.422 0.80           0.74           0.81            -23.74        -10.66        25.56          1.76        1.74        1.76         -10.51         -4.54          11.41           -13.23        -6.12         14.16          
0.57  -0.835 0.176  -0.407 0.80           0.84           0.91            -27.25        -32.37        39.24          1.75        1.77        1.80         -12.05         -14.72         18.71           -15.20        -17.65        20.53          
0.60  -0.813 0.171  -0.397 0.69           0.74           0.76            -12.40        -24.71        27.02          1.68        1.70        1.71         -5.06          -10.51         11.62           -7.34         -14.20        15.40          
0.63  -0.786 0.163  -0.381 0.81           0.91           0.94            -16.23        -30.69        33.47          1.80        1.84        1.86         -7.28          -14.60         16.18           -8.95         -16.09        17.29          
0.67  -0.767 0.158  -0.361 0.62           0.86           0.87            -16.60        -46.04        47.18          1.60        1.71        1.72         -6.34          -21.14         21.92           -10.26        -24.90        25.26          
0.70  -0.743 0.154  -0.346 0.72           0.83           0.84            -8.15         -30.98        31.68          1.71        1.76        1.77         -3.41          -14.02         14.39           -4.74         -16.96        17.29          
0.73  -0.720 0.155  -0.328 0.69           0.88           0.88            1.73          -37.99        38.01          1.69        1.77        1.77         0.71           -17.70         17.71           1.03          -20.29        20.30          
0.77  -0.701 0.168  -0.319 0.68           0.63           0.74            35.29         -27.48        41.30          1.61        1.58        1.63         14.20          -10.54         17.44           21.09         -16.95        23.86          
0.80  -0.678 0.184  -0.308 0.85           0.77           0.91            35.06         -24.49        39.92          1.77        1.73        1.80         16.11          -10.62         19.00           18.95         -13.87        20.92          
0.83  -0.652 0.183  -0.304 0.77           0.79           0.79            -3.36         -10.00        10.53          1.77        1.78        1.78         -1.47          -4.40          4.63            -1.90         -5.61         5.90           
0.87  -0.638 0.202  -0.300 0.70           0.43           0.71            53.58         -15.40        54.13          1.53        1.42        1.53         21.76          -4.64          22.16           31.81         -10.76        31.96          
0.90  -0.628 0.210  -0.300 0.39           0.31           0.39            37.38         0.91          37.39          1.33        1.31        1.33         10.17          0.21           10.18           27.21         0.70          27.21          
0.93  -0.620 0.220  -0.310 0.39           0.38           0.49            51.68         51.08         60.54          1.28        1.28        1.31         13.79          13.51          18.95           37.89         37.57         41.59          
0.97  -0.615 0.220  -0.327 0.16           0.53           0.53            6.49          72.24         72.26          1.16        1.27        1.27         0.91           23.51          23.52           5.58          48.73         48.73          
1.00  -0.606 0.228  -0.349 0.36           0.72           0.75            41.14         67.91         69.07          1.29        1.43        1.45         10.49          27.57          28.99           30.65         40.34         40.08          
1.03  -0.603 0.237  -0.372 0.28           0.70           0.75            73.24         83.35         83.79          1.11        1.29        1.32         14.03          32.84          34.69           59.21         50.51         49.11          
1.07  -0.602 0.246  -0.397 0.28           0.75           0.80            81.04         86.66         86.87          1.08        1.28        1.31         14.88          35.67          37.43           66.16         50.99         49.44          
1.10  -0.586 0.241  -0.423 0.50           0.91           0.93            -18.78        58.72         59.25          1.48        1.67        1.68         -6.24          27.90          28.40           -12.54        30.82         30.85          
1.13  -0.577 0.233  -0.449 0.36           0.82           0.85            -42.70        70.98         71.82          1.29        1.48        1.50         -10.99         31.41          32.65           -31.71        39.57         39.16          
1.17  -0.557 0.231  -0.477 0.60           1.03           1.04            -6.34         54.98         55.06          1.59        1.80        1.81         -2.37          27.99          28.06           -3.97         26.99         27.00          
1.20  -0.538 0.233  -0.500 0.58           0.89           0.90            6.89          49.55         49.69          1.58        1.72        1.72         2.54           23.28          23.39           4.35          26.26         26.30          
1.23  -0.511 0.219  -0.511 0.90           0.87           0.96            -27.14        22.50         33.39          1.85        1.83        1.88         -12.84         10.43          16.33           -14.31        12.07         17.06          
1.27  -0.504 0.211  -0.518 0.31           0.31           0.39            -48.00        47.28         57.19          1.23        1.23        1.25         -10.92         10.65          15.08           -37.08        36.62         42.11          
1.30  -0.488 0.200  -0.510 0.58           0.53           0.63            -35.78        -27.61        41.68          1.51        1.49        1.53         -13.00         -9.52          15.92           -22.77        -18.10        25.76          
1.33  -0.482 0.191  -0.483 0.33           0.85           0.89            -55.24        -77.03        77.67          1.22        1.45        1.47         -12.95         -34.73         36.14           -42.28        -42.30        41.53          
1.37  -0.477 0.176  -0.457 0.49           0.78           0.90            -71.41        -78.50        80.12          1.24        1.38        1.46         -21.77         -33.44         37.66           -49.64        -45.06        42.47          
1.40  -0.480 0.156  -0.420 0.60           1.12           1.27            -98.88        -94.72        94.17          1.08        1.44        1.56         -33.02         -50.92         54.31           -65.86        -43.80        39.86          
1.43  -0.490 0.144  -0.379 0.46           1.25           1.30            -128.83       -103.32       102.80         0.80        1.41        1.45         -26.67         -59.64         60.67           -102.16       -43.68        42.13          
1.47  -0.502 0.133  -0.345 0.50           1.11           1.16            -138.12       -109.85       108.96         0.71        1.21        1.26         -28.34         -59.03         60.27           -109.79       -50.82        48.68          
1.50  -0.507 0.113  -0.322 0.60           0.70           0.91            -104.80       -102.82       99.78          1.03        1.08        1.23         -34.62         -38.73         46.62           -70.19        -64.09        53.17          
1.53  -0.516 0.108  -0.286 0.32           1.13           1.14            -150.19       -104.03       103.89         0.74        1.31        1.32         -12.17         -56.43         56.69           -138.02       -47.60        47.20          
1.57  -0.523 0.104  -0.257 0.23           0.89           0.90            -146.33       -102.18       102.06         0.82        1.19        1.20         -8.78          -47.05         47.35           -137.55       -55.12        54.71          
1.60  -0.511 0.102  -0.237 0.36           0.68           0.68            -10.81        -58.30        58.48          1.36        1.48        1.48         -2.88          -23.08         23.22           -7.93         -35.23        35.26          
1.63  -0.512 0.103  -0.223 0.06           0.45           0.45            152.29        -96.52        96.51          0.95        1.05        1.05         1.61           -25.05         25.09           150.69        -71.48        71.43          
1.67  -0.500 0.108  -0.209 0.40           0.55           0.58            25.43         -48.94        51.17          1.37        1.43        1.44         7.22           -17.00         18.31           18.21         -31.94        32.86          
1.70  -0.501 0.109  -0.197 0.04           0.35           0.35            152.45        -95.16        95.15          0.97        1.03        1.03         0.96           -19.58         19.60           151.49        -75.58        75.56          
1.73  -0.492 0.107  -0.174 0.27           0.74           0.74            -9.19         -68.72        68.76          1.27        1.45        1.45         -1.97          -28.62         28.66           -7.22         -40.11        40.10          
1.77  -0.493 0.104  -0.155 0.11           0.56           0.57            -103.69       -92.69        92.65          0.98        1.12        1.13         -6.31          -29.80         30.26           -97.38        -62.89        62.39          
1.80  -0.495 0.109  -0.137 0.17           0.55           0.57            112.71        -96.69        96.44          0.95        1.09        1.10         9.35           -30.44         31.39           103.36        -66.25        65.05          
1.83  -0.498 0.110  -0.113 0.08           0.72           0.72            151.20        -95.68        95.67          0.93        1.17        1.17         2.42           -37.75         37.79           148.78        -57.93        57.88          
1.87  -0.493 0.103  -0.093 0.25           0.61           0.65            -55.44        -76.77        77.46          1.16        1.29        1.30         -10.13         -27.65         28.97           -45.31        -49.13        48.49          
1.90  -0.486 0.096  -0.076 0.31           0.58           0.62            -44.38        -67.10        68.68          1.24        1.33        1.35         -10.16         -23.44         25.14           -34.22        -43.66        43.54          
1.93  -0.474 0.098  -0.057 0.36           0.67           0.68            9.17          -58.07        58.20          1.36        1.47        1.47         2.43           -22.84         22.95           6.75          -35.23        35.26          
1.97  -0.465 0.109  -0.041 0.41           0.53           0.62            51.44         -61.28        65.70          1.29        1.34        1.38         14.28          -20.31         24.19           37.16         -40.97        41.51          
2.00  -0.458 0.108  -0.034 0.22           0.31           0.31            -7.95         -44.10        44.40          1.22        1.24        1.24         -1.44          -9.92          10.02           -6.50         -34.19        34.38          
2.03  -0.448 0.114  -0.033 0.35           0.29           0.35            34.95         -7.61         35.44          1.30        1.29        1.30         8.80           -1.69          8.96            26.15         -5.91         26.48          
2.07  -0.447 0.122  -0.036 0.24           0.12           0.26            76.72         62.67         77.88          1.08        1.06        1.09         12.57          5.81           13.77           64.15         56.85         64.11          
2.10  -0.453 0.131  -0.042 0.33           0.26           0.38            123.11        134.37        118.48         0.87        0.84        0.88         18.54          12.60          21.95           104.56        121.77        96.53          
2.13  -0.456 0.138  -0.050 0.22           0.24           0.31            114.60        113.03        107.30         0.93        0.93        0.95         12.60          13.53          18.18           102.01        99.49         89.12          
2.17  -0.462 0.139  -0.077 0.20           0.85           0.85            169.19        103.45        103.44         0.80        1.15        1.15         2.68           45.73          45.76           166.51        57.72         57.67          
2.20  -0.470 0.143  -0.090 0.24           0.45           0.46            156.27        119.35        118.63         0.79        0.87        0.88         7.04           26.54          27.23           149.23        92.81         91.40          
2.23  -0.468 0.142  -0.110 0.05           0.59           0.59            -23.28        85.74         85.74          1.04        1.20        1.20         -1.04          29.55          29.56           -22.24        56.19         56.18          
2.27  -0.470 0.133  -0.126 0.27           0.48           0.54            -104.21       98.03         97.03          0.97        1.05        1.08         -15.70         26.77          30.01           -88.52        71.26         67.02          
2.30  -0.469 0.130  -0.142 0.10           0.49           0.50            -60.31        84.43         84.51          1.05        1.15        1.16         -4.53          24.89          25.21           -55.77        59.54         59.30          
2.33  -0.467 0.132  -0.160 0.06           0.55           0.56            39.81         85.32         85.34          1.05        1.18        1.18         2.06           27.86          27.92           37.74         57.46         57.42          
2.37  -0.455 0.142  -0.180 0.48           0.71           0.77            38.33         57.93         60.69          1.41        1.51        1.54         12.26          23.69          26.09           26.06         34.24         34.60          
2.40  -0.444 0.148  -0.191 0.37           0.45           0.48            30.26         44.82         49.05          1.33        1.35        1.37         7.97           13.41          15.46           22.29         31.41         33.59          
2.43  -0.432 0.149  -0.204 0.35           0.51           0.52            7.88          47.82         48.05          1.35        1.40        1.40         2.03           15.82          15.94           5.84          32.00         32.11          
2.47  -0.424 0.159  -0.218 0.38           0.52           0.59            45.83         59.05         62.97          1.30        1.34        1.37         12.25          19.37          22.45           33.59         39.68         40.52          
2.50  -0.422 0.156  -0.223 0.09           0.14           0.16            -63.19        71.98         74.70          1.05        1.05        1.05         -4.58          7.09           8.42            -58.61        64.88         66.28          
2.53  -0.414 0.161  -0.230 0.27           0.31           0.35            31.63         42.07         47.54          1.24        1.25        1.26         6.65           9.70           11.69           24.97         32.37         35.84          
2.57  -0.412 0.167  -0.233 0.19           0.12           0.22            70.78         58.59         73.16          1.08        1.07        1.08         9.65           5.54           11.07           61.14         53.05         62.09          
2.60  -0.413 0.171  -0.242 0.13           0.25           0.29            96.85         93.58         93.18          0.99        1.02        1.02         7.64           14.45          16.20           89.21         79.13         76.98          
2.63  -0.413 0.177  -0.247 0.19           0.16           0.25            89.22         89.11         89.41          1.02        1.02        1.03         10.60          9.27           13.95           78.62         79.84         75.47          
2.67  -0.415 0.176  -0.256 0.09           0.27           0.27            -143.66       105.70        105.39         0.93        0.96        0.96         -3.28          15.49          15.80           -140.38       90.20         89.58          
2.70  -0.417 0.182  -0.261 0.21           0.16           0.26            103.16        107.66        100.67         0.97        0.96        0.99         12.39          9.16           15.24           90.77         98.50         85.42          
2.73  -0.415 0.175  -0.254 0.22           0.20           0.29            -76.22        -74.96        79.73          1.07        1.07        1.09         -11.28         -10.32         15.11           -64.94        -64.64        64.62          
2.77  -0.411 0.175  -0.249 0.14           0.21           0.21            -7.68         -51.06        51.23          1.13        1.15        1.15         -0.92          -8.35          8.40            -6.77         -42.72        42.83          
2.80  -0.406 0.174  -0.237 0.15           0.39           0.39            -8.72         -67.57        67.61          1.15        1.20        1.20         -1.13          -17.31         17.34           -7.59         -50.26        50.27          
2.83  -0.395 0.181  -0.231 0.39           0.36           0.42            33.13         -26.45        39.37          1.34        1.34        1.35         9.12           -6.98          11.42           24.01         -19.47        27.96          
2.87  -0.373 0.177  -0.219 0.66           0.75           0.76            -10.43        -29.45        30.71          1.65        1.69        1.69         -4.15          -12.54         13.17           -6.28         -16.91        17.53          
2.90  -0.359 0.181  -0.211 0.46           0.51           0.52            15.93         -29.98        32.76          1.44        1.46        1.46         4.96           -9.96          11.08           10.96         -20.02        21.68          
2.93  -0.351 0.182  -0.202 0.22           0.34           0.34            7.77          -49.27        49.46          1.22        1.25        1.25         1.41           -11.86         11.94           6.36          -37.41        37.52          
2.97  -0.333 0.197  -0.200 0.70           0.54           0.70            40.12         -7.65         40.48          1.60        1.54        1.60         16.35          -2.68          16.55           23.77         -4.97         23.93          
3.00  -0.316 0.213  -0.199 0.69           0.51           0.69            42.52         -2.63         42.56          1.58        1.51        1.58         17.22          -0.89          17.24           25.31         -1.74         25.32          
3.03  -0.319 0.225  -0.198 0.37           0.09           0.37            102.87        -157.95       102.81         0.99        0.92        0.99         21.30          -2.07          21.38           81.57         -155.88       81.43          
3.07  -0.318 0.243  -0.202 0.55           0.12           0.56            86.68         75.09         86.75          1.17        1.04        1.17         27.93          6.59           28.48           58.75         68.50         58.27          
3.10  -0.330 0.258  -0.210 0.59           0.44           0.64            129.29        147.67        126.00         0.78        0.67        0.81         36.09          20.68          39.38           93.20         126.98        86.62          
3.13  -0.347 0.274  -0.221 0.68           0.59           0.76            135.20        144.81        129.39         0.71        0.62        0.78         43.01          33.52          48.85           92.19         111.29        80.54          
3.17  -0.350 0.272  -0.238 0.12           0.50           0.50            -146.42       101.33        101.24         0.90        1.03        1.03         -4.13          28.50          28.71           -142.28       72.83         72.53          
3.20  -0.365 0.281  -0.249 0.52           0.56           0.62            148.86        142.52        135.69         0.62        0.65        0.70         25.76          31.48          37.94           123.10        111.04        97.75          
3.23  -0.368 0.288  -0.255 0.22           0.21           0.30            112.87        113.96        107.01         0.94        0.93        0.96         12.76          12.13          17.34           100.11        101.83        89.67          
3.27  -0.375 0.291  -0.263 0.25           0.32           0.33            157.71        138.12        135.41         0.77        0.79        0.80         7.19           15.43          16.88           150.51        122.69        118.52         
3.30  -0.375 0.293  -0.273 0.06           0.31           0.32            77.07         87.52         87.57          1.02        1.06        1.06         3.31           17.09          17.37           73.75         70.44         70.20          
3.33  -0.369 0.294  -0.285 0.19           0.42           0.42            9.69          63.38         63.46          1.19        1.24        1.25         1.54           17.48          17.54           8.14          45.90         45.93          
3.37  -0.366 0.307  -0.296 0.40           0.33           0.51            77.10         74.19         79.90          1.16        1.13        1.20         19.68          16.13          24.70           57.42         58.06         55.21          
3.40  -0.352 0.294  -0.304 0.57           0.48           0.62            -44.60        32.12         49.46          1.46        1.43        1.48         -15.87         10.25          18.62           -28.74        21.86         30.84          
3.43  -0.337 0.296  -0.318 0.47           0.61           0.61            8.26          40.51         40.91          1.47        1.52        1.52         2.64           15.16          15.36           5.63          25.35         25.55          
3.47  -0.318 0.289  -0.338 0.61           0.83           0.86            -21.83        46.56         48.48          1.59        1.68        1.70         -8.27          20.97          22.29           -13.56        25.59         26.19          
3.50  -0.304 0.293  -0.353 0.45           0.62           0.64            18.59         46.64         48.01          1.44        1.50        1.51         5.76           17.61          18.42           12.83         29.03         29.59          
3.53  -0.289 0.291  -0.377 0.44           0.86           0.86            -9.55         59.57         59.69          1.44        1.61        1.61         -2.91          27.23          27.34           -6.64         32.34         32.35          
3.57  -0.279 0.303  -0.396 0.48           0.63           0.73            50.71         61.08         65.40          1.36        1.42        1.46         15.93          22.91          27.02           34.78         38.17         38.38          
3.60  -0.267 0.306  -0.405 0.37           0.46           0.47            14.40         39.33         40.65          1.36        1.39        1.39         3.87           12.19          12.76           10.53         27.13         27.89          
3.63  -0.264 0.306  -0.425 0.09           0.61           0.61            -16.07        81.44         81.45          1.09        1.24        1.24         -1.37          28.81          28.83           -14.71        52.63         52.61          
3.67  -0.261 0.310  -0.444 0.15           0.57           0.58            50.52         80.15         80.36          1.10        1.23        1.24         6.18           27.18          27.69           44.34         52.96         52.66          
3.70  -0.257 0.304  -0.450 0.19           0.22           0.27            -53.80        58.76         64.97          1.12        1.13        1.14         -7.92          9.52           12.29           -45.89        49.23         52.67          
3.73  -0.256 0.306  -0.477 0.06           0.80           0.80            56.44         87.63         87.64          1.03        1.30        1.30         2.75           37.60          37.65           53.69         50.03         49.98          
3.77  -0.255 0.305  -0.502 0.04           0.74           0.74            -42.64        87.95         87.95          1.03        1.26        1.26         -1.36          35.74          35.76           -41.28        52.20         52.19          
3.80  -0.251 0.294  -0.528 0.35           0.80           0.86            -69.64        81.32         81.97          1.17        1.37        1.41         -16.13         35.11          37.24           -53.52        46.22         44.73          
3.83  -0.253 0.317  -0.538 0.67           0.30           0.73            93.95         98.96         93.62          1.17        1.00        1.20         35.06          17.09          37.46           58.90         81.87         56.16          
3.87  -0.239 0.299  -0.555 0.68           0.66           0.85            -53.12        51.79         61.49          1.51        1.50        1.60         -21.10         20.20          28.07           -32.01        31.59         33.43          
3.90  -0.244 0.309  -0.603 0.34           1.45           1.48            117.71        96.29         96.16          0.89        1.66        1.69         19.71          59.63          60.17           98.00         36.66         35.99          
3.93  -0.246 0.319  -0.616 0.31           0.41           0.51            101.45        98.65         96.94          0.99        1.02        1.07         17.95          23.33          28.35           83.50         75.32         68.59          
3.97  -0.246 0.335  -0.639 0.49           0.67           0.84            89.93         89.95         89.96          1.12        1.21        1.30         26.28          33.95          39.86           63.64         55.99         50.09          
4.00  -0.251 0.360  -0.653 0.75           0.44           0.86            101.16        109.28        99.75          1.13        0.95        1.20         40.73          25.91          44.68           60.43         83.37         55.08          
4.03  -0.252 0.382  -0.666 0.67           0.41           0.78            91.27         92.08         91.08          1.19        1.07        1.26         34.06          22.35          38.35           57.21         69.74         52.73          
4.07  -0.279 0.399  -0.667 0.97           0.82           0.97            147.69        178.16        147.66         0.55        0.19        0.55         70.42          8.12           70.44           77.27         170.05        77.22          
4.10  -0.326 0.421  -0.664 1.57           1.43           1.57            155.18        -177.00       155.04         0.79        0.43        0.79         122.90         -170.06        122.73          32.28         -6.94         32.31          
4.13  -0.348 0.436  -0.655 0.79           0.72           0.84            146.87        -156.66       141.96         0.55        0.44        0.62         51.43          -39.65         56.36           95.44         -117.02       85.60          
4.17  -0.371 0.454  -0.644 0.86           0.75           0.93            141.00        -153.66       136.49         0.64        0.47        0.72         58.85          -45.33         62.72           82.15         -108.32       73.77          
4.20  -0.378 0.454  -0.637 0.21           0.29           0.29            174.04        -136.66       136.48         0.79        0.81        0.81         1.60           -14.21         14.30           172.44        -122.45       122.19         
4.23  -0.389 0.455  -0.623 0.35           0.55           0.55            177.41        -130.11       130.09         0.65        0.77        0.77         1.41           -32.79         32.81           176.00        -97.32        97.28          
4.27  -0.411 0.461  -0.610 0.69           0.77           0.79            163.87        -149.25       146.51         0.39        0.52        0.55         29.47          -49.29         52.27           134.39        -99.96        94.24          
4.30  -0.421 0.462  -0.591 0.27           0.64           0.64            175.48        -115.11       115.10         0.73        0.93        0.93         1.70           -38.63         38.65           173.78        -76.48        76.44          
4.33  -0.437 0.471  -0.579 0.56           0.60           0.66            151.34        -143.95       137.69         0.58        0.62        0.68         27.50          -34.74         40.93           123.83        -109.21       96.76          
4.37  -0.446 0.469  -0.544 0.30           1.07           1.08            -167.15       -105.63       105.60         0.71        1.26        1.26         -5.31          -55.51         55.57           -161.85       -50.11        50.03          
4.40  -0.458 0.474  -0.519 0.39           0.84           0.86            154.78        -115.14       114.62         0.66        1.00        1.01         14.64          -49.76         50.43           140.14        -65.39        64.19          
4.43  -0.466 0.479  -0.498 0.28           0.67           0.69            147.38        -110.53       110.01         0.78        0.99        1.00         11.18          -39.50         40.29           136.20        -71.03        69.72          
4.47  -0.474 0.476  -0.481 0.25           0.55           0.56            -153.72       -113.74       113.26         0.79        0.93        0.93         -7.94          -32.71         33.31           -145.78       -81.04        79.95          
4.50  -0.478 0.474  -0.455 0.13           0.79           0.80            -160.73       -99.01        98.99          0.88        1.18        1.18         -2.84          -41.86         41.90           -157.89       -57.15        57.09          
4.53  -0.481 0.470  -0.443 0.16           0.38           0.40            -126.44       -104.13       103.40         0.92        0.98        0.99         -7.97          -22.34         23.47           -118.47       -81.79        79.93          
4.57  -0.482 0.471  -0.405 0.04           1.15           1.15            129.16        -91.30        91.30          0.97        1.50        1.50         1.87           -49.65         49.66           127.29        -41.65        41.64          
4.60  -0.485 0.459  -0.377 0.38           0.84           0.92            -105.90       -97.10        96.51          0.97        1.22        1.28         -22.14         -42.95         45.45           -83.76        -54.15        51.06          
4.63  -0.483 0.444  -0.354 0.45           0.70           0.83            -80.93        -84.16        85.08          1.16        1.28        1.35         -22.59         -33.01         37.65           -58.34        -51.16        47.43          
4.67  -0.478 0.431  -0.331 0.41           0.69           0.79            -70.05        -78.22        79.75          1.20        1.32        1.38         -18.68         -30.48         34.17           -51.37        -47.74        45.58          
4.70  -0.475 0.419  -0.310 0.39           0.66           0.76            -77.94        -82.86        83.83          1.15        1.26        1.32         -19.44         -31.04         34.90           -58.50        -51.82        48.93          
4.73  -0.464 0.398  -0.281 0.70           0.92           1.10            -59.49        -67.17        71.09          1.48        1.60        1.71         -24.00         -31.93         37.45           -35.49        -35.23        33.64          
4.77  -0.458 0.383  -0.254 0.49           0.85           0.97            -70.04        -78.79        80.13          1.25        1.44        1.51         -21.43         -35.72         39.32           -48.61        -43.07        40.81          
4.80  -0.443 0.367  -0.240 0.66           0.60           0.77            -47.34        -42.06        54.68          1.52        1.50        1.58         -18.50         -15.54         23.51           -28.85        -26.52        31.17          
4.83  -0.423 0.354  -0.214 0.72           1.00           1.07            -32.13        -52.48        55.33          1.66        1.80        1.84         -13.39         -26.26         28.72           -18.75        -26.22        26.62          
4.87  -0.407 0.342  -0.192 0.60           0.82           0.90            -38.39        -54.55        58.20          1.52        1.62        1.66         -14.27         -24.27         27.37           -24.12        -30.28        30.83          
4.90  -0.396 0.327  -0.169 0.55           0.76           0.87            -51.55        -63.04        66.81          1.41        1.50        1.56         -17.80         -26.63         30.77           -33.74        -36.41        36.04          
4.93  -0.371 0.286  -0.120 1.44           1.63           2.05            -59.51        -63.39        69.12          2.13        2.26        2.58         -35.64         -40.13         47.90           -23.87        -23.26        21.22          
4.97  -0.371 0.289  -0.107 0.08           0.40           0.41            83.27         -88.57        88.60          1.01        1.09        1.09         4.76           -21.46         21.89           78.51         -67.11        66.71          
5.00  -0.374 0.295  -0.090 0.21           0.53           0.56            120.35        -101.58       100.94         0.91        1.03        1.05         11.40          -29.95         31.40           108.95        -71.63        69.55          
5.03  -0.379 0.305  -0.068 0.33           0.68           0.75            112.07        -100.35       99.45          0.93        1.11        1.15         19.04          -37.46         40.04           93.02         -62.89        59.41          
5.07  -0.390 0.312  -0.042 0.39           0.83           0.85            148.91        -113.98       113.25         0.69        1.01        1.03         17.05          -48.83         49.81           131.86        -65.15        63.44          
5.10  -0.401 0.322  -0.017 0.46           0.85           0.90            137.81        -113.78       112.26         0.73        1.02        1.06         25.16          -49.62         51.70           112.66        -64.16        60.55          
5.13  -0.410 0.318  0.001  0.29           0.60           0.61            -155.86       -116.13       115.60         0.75        0.91        0.92         -9.07          -35.97         36.62           -146.79       -80.15        78.98          
5.17  -0.414 0.316  0.038  0.14           1.10           1.10            -152.69       -96.65        96.64          0.88        1.40        1.40         -4.31          -51.42         51.47           -148.38       -45.23        45.16          
5.20  -0.423 0.303  0.059  0.48           0.70           0.80            -124.70       -113.17       110.01         0.83        0.97        1.05         -28.63         -41.45         46.08           -96.07        -71.72        63.93          
5.23  -0.430 0.291  0.075  0.40           0.52           0.63            -119.17       -112.05       108.15         0.88        0.94        1.00         -23.47         -30.90         36.48           -95.69        -81.15        71.67          
5.27  -0.428 0.279  0.083  0.38           0.23           0.44            -82.04        -76.69        83.14          1.12        1.07        1.14         -19.51         -11.83         22.37           -62.53        -64.86        60.76          
5.30  -0.428 0.273  0.097  0.16           0.42           0.45            -86.15        -88.51        88.61          1.02        1.09        1.11         -9.15          -22.55         24.00           -77.01        -65.96        64.60          
5.33  -0.424 0.257  0.096  0.49           0.10           0.49            -78.06        10.21         78.07          1.20        1.10        1.20         -23.63         0.95           23.65           -54.43        9.26          54.42          
5.37  -0.421 0.244  0.083  0.42           0.40           0.57            -74.85        74.20         78.93          1.18        1.17        1.24         -20.02         19.22          26.76           -54.83        54.98         52.17          
5.40  -0.415 0.235  0.068  0.30           0.48           0.54            -55.83        69.40         71.80          1.19        1.25        1.27         -11.92         20.87          23.55           -43.91        48.53         48.25          
5.43  -0.413 0.235  0.043  0.07           0.76           0.76            -22.57        85.02         85.03          1.07        1.31        1.31         -1.47          35.38          35.40           -21.09        49.64         49.63          
5.47  -0.417 0.228  0.017  0.24           0.79           0.82            -120.40       98.84         98.55          0.90        1.18        1.20         -13.32         41.77          42.74           -107.08       57.07         55.81          
5.50  -0.427 0.198  -0.014 0.93           0.97           1.31            -109.09       108.37        103.47         1.12        1.15        1.45         -51.66         52.82          61.30           -57.43        55.55         42.17          
5.53  -0.429 0.191  -0.045 0.21           0.93           0.96            -101.60       92.63         92.57          0.98        1.34        1.35         -12.30         44.27          44.97           -89.29        48.36         47.60          
5.57  -0.435 0.168  -0.073 0.72           0.88           1.12            -106.03       103.18        100.29         1.06        1.17        1.36         -41.06         46.89          54.04           -64.97        56.30         46.25          
5.60  -0.455 0.175  -0.104 0.62           1.09           1.11            159.97        122.30        121.63         0.47        1.01        1.03         27.02          65.69          66.24           132.96        56.61         55.39          
5.63  -0.449 0.173  -0.130 0.18           0.80           0.80            -19.18        77.81         77.84          1.17        1.40        1.41         -2.87          33.70          33.78           -16.31        44.11         44.06          
5.67  -0.451 0.167  -0.148 0.21           0.55           0.58            -107.86       96.77         96.36          0.96        1.08        1.10         -12.04         30.06          31.67           -95.83        66.71         64.69          
5.70  -0.447 0.144  -0.185 0.70           1.12           1.31            -80.61        84.16         85.03          1.31        1.57        1.72         -31.67         44.90          49.53           -48.94        39.25         35.50          
5.73  -0.439 0.122  -0.207 0.71           0.69           0.96            -68.44        67.97         74.21          1.42        1.42        1.56         -27.62         27.06          36.18           -40.82        40.90         38.03          
5.77  -0.437 0.117  -0.230 0.17           0.72           0.73            -67.77        84.95         85.06          1.07        1.28        1.29         -8.26          33.85          34.46           -59.52        51.10         50.60          
5.80  -0.443 0.126  -0.257 0.35           0.82           0.87            123.30        103.66        102.84         0.86        1.13        1.17         20.07          44.64          46.48           103.23        59.02         56.36          
5.83  -0.455 0.126  -0.277 0.36           0.69           0.69            179.99        121.43        121.43         0.64        0.87        0.87         0.01           42.83          42.83           179.99        78.60         78.60          
5.87  -0.463 0.119  -0.287 0.32           0.38           0.44            -137.87       128.79        123.03         0.79        0.82        0.85         -15.91         21.41          25.87           -121.95       107.38        97.16          
5.90  -0.469 0.114  -0.305 0.24           0.58           0.60            -135.76       107.32        106.62         0.84        1.00        1.01         -11.49         33.79          34.97           -124.27       73.53         71.65          
5.93  -0.486 0.121  -0.323 0.55           0.74           0.78            155.38        132.28        130.01         0.55        0.74        0.78         24.68          47.79          50.06           130.70        84.49         79.95          
5.97  -0.500 0.120  -0.332 0.44           0.50           0.50            -175.14       149.71        149.44         0.57        0.62        0.62         -3.74          24.19          24.41           -171.39       125.52        125.03         
6.00  -0.500 0.120  -0.345 0.02           0.39           0.39            -45.58        88.26         88.26          1.01        1.08        1.08         -0.68          20.91          20.92           -44.90        67.35         67.34          
6.03  -0.500 0.132  -0.355 0.38           0.31           0.49            93.57         94.41         92.77          1.05        1.02        1.09         21.18          17.40          26.49           72.38         77.01         66.28          
6.07  -0.499 0.132  -0.365 0.04           0.31           0.31            -24.78        83.86         83.87          1.03        1.08        1.08         -0.85          16.66          16.68           -23.93        67.20         67.19          
6.10  -0.495 0.132  -0.388 0.13           0.71           0.71            7.30          79.34         79.35          1.13        1.33        1.33         0.85           31.61          31.61           6.45          47.74         47.73          
6.13  -0.492 0.144  -0.398 0.37           0.30           0.47            76.03         73.08         79.10          1.14        1.13        1.18         18.05          14.92          22.83           57.98         58.16         56.27          
6.17  -0.492 0.152  -0.409 0.25           0.34           0.42            88.59         88.97         89.17          1.04        1.06        1.09         13.73          18.50          22.51           74.86         70.47         66.66          
6.20  -0.493 0.163  -0.416 0.32           0.21           0.38            97.07         101.18        96.00          1.01        0.98        1.03         18.54          11.89          21.60           78.53         89.29         74.40          
6.23  -0.494 0.176  -0.421 0.39           0.16           0.42            94.26         100.24        93.94          1.05        0.98        1.06         21.68          9.30           23.27           72.57         90.95         70.67          
6.27  -0.491 0.177  -0.432 0.11           0.33           0.33            19.68         72.13         72.24          1.10        1.14        1.15         1.88           15.87          15.96           17.81         56.26         56.27          
6.30  -0.493 0.182  -0.434 0.16           0.09           0.17            116.88        143.44        115.38         0.94        0.93        0.94         8.78           3.32           9.36            108.11        140.12        106.02         
6.33  -0.501 0.188  -0.437 0.28           0.25           0.30            142.06        153.67        137.28         0.80        0.79        0.81         12.41          7.95           14.61           129.65        145.72        122.67         
6.37  -0.499 0.183  -0.451 0.15           0.42           0.45            -74.71        84.51         84.82          1.05        1.12        1.13         -8.07          21.98          23.16           -66.64        62.53         61.66          
6.40  -0.494 0.188  -0.466 0.22           0.48           0.50            42.88         70.73         71.61          1.17        1.25        1.25         7.27           21.46          22.46           35.61         49.27         49.15          
6.43  -0.489 0.190  -0.485 0.17           0.59           0.59            27.18         74.85         74.99          1.16        1.29        1.29         3.92           26.20          26.42           23.27         48.65         48.57          
6.47  -0.480 0.195  -0.503 0.29           0.59           0.60            26.68         63.78         64.45          1.27        1.37        1.37         5.93           22.78          23.39           20.75         41.00         41.06          
6.50  -0.476 0.213  -0.515 0.57           0.38           0.67            78.23         72.37         80.12          1.25        1.17        1.30         26.42          18.04          30.71           51.81         54.33         49.40          
6.53  -0.477 0.230  -0.524 0.52           0.28           0.59            94.28         97.96         93.78          1.09        1.00        1.13         28.48          16.20          31.61           65.80         81.76         62.17          
6.57  -0.472 0.246  -0.539 0.50           0.48           0.67            70.70         69.62         75.70          1.26        1.25        1.34         22.16          21.01          29.24           48.54         48.62         46.47          
6.60  -0.485 0.263  -0.549 0.65           0.50           0.72            127.46        142.74        123.50         0.79        0.67        0.85         40.59          26.54          44.77           86.86         116.19        78.74          
6.63  -0.494 0.280  -0.545 0.55           0.30           0.57            118.80        -153.23       117.91         0.88        0.74        0.89         33.58          -10.43         34.56           85.22         -142.80       83.35          
6.67  -0.507 0.288  -0.543 0.47           0.40           0.48            147.49        -172.43       146.94         0.65        0.60        0.65         23.02          -5.06          23.46           124.47        -167.37       123.48         
6.70  -0.521 0.303  -0.537 0.60           0.45           0.62            133.19        -156.68       131.03         0.73        0.62        0.76         36.36          -16.59         38.46           96.82         -140.09       92.57          
6.73  -0.522 0.312  -0.521 0.28           0.49           0.57            98.80         -95.04        94.38          1.00        1.08        1.11         16.27          -27.14         30.53           82.53         -67.90        63.85          
6.77  -0.525 0.312  -0.507 0.07           0.43           0.43            168.70        -98.58        98.58          0.94        1.03        1.03         0.79           -24.46         24.47           167.91        -74.12        74.11          
6.80  -0.532 0.314  -0.492 0.24           0.49           0.49            168.64        -118.46       118.32         0.77        0.88        0.88         3.47           -29.11         29.25           165.17        -89.35        89.07          
6.83  -0.536 0.315  -0.470 0.13           0.68           0.69            164.58        -100.25       100.24         0.88        1.11        1.11         2.19           -37.49         37.53           162.39        -62.76        62.71          
6.87  -0.538 0.316  -0.455 0.04           0.47           0.47            159.36        -95.14        95.14          0.96        1.06        1.06         0.94           -25.82         25.83           158.42        -69.32        69.31          
6.90  -0.540 0.314  -0.438 0.08           0.49           0.49            -142.58       -97.24        97.21          0.94        1.06        1.06         -2.88          -27.35         27.46           -139.70       -69.89        69.75          
6.93  -0.541 0.315  -0.424 0.05           0.43           0.43            161.13        -96.07        96.06          0.95        1.05        1.05         0.93           -24.11         24.12           160.20        -71.96        71.94          
6.97  -0.536 0.314  -0.398 0.17           0.80           0.80            -1.03         -77.88        77.88          1.17        1.41        1.41         -0.15          -33.89         33.89           -0.88         -43.99        43.99          
7.00  -0.534 0.315  -0.380 0.05           0.54           0.54            6.71          -84.24        84.24          1.05        1.18        1.18         0.35           -26.95         26.95           6.37          -57.29        57.29          
7.03  -0.533 0.311  -0.355 0.12           0.76           0.77            -72.94        -87.37        87.40          1.04        1.28        1.29         -6.27          -36.30         36.60           -66.67        -51.08        50.80          
7.07  -0.529 0.321  -0.334 0.33           0.62           0.70            71.48         -80.26        81.31          1.15        1.26        1.30         15.90          -29.05         31.98           55.59         -51.20        49.34          
7.10  -0.522 0.321  -0.300 0.22           1.04           1.04            -1.73         -77.89        77.89          1.22        1.59        1.59         -0.31          -39.96         39.96           -1.42         -37.93        37.93          
7.13  -0.520 0.332  -0.287 0.32           0.39           0.50            80.62         -82.18        83.97          1.10        1.12        1.17         16.91          -20.08         25.43           63.71         -62.10        58.54          
7.17  -0.519 0.332  -0.271 0.04           0.50           0.50            10.47         -85.97        85.98          1.03        1.15        1.15         0.36           -25.62         25.62           10.11         -60.36        60.36          
7.20  -0.505 0.337  -0.253 0.45           0.69           0.71            19.85         -51.95        53.02          1.43        1.53        1.53         6.15           -20.89         21.64           13.69         -31.06        31.38          
7.23  -0.500 0.347  -0.235 0.34           0.57           0.64            62.77         -73.99        75.93          1.20        1.28        1.31         14.74          -25.25         28.37           48.03         -48.73        47.56          
7.27  -0.484 0.348  -0.219 0.46           0.65           0.65            2.65          -44.86        44.89          1.46        1.53        1.53         0.84           -17.46         17.47           1.82          -27.40        27.42          
7.30  -0.460 0.345  -0.197 0.72           0.97           0.98            -6.34         -42.78        42.98          1.72        1.84        1.84         -2.65          -21.10         21.24           -3.69         -21.68        21.75          
7.33  -0.449 0.347  -0.193 0.33           0.35           0.36            6.07          -20.25        21.00          1.33        1.34        1.34         1.52           -5.26          5.48            4.55          -14.98        15.52          
7.37  -0.427 0.344  -0.189 0.67           0.67           0.68            -6.34         -9.27         11.17          1.66        1.67        1.67         -2.53          -3.72          4.50            -3.80         -5.55         6.67           
7.40  -0.403 0.341  -0.187 0.74           0.74           0.75            -6.24         -5.57         8.34           1.74        1.74        1.74         -2.66          -2.37          3.56            -3.58         -3.20         4.77           
7.43  -0.381 0.357  -0.185 0.79           0.64           0.79            36.31         -6.35         36.62          1.70        1.63        1.70         15.91          -2.47          16.08           20.41         -3.88         20.54          
7.47  -0.371 0.372  -0.179 0.55           0.37           0.57            53.70         -26.91        55.46          1.40        1.34        1.41         18.49          -7.11          19.64           35.21         -19.80        35.82          
7.50  -0.356 0.370  -0.178 0.45           0.45           0.45            -5.70         -5.63         7.99           1.45        1.45        1.45         -1.76          -1.74          2.48            -3.94         -3.89         5.51           
7.53  -0.334 0.372  -0.179 0.66           0.65           0.66            5.92          4.56          7.46           1.65        1.65        1.65         2.35           1.80           2.96            3.58          2.76          4.50           
7.57  -0.335 0.400  -0.188 0.83           0.26           0.87            92.79         98.79         92.66          1.27        0.99        1.29         40.72          15.18          42.07           52.07         83.61         50.59          
7.60  -0.335 0.421  -0.203 0.62           0.44           0.76            89.22         88.91         89.37          1.18        1.10        1.26         31.50          23.56          36.95           57.73         65.35         52.42          
7.63  -0.329 0.427  -0.215 0.26           0.40           0.45            48.06         64.37         67.06          1.19        1.23        1.24         9.39           17.21          19.34           38.67         47.17         47.72          
7.67  -0.325 0.433  -0.226 0.23           0.36           0.41            57.01         70.04         72.42          1.14        1.17        1.19         9.60           16.81          19.10           47.42         53.23         53.32          
7.70  -0.321 0.449  -0.239 0.48           0.42           0.63            73.41         70.86         77.26          1.23        1.21        1.29         22.16          19.26          28.22           51.26         51.60         49.05          
7.73  -0.308 0.436  -0.247 0.54           0.44           0.58            -44.17        28.95         48.19          1.44        1.40        1.45         -15.15         8.76           17.31           -29.02        20.18         30.88          
7.77  -0.303 0.428  -0.254 0.27           0.25           0.35            -61.26        59.15         68.00          1.16        1.15        1.18         -11.88         10.93          15.94           -49.37        48.21         52.06          
7.80  -0.297 0.409  -0.277 0.62           0.73           0.94            -71.33        74.22         77.77          1.33        1.39        1.51         -26.11         30.37          37.38           -45.22        43.85         40.39          
7.83  -0.277 0.395  -0.292 0.73           0.74           0.85            -34.64        35.99         45.07          1.65        1.66        1.71         -14.53         15.25          20.61           -20.11        20.75         24.46          
7.87  -0.268 0.380  -0.319 0.52           0.86           0.98            -62.09        73.56         75.54          1.33        1.50        1.56         -20.36         33.66          37.32           -41.74        39.90         38.23          
7.90  -0.256 0.359  -0.340 0.72           0.71           0.94            -59.30        58.89         67.06          1.50        1.50        1.62         -24.35         24.01          32.42           -34.94        34.88         34.64          
7.93  -0.238 0.333  -0.370 0.96           1.06           1.33            -55.64        59.36         65.88          1.73        1.79        1.96         -27.21         30.69          38.14           -28.43        28.67         27.74          
7.97  -0.233 0.327  -0.391 0.22           0.63           0.66            -51.09        77.13         77.60          1.15        1.30        1.31         -8.69          28.37          29.30           -42.40        48.76         48.30          
8.00  -0.218 0.312  -0.408 0.63           0.70           0.82            -42.34        48.23         55.29          1.53        1.56        1.62         -16.23         19.68          24.75           -26.11        28.55         30.54          
8.03  -0.207 0.287  -0.422 0.83           0.53           0.93            -67.73        53.19         70.24          1.53        1.38        1.58         -30.38         17.78          33.75           -37.35        35.40         36.49          
8.07  -0.195 0.277  -0.445 0.46           0.77           0.82            -37.89        62.26         64.05          1.39        1.52        1.55         -11.63         26.70          28.52           -26.26        35.56         35.53          
8.10  -0.192 0.293  -0.471 0.49           0.79           0.93            78.47         82.92         83.95          1.20        1.35        1.43         23.61          35.69          40.06           54.86         47.23         43.88          
8.13  -0.187 0.288  -0.485 0.24           0.45           0.48            -47.86        69.07         70.60          1.17        1.23        1.24         -8.64          19.77          21.32           -39.22        49.30         49.28          
8.17  -0.186 0.284  -0.512 0.11           0.81           0.82            -76.41        88.23         88.24          1.03        1.31        1.31         -5.79          38.44          38.67           -70.62        49.79         49.58          
8.20  -0.187 0.271  -0.532 0.38           0.58           0.70            -93.94        92.61         92.18          1.05        1.13        1.20         -21.49         30.76          35.51           -72.45        61.85         56.66          
8.23  -0.192 0.259  -0.546 0.39           0.46           0.58            -112.70       109.07        104.92         0.92        0.95        1.02         -22.66         26.80          33.24           -90.03        82.26         71.68          
8.27  -0.196 0.248  -0.549 0.38           0.16           0.39            -110.54       147.53        110.03         0.94        0.87        0.94         -22.11         5.53           22.66           -88.43        142.00        87.36          
8.30  -0.189 0.230  -0.539 0.56           0.36           0.64            -68.58        -55.22        71.14          1.31        1.24        1.35         -23.51         -13.81         26.55           -45.07        -41.41        44.59          
8.33  -0.199 0.229  -0.529 0.29           0.41           0.41            -173.92       -134.69       134.54         0.71        0.77        0.77         -2.47          -22.27         22.38           -171.45       -112.43       112.16         
8.37  -0.196 0.217  -0.508 0.37           0.66           0.75            -78.09        -83.39        84.20          1.13        1.26        1.31         -18.49         -31.33         34.78           -59.60        -52.06        49.42          
8.40  -0.207 0.207  -0.486 0.45           0.72           0.79            -136.84       -116.68       114.44         0.74        0.93        0.98         -24.30         -43.78         46.65           -112.53       -72.90        67.79          
8.43  -0.233 0.207  -0.455 0.77           1.21           1.21            179.74        -129.51       129.51         0.23        0.96        0.96         0.88           -76.17         76.17           178.85        -53.35        53.35          
8.47  -0.238 0.206  -0.421 0.16           1.04           1.04            -172.51       -98.88        98.88          0.84        1.33        1.33         -1.44          -50.70         50.71           -171.07       -48.18        48.17          
8.50  -0.251 0.200  -0.382 0.44           1.23           1.25            -154.24       -108.85       108.61         0.63        1.31        1.33         -17.71         -62.71         63.02           -136.53       -46.13        45.59          
8.53  -0.267 0.199  -0.348 0.46           1.10           1.10            -174.83       -114.66       114.64         0.54        1.14        1.14         -4.39          -61.60         61.62           -170.44       -53.07        53.03          
8.57  -0.282 0.207  -0.325 0.51           0.82           0.86            152.36        -123.16       121.72         0.60        0.88        0.91         23.17          -51.36         52.90           129.20        -71.79        68.82          
8.60  -0.288 0.203  -0.309 0.21           0.53           0.54            -152.52       -110.13       109.80         0.82        0.96        0.96         -6.69          -31.61         32.07           -145.83       -78.52        77.73          
8.63  -0.296 0.191  -0.290 0.44           0.61           0.72            -123.68       -113.56       110.04         0.84        0.94        1.01         -26.01         -36.72         41.71           -97.67        -76.84        68.33          
8.67  -0.309 0.194  -0.279 0.41           0.53           0.53            167.95        -139.14       138.30         0.61        0.69        0.70         8.01           -29.70         30.43           159.94        -109.44       107.87         
8.70  -0.312 0.195  -0.263 0.09           0.46           0.46            167.09        -101.11       101.09         0.91        1.02        1.02         1.28           -26.39         26.42           165.82        -74.71        74.68          
8.73  -0.305 0.184  -0.254 0.38           0.36           0.48            -55.52        -53.87        63.43          1.25        1.25        1.28         -14.31         -13.50         19.31           -41.20        -40.37        44.12          
8.77  -0.291 0.180  -0.253 0.44           0.42           0.44            -18.67        -3.61         18.97          1.43        1.42        1.43         -5.70          -1.07          5.79            -12.98        -2.54         13.18          
8.80  -0.278 0.177  -0.249 0.41           0.42           0.43            -9.84         -14.66        17.43          1.41        1.41        1.41         -2.88          -4.34          5.20            -6.96         -10.32        12.22          
8.83  -0.259 0.174  -0.251 0.57           0.57           0.58            -9.66         5.72          11.17          1.57        1.57        1.57         -3.51          2.07           4.08            -6.14         3.65          7.09           
8.87  -0.234 0.170  -0.244 0.75           0.77           0.78            -9.77         -16.38        18.81          1.75        1.76        1.76         -4.20          -7.14          8.26            -5.57         -9.24         10.55          
8.90  -0.204 0.162  -0.234 0.93           0.95           0.98            -15.02        -18.18        22.98          1.91        1.92        1.94         -7.24          -8.84          11.35           -7.78         -9.35         11.63          
8.93  -0.186 0.173  -0.237 0.65           0.56           0.65            31.32         8.25          32.03          1.59        1.56        1.59         12.25          2.96           12.59           19.07         5.29          19.44          
8.97  -0.166 0.174  -0.240 0.58           0.59           0.59            3.81          9.59          10.29          1.58        1.58        1.58         1.40           3.55           3.81            2.41          6.04          6.48           
9.00  -0.143 0.180  -0.248 0.71           0.73           0.75            14.05         18.25         22.49          1.70        1.71        1.72         5.85           7.68           9.61            8.21          10.57         12.88          
9.03  -0.137 0.204  -0.261 0.74           0.44           0.84            75.24         64.86         77.06          1.39        1.25        1.44         30.96          18.62          34.53           44.27         46.24         42.53          
9.07  -0.126 0.212  -0.261 0.40           0.32           0.40            38.35         1.08          38.36          1.34        1.32        1.34         10.79          0.26           10.79           27.56         0.82          27.56          
9.10  -0.115 0.226  -0.261 0.53           0.34           0.53            49.30         1.22          49.31          1.40        1.34        1.40         16.60          0.31           16.60           32.70         0.90          32.70          
9.13  -0.110 0.242  -0.262 0.53           0.15           0.53            73.92         2.11          73.92          1.25        1.15        1.25         23.93          0.27           23.94           49.99         1.84          49.99          
9.17  -0.109 0.255  -0.251 0.38           0.31           0.49            87.72         -87.15        88.22          1.08        1.06        1.13         20.62          -16.72         25.70           67.11         -70.43        62.52          
9.20  -0.114 0.268  -0.252 0.41           0.13           0.41            107.30        165.41        107.25         0.96        0.88        0.96         24.06          2.07           24.12           83.25         163.34        83.12          
