time  x      y      z      groundspeedxy  groundspeedxz  groundspeedxyz  trackanglexy  trackanglexz  trackanglexyz  airspeedxy  airspeedxz  airspeedxyz  courseanglexy  courseanglexz  courseanglexyz  driftanglexy  driftanglexz  driftanglexyz  
0.00  -1.164 0.244  -0.172 
0.03  -1.155 0.241  -0.163 0.30           0.39           0.40            -19.91        -43.71        45.63          0.54        0.59        0.60         -10.85         -26.83         28.40           -9.06         -16.88        17.22          
0.07  -1.134 0.239  -0.161 0.63           0.63           0.63            -4.43         -4.53         6.32           0.88        0.88        0.88         -3.17          -3.24          4.53            -1.26         -1.29         1.79           
0.10  -1.114 0.243  -0.161 0.60           0.59           0.60            9.75          0.74          9.77           0.84        0.84        0.84         6.87           0.52           6.89            2.88          0.22          2.89           
0.13  -1.098 0.240  -0.169 0.50           0.55           0.55            -8.31         25.88         26.87          0.75        0.78        0.78         -5.54          17.86          18.60           -2.77         8.03          8.28           
0.17  -1.072 0.239  -0.183 0.79           0.89           0.89            -3.28         27.76         27.90          1.04        1.11        1.11         -2.49          21.76          21.88           -0.79         6.00          6.03           
0.20  -1.059 0.247  -0.203 0.45           0.69           0.73            32.12         56.97         58.95          0.67        0.86        0.89         20.71          42.81          45.02           11.40         14.15         13.93          
0.23  -1.044 0.256  -0.220 0.53           0.70           0.75            32.40         50.51         53.86          0.75        0.88        0.92         22.09          37.81          41.21           10.31         12.70         12.65          
0.27  -1.043 0.273  -0.240 0.52           0.58           0.78            86.12         86.56         87.43          0.59        0.65        0.83         61.11          63.97          69.91           25.01         22.59         17.51          
0.30  -1.050 0.294  -0.258 0.65           0.59           0.85            108.78        110.74        104.20         0.62        0.55        0.83         86.22          85.79          87.18           22.56         24.96         17.02          
0.33  -1.054 0.312  -0.268 0.57           0.33           0.64            102.51        112.09        101.02         0.57        0.33        0.64         77.06          67.20          78.60           25.45         44.89         22.41          
0.37  -1.068 0.322  -0.278 0.50           0.49           0.58            142.76        144.25        133.69         0.34        0.32        0.44         116.05         117.30         109.54          26.71         26.95         24.15          
0.40  -1.067 0.335  -0.286 0.38           0.23           0.45            87.56         85.98         87.91          0.46        0.35        0.52         55.00          40.94          59.11           32.55         45.04         28.81          
0.43  -1.068 0.345  -0.293 0.29           0.22           0.37            95.76         97.56         94.59          0.37        0.31        0.43         53.01          45.27          59.05           42.75         52.28         35.54          
0.47  -1.063 0.349  -0.295 0.18           0.14           0.19            42.37         19.89         44.46          0.41        0.39        0.41         17.82          7.26           19.07           24.55         12.62         25.39          
0.50  -1.063 0.352  -0.298 0.09           0.09           0.13            86.49         86.13         87.40          0.27        0.27        0.29         20.24          18.49          26.46           66.25         67.63         60.93          
0.53  -1.055 0.344  -0.298 0.34           0.24           0.34            -44.38        1.04          44.39          0.54        0.49        0.54         -25.64         0.51           25.65           -18.74        0.53          18.74          
0.57  -1.042 0.326  -0.301 0.68           0.40           0.69            -55.49        15.24         55.95          0.85        0.64        0.85         -41.42         9.38           41.91           -14.07        5.85          14.04          
0.60  -1.032 0.306  -0.300 0.67           0.31           0.68            -62.99        -8.90         63.06          0.82        0.56        0.82         -47.19         -4.93          47.28           -15.80        -3.98         15.78          
0.63  -1.019 0.287  -0.295 0.70           0.43           0.71            -54.72        -20.40        55.62          0.86        0.67        0.88         -41.06         -12.91         42.01           -13.66        -7.49         13.61          
0.67  -1.007 0.270  -0.285 0.62           0.46           0.69            -55.32        -40.72        59.27          0.79        0.67        0.84         -40.18         -26.70         44.51           -15.13        -14.02        14.76          
0.70  -0.994 0.249  -0.276 0.74           0.46           0.78            -58.38        -32.50        60.18          0.90        0.68        0.93         -44.63         -21.16         46.68           -13.75        -11.33        13.50          
0.73  -0.973 0.231  -0.259 0.82           0.81           0.97            -39.62        -39.07        49.23          1.02        1.02        1.14         -30.66         -30.17         39.70           -8.96         -8.90         9.52           
0.77  -0.959 0.219  -0.240 0.57           0.71           0.81            -41.98        -53.78        58.55          0.77        0.88        0.96         -29.46         -40.60         45.75           -12.53        -13.19        12.81          
0.80  -0.945 0.204  -0.226 0.62           0.61           0.76            -45.90        -45.38        55.34          0.81        0.81        0.92         -33.13         -32.66         42.45           -12.77        -12.72        12.89          
0.83  -0.932 0.193  -0.201 0.49           0.83           0.89            -40.82        -63.70        65.55          0.70        0.97        1.02         -27.24         -50.33         52.66           -13.58        -13.37        12.89          
0.87  -0.920 0.191  -0.182 0.38           0.68           0.68            -9.85         -56.64        56.81          0.63        0.84        0.84         -5.93          -42.29         42.48           -3.91         -14.35        14.34          
0.90  -0.910 0.189  -0.170 0.29           0.47           0.47            -9.96         -52.03        52.29          0.54        0.65        0.65         -5.36          -34.41         34.66           -4.60         -17.62        17.63          
0.93  -0.893 0.189  -0.161 0.53           0.59           0.59            -0.64         -26.06        26.07          0.78        0.82        0.82         -0.43          -18.39         18.39           -0.20         -7.68         7.68           
0.97  -0.878 0.188  -0.149 0.45           0.58           0.58            -4.40         -38.98        39.11          0.70        0.79        0.79         -2.83          -27.45         27.55           -1.57         -11.54        11.56          
1.00  -0.858 0.178  -0.145 0.68           0.62           0.69            -26.14        -11.05        27.84          0.91        0.87        0.92         -19.17         -7.87          20.51           -6.97         -3.17         7.33           
1.03  -0.830 0.168  -0.145 0.88           0.83           0.88            -19.72        -0.73         19.73          1.12        1.08        1.12         -15.40         -0.56          15.41           -4.32         -0.17         4.32           
1.07  -0.809 0.165  -0.148 0.64           0.64           0.65            -8.81         9.23          12.65          0.89        0.89        0.89         -6.33          6.64           9.13            -2.48         2.60          3.52           
1.10  -0.786 0.165  -0.163 0.69           0.83           0.83            -0.18         33.92         33.92          0.94        1.04        1.04         -0.13          26.24          26.24           -0.05         7.68          7.68           
1.13  -0.771 0.169  -0.178 0.47           0.64           0.65            13.84         44.97         45.82          0.71        0.84        0.84         9.02           32.76          33.54           4.82          12.21         12.28          
1.17  -0.755 0.176  -0.202 0.51           0.85           0.88            24.75         56.71         57.85          0.75        1.01        1.03         16.71          44.76          46.02           8.03          11.94         11.83          
1.20  -0.744 0.184  -0.223 0.44           0.71           0.76            35.57         60.16         62.04          0.66        0.86        0.90         22.75          45.62          47.85           12.82         14.54         14.20          
1.23  -0.737 0.200  -0.243 0.50           0.64           0.79            67.22         72.14         75.66          0.64        0.75        0.88         46.25          53.69          59.76           20.97         18.44         15.89          
1.27  -0.744 0.224  -0.260 0.75           0.54           0.91            105.52        111.78        102.84         0.73        0.51        0.88         86.16          84.48          86.85           19.35         27.29         16.00          
1.30  -0.748 0.244  -0.278 0.60           0.55           0.81            101.58        102.63        98.60          0.60        0.55        0.81         77.61          76.49          80.79           23.97         26.14         17.81          
1.33  -0.763 0.267  -0.289 0.83           0.56           0.90            122.16        142.08        119.45         0.73        0.40        0.81         105.37         119.31         103.87          16.79         22.77         15.58          
1.37  -0.772 0.276  -0.297 0.39           0.38           0.46            136.27        139.06        127.75         0.27        0.25        0.37         97.04          97.76          95.23           39.23         41.30         32.52          
1.40  -0.782 0.293  -0.298 0.59           0.30           0.59            120.47        174.97        120.44         0.51        0.06        0.51         95.64          152.32         95.63           24.83         22.65         24.81          
1.43  -0.788 0.311  -0.305 0.57           0.27           0.60            108.59        131.73        107.47         0.54        0.21        0.58         82.69          71.23          83.16           25.90         60.50         24.31          
1.47  -0.783 0.328  -0.306 0.52           0.17           0.52            71.26         10.17         71.30          0.64        0.42        0.64         49.70          4.11           49.75           21.56         6.07          21.54          
1.50  -0.783 0.331  -0.306 0.12           0.01           0.12            93.57         177.87        93.57          0.27        0.24        0.27         25.58          0.06           25.58           67.99         177.81        67.99          
1.53  -0.776 0.336  -0.305 0.24           0.20           0.25            36.93         -10.05        37.68          0.47        0.45        0.47         18.27          -4.45          18.74           18.66         -5.60         18.94          
1.57  -0.768 0.328  -0.298 0.35           0.30           0.40            -47.59        -39.57        53.90          0.55        0.52        0.58         -27.93         -21.81         33.59           -19.66        -17.76        20.31          
1.60  -0.758 0.317  -0.293 0.45           0.34           0.48            -46.98        -26.78        49.83          0.65        0.58        0.67         -30.57         -15.54         33.14           -16.41        -11.23        16.69          
1.63  -0.753 0.306  -0.285 0.35           0.29           0.42            -61.92        -55.10        67.04          0.52        0.48        0.57         -36.62         -29.61         43.10           -25.30        -25.49        23.94          
1.67  -0.746 0.283  -0.268 0.75           0.57           0.92            -73.40        -67.93        76.50          0.85        0.70        1.00         -57.12         -48.68         62.49           -16.28        -19.25        14.01          
1.70  -0.734 0.263  -0.255 0.67           0.52           0.77            -59.07        -48.53        63.62          0.82        0.71        0.91         -44.00         -33.21         49.39           -15.08        -15.32        14.23          
1.73  -0.726 0.239  -0.241 0.78           0.50           0.89            -70.72        -58.88        73.16          0.90        0.66        0.99         -55.43         -40.07         59.20           -15.28        -18.81        13.96          
1.77  -0.714 0.224  -0.220 0.57           0.71           0.84            -53.36        -61.38        66.25          0.74        0.86        0.97         -37.74         -46.53         52.61           -15.63        -14.85        13.65          
1.80  -0.706 0.213  -0.192 0.40           0.86           0.92            -51.86        -73.31        74.35          0.59        0.96        1.01         -32.34         -58.91         60.61           -19.52        -14.40        13.75          
1.83  -0.704 0.212  -0.174 0.08           0.54           0.55            -37.87        -83.49        83.52          0.32        0.62        0.63         -8.75          -60.04         60.14           -29.12        -23.46        23.38          
1.87  -0.692 0.222  -0.154 0.47           0.72           0.78            40.38         -59.70        62.38          0.68        0.87        0.92         26.67          -45.31         48.46           13.70         -14.39        13.91          
1.90  -0.675 0.231  -0.139 0.58           0.67           0.73            29.31         -41.70        46.48          0.80        0.87        0.92         20.54          -30.74         35.10           8.77          -10.96        11.38          
1.93  -0.662 0.247  -0.130 0.63           0.47           0.68            50.22         -32.28        53.62          0.81        0.70        0.85         36.49          -21.25         39.88           13.74         -11.03        13.73          
1.97  -0.645 0.252  -0.126 0.54           0.54           0.56            16.38         -14.69        21.50          0.79        0.78        0.80         11.23          -10.04         14.90           5.15          -4.65         6.60           
2.00  -0.633 0.259  -0.130 0.39           0.36           0.41            29.17         21.14         34.18          0.62        0.60        0.63         17.84          12.57          21.38           11.33         8.57          12.80          
2.03  -0.608 0.256  -0.138 0.76           0.80           0.80            -5.38         17.39         18.11          1.01        1.04        1.04         -4.05          13.26          13.83           -1.32         4.13          4.28           
2.07  -0.595 0.256  -0.155 0.37           0.62           0.62            -1.72         52.94         52.95          0.62        0.79        0.79         -1.03          38.35          38.35           -0.69         14.59         14.59          
2.10  -0.582 0.253  -0.165 0.41           0.51           0.52            -11.27        38.39         39.25          0.65        0.72        0.73         -6.98          25.97          26.67           -4.28         12.42         12.58          
2.13  -0.573 0.249  -0.177 0.30           0.46           0.47            -25.14        53.80         55.31          0.53        0.64        0.65         -13.67         35.30          36.82           -11.47        18.50         18.49          
2.17  -0.562 0.242  -0.202 0.39           0.80           0.82            -31.64        65.64         66.43          0.61        0.93        0.95         -19.31         51.47          52.51           -12.33        14.17         13.92          
2.20  -0.565 0.244  -0.221 0.11           0.58           0.58            145.82        99.14         99.09          0.17        0.59        0.60         21.54          74.52          74.61           124.28        24.63         24.49          
2.23  -0.574 0.254  -0.241 0.39           0.68           0.74            134.23        113.63        111.76         0.28        0.62        0.68         94.58          92.06          91.88           39.65         21.57         19.87          
2.27  -0.585 0.276  -0.254 0.74           0.50           0.84            115.41        129.97        112.45         0.68        0.39        0.78         95.88          100.30         95.12           19.53         29.67         17.34          
2.30  -0.595 0.277  -0.268 0.31           0.51           0.52            173.57        127.44        127.33         0.07        0.41        0.41         150.69         98.74          98.70           22.88         28.70         28.63          
2.33  -0.612 0.288  -0.277 0.59           0.57           0.65            147.39        149.68        139.08         0.40        0.38        0.49         127.70         130.21         119.70          19.69         19.47         19.38          
2.37  -0.620 0.293  -0.285 0.29           0.34           0.37            147.67        135.09        130.26         0.15        0.24        0.28         86.57          87.82          88.16           61.10         47.26         42.10          
2.40  -0.629 0.300  -0.293 0.35           0.34           0.41            140.80        141.58        131.32         0.22        0.21        0.31         94.84          94.97          93.47           45.96         46.61         37.84          
2.43  -0.625 0.308  -0.301 0.25           0.27           0.35            62.48         64.42         70.58          0.43        0.44        0.49         31.42          33.62          42.08           31.06         30.80         28.51          
2.47  -0.618 0.313  -0.297 0.27           0.24           0.29            36.91         -28.10        42.66          0.49        0.48        0.50         19.13          -13.85         23.05           17.78         -14.25        19.61          
2.50  -0.617 0.305  -0.297 0.26           0.03           0.26            -82.25        1.88          82.25          0.38        0.28        0.38         -41.83         0.23           41.83           -40.43        1.65          40.43          
2.53  -0.610 0.291  -0.293 0.44           0.22           0.46            -64.06        -29.86        64.90          0.60        0.46        0.61         -41.96         -14.10         43.03           -22.10        -15.77        21.87          
2.57  -0.605 0.274  -0.287 0.54           0.24           0.57            -73.87        -51.79        74.81          0.65        0.44        0.68         -52.34         -25.45         54.08           -21.53        -26.34        20.74          
2.60  -0.594 0.264  -0.273 0.46           0.54           0.61            -39.96        -49.15        55.00          0.67        0.72        0.78         -26.05         -34.01         39.80           -13.91        -15.15        15.20          
2.63  -0.580 0.252  -0.260 0.55           0.57           0.68            -41.66        -43.42        52.41          0.76        0.77        0.85         -29.02         -30.54         39.01           -12.64        -12.88        13.40          
2.67  -0.569 0.247  -0.241 0.36           0.66           0.68            -26.29        -60.57        61.47          0.60        0.81        0.83         -15.60         -45.05         46.12           -10.69        -15.52        15.35          
2.70  -0.554 0.234  -0.223 0.58           0.70           0.80            -40.33        -50.93        56.24          0.79        0.88        0.96         -28.49         -38.22         43.72           -11.85        -12.72        12.52          
2.73  -0.539 0.219  -0.206 0.64           0.69           0.82            -44.50        -48.68        56.36          0.83        0.87        0.98         -32.38         -36.27         44.12           -12.12        -12.40        12.24          
2.77  -0.524 0.208  -0.186 0.56           0.76           0.82            -35.35        -52.67        56.15          0.78        0.93        0.98         -24.66         -40.31         43.97           -10.69        -12.35        12.18          
2.80  -0.506 0.208  -0.170 0.53           0.71           0.71            -1.03         -41.61        41.62          0.78        0.91        0.91         -0.70          -31.11         31.12           -0.33         -10.50        10.50          
2.83  -0.485 0.207  -0.159 0.63           0.71           0.72            -3.14         -28.53        28.65          0.88        0.94        0.94         -2.24          -21.25         21.35           -0.89         -7.28         7.31           
2.87  -0.461 0.205  -0.151 0.71           0.75           0.75            -4.04         -18.40        18.78          0.96        0.99        0.99         -2.99          -13.82         14.12           -1.05         -4.58         4.67           
2.90  -0.439 0.210  -0.145 0.70           0.70           0.72            12.42         -14.30        18.62          0.94        0.95        0.96         9.16           -10.57         13.85           3.26          -3.73         4.76           
2.93  -0.410 0.210  -0.145 0.86           0.86           0.86            -0.81         0.81          1.15           1.11        1.11        1.11         -0.63          0.63           0.89            -0.18         0.18          0.26           
2.97  -0.391 0.209  -0.151 0.56           0.58           0.58            -3.26         17.07         17.35          0.81        0.82        0.83         -2.25          11.97          12.17           -1.01         5.11          5.18           
3.00  -0.373 0.210  -0.161 0.56           0.63           0.64            2.98          28.78         28.89          0.81        0.86        0.86         2.06           20.76          20.84           0.92          8.02          8.05           
3.03  -0.361 0.214  -0.178 0.38           0.61           0.62            21.06         54.44         55.42          0.62        0.78        0.79         12.72          39.35          40.38           8.34          15.09         15.04          
3.07  -0.363 0.223  -0.196 0.28           0.55           0.61            104.30        97.34         96.56          0.33        0.57        0.63         56.61          71.58          73.45           47.69         25.76         23.11          
3.10  -0.369 0.233  -0.215 0.33           0.59           0.66            118.46        105.18        103.64         0.30        0.58        0.65         71.72          80.61          81.59           46.73         24.57         22.05          
3.13  -0.377 0.248  -0.230 0.51           0.51           0.68            120.01        119.65        112.07         0.44        0.45        0.63         90.53          90.52          90.37           29.48         29.13         21.70          
3.17  -0.393 0.259  -0.248 0.57           0.71           0.79            144.84        131.06        126.59         0.40        0.58        0.67         123.54         112.13         109.12          21.30         18.93         17.47          
3.20  -0.409 0.270  -0.266 0.58           0.72           0.79            145.33        131.43        126.99         0.40        0.59        0.67         124.49         112.75         109.69          20.84         18.68         17.30          
3.23  -0.417 0.275  -0.279 0.30           0.46           0.49            147.80        122.84        120.88         0.16        0.39        0.42         90.43          90.18          90.16           57.37         32.67         30.72          
3.27  -0.424 0.282  -0.297 0.30           0.58           0.62            133.90        110.95        109.58         0.22        0.55        0.59         79.28          85.69          86.00           54.62         25.25         23.58          
3.30  -0.434 0.290  -0.301 0.40           0.34           0.41            142.50        159.61        139.55         0.25        0.13        0.28         105.11         119.13         103.66          37.39         40.48         35.89          
3.33  -0.439 0.295  -0.315 0.20           0.45           0.47            135.35        108.64        107.75         0.18        0.44        0.46         53.51          76.15          76.84           81.85         32.49         30.91          
3.37  -0.444 0.307  -0.319 0.38           0.19           0.40            112.46        140.24        111.35         0.37        0.16        0.39         73.66          49.56          74.51           38.80         90.68         36.85          
3.40  -0.443 0.302  -0.326 0.15           0.21           0.26            -80.80        83.72         84.80          0.31        0.35        0.38         -27.94         37.96          43.33           -52.86        45.76         41.47          
3.43  -0.431 0.291  -0.320 0.49           0.41           0.52            -40.28        -24.88        44.01          0.70        0.65        0.72         -26.88         -15.50         30.02           -13.41        -9.38         14.00          
3.47  -0.429 0.284  -0.318 0.22           0.09           0.23            -74.73        -51.52        75.52          0.37        0.32        0.38         -34.33         -13.20         35.83           -40.40        -38.32        39.69          
3.50  -0.424 0.273  -0.314 0.38           0.18           0.40            -69.07        -40.30        70.01          0.52        0.40        0.54         -42.64         -16.63         44.07           -26.42        -23.67        25.93          
3.53  -0.412 0.262  -0.302 0.50           0.52           0.61            -39.79        -42.76        51.21          0.71        0.72        0.79         -26.68         -29.16         36.91           -13.10        -13.59        14.31          
3.57  -0.399 0.251  -0.289 0.49           0.54           0.63            -40.12        -45.73        53.01          0.70        0.74        0.80         -26.87         -31.66         38.59           -13.25        -14.07        14.42          
3.60  -0.387 0.243  -0.276 0.44           0.53           0.59            -34.33        -47.03        51.83          0.66        0.73        0.77         -22.05         -32.48         37.04           -12.28        -14.54        14.79          
3.63  -0.375 0.235  -0.258 0.45           0.66           0.71            -33.47        -55.25        57.77          0.67        0.83        0.87         -21.67         -40.90         43.62           -11.81        -14.35        14.15          
3.67  -0.354 0.234  -0.239 0.63           0.86           0.86            -0.75         -43.30        43.30          0.88        1.06        1.06         -0.54          -33.98         33.98           -0.21         -9.32         9.32           
3.70  -0.342 0.238  -0.227 0.37           0.51           0.52            15.38         -44.90        45.95          0.62        0.71        0.71         9.22           -30.46         31.38           6.16          -14.45        14.57          
3.73  -0.326 0.250  -0.209 0.59           0.71           0.80            39.08         -49.57        54.99          0.80        0.89        0.96         27.71          -37.21         42.71           11.37         -12.37        12.27          
3.77  -0.320 0.273  -0.202 0.72           0.29           0.75            74.39         -47.17        75.02          0.82        0.49        0.85         57.38          -25.22         58.50           17.01         -21.95        16.52          
3.80  -0.304 0.283  -0.192 0.55           0.55           0.63            32.89         -31.95        41.93          0.78        0.77        0.83         22.82          -22.09         30.31           10.07         -9.86         11.62          
3.83  -0.292 0.296  -0.188 0.53           0.38           0.54            46.97         -17.90        48.21          0.72        0.62        0.73         32.30          -10.79         33.44           14.67         -7.11         14.78          
3.87  -0.280 0.316  -0.178 0.71           0.49           0.78            57.81         -38.49        60.62          0.87        0.70        0.92         43.79          -25.64         47.00           14.01         -12.85        13.63          
3.90  -0.267 0.325  -0.187 0.44           0.45           0.51            34.16         36.04         44.85          0.66        0.67        0.71         21.93          23.35          30.56           12.23         12.69         14.30          
3.93  -0.249 0.315  -0.191 0.62           0.56           0.63            -27.71        13.29         29.94          0.85        0.81        0.86         -19.81         9.20           21.55           -7.90         4.09          8.38           
3.97  -0.229 0.308  -0.194 0.65           0.62           0.66            -20.14        8.78          21.69          0.89        0.87        0.90         -14.60         6.26           15.78           -5.54         2.52          5.92           
4.00  -0.228 0.295  -0.202 0.38           0.22           0.44            -85.19        81.76         85.84          0.47        0.36        0.52         -53.23         37.87          57.13           -31.96        43.90         28.71          
4.03  -0.219 0.281  -0.211 0.49           0.39           0.56            -56.80        46.23         61.62          0.66        0.59        0.71         -38.25         28.30          43.67           -18.55        17.93         17.95          
4.07  -0.209 0.267  -0.225 0.53           0.53           0.68            -54.74        54.90         63.51          0.70        0.70        0.83         -37.84         38.01          47.78           -16.90        16.89         15.73          
4.10  -0.202 0.256  -0.245 0.40           0.62           0.71            -60.83        71.84         74.21          0.56        0.74        0.81         -37.96         53.01          57.00           -22.87        18.83         17.21          
4.13  -0.192 0.234  -0.259 0.72           0.50           0.83            -65.69        54.02         69.01          0.85        0.68        0.95         -50.20         36.76          54.73           -15.49        17.26         14.29          
4.17  -0.190 0.225  -0.282 0.27           0.72           0.76            -74.21        84.19         84.53          0.41        0.78        0.83         -38.58         65.71          66.99           -35.63        18.48         17.54          
4.20  -0.188 0.214  -0.307 0.34           0.74           0.81            -78.18        84.66         85.12          0.46        0.81        0.87         -46.01         66.67          68.51           -32.17        17.99         16.61          
4.23  -0.176 0.207  -0.318 0.42           0.48           0.53            -31.64        42.04         47.52          0.65        0.69        0.73         -19.97         28.01          32.79           -11.67        14.03         14.73          
4.27  -0.155 0.193  -0.338 0.74           0.85           0.94            -34.41        44.12         49.89          0.95        1.04        1.12         -25.89         34.50          40.07           -8.52         9.62          9.82           
4.30  -0.152 0.189  -0.348 0.15           0.34           0.35            -44.54        71.92         72.73          0.37        0.48        0.49         -16.17         42.07          43.47           -28.36        29.84         29.26          
4.33  -0.138 0.179  -0.353 0.50           0.43           0.52            -36.24        17.67         38.63          0.72        0.67        0.73         -24.42         11.16          26.33           -11.82        6.51          12.30          
4.37  -0.137 0.177  -0.351 0.09           0.05           0.10            -67.37        -49.74        69.50          0.30        0.29        0.30         -15.95         -8.01          17.67           -51.42        -41.74        51.83          
4.40  -0.130 0.181  -0.348 0.24           0.23           0.26            30.99         -25.01        37.25          0.47        0.47        0.48         15.16          -11.89         18.94           15.83         -13.13        18.32          
4.43  -0.132 0.189  -0.344 0.24           0.13           0.28            97.63         -104.25       96.76          0.33        0.25        0.35         48.13          -30.49         51.60           49.50         -73.75        45.16          
4.47  -0.123 0.178  -0.340 0.42           0.26           0.43            -54.17        -22.55        55.33          0.60        0.51        0.61         -34.41         -11.60         35.57           -19.76        -10.94        19.76          
4.50  -0.127 0.181  -0.321 0.15           0.60           0.61            132.24        -99.91        99.74          0.19        0.61        0.62         37.76          -76.05         76.29           94.49         -23.87        23.45          
4.53  -0.121 0.179  -0.292 0.19           0.89           0.89            -26.00        -79.08        79.13          0.43        0.97        0.97         -11.09         -64.35         64.45           -14.91        -14.73        14.68          
4.57  -0.120 0.179  -0.268 0.03           0.71           0.71            31.65         -88.02        88.03          0.27        0.76        0.76         3.15           -68.86         68.86           28.50         -19.17        19.16          
4.60  -0.126 0.170  -0.257 0.32           0.38           0.46            -123.97       -117.59       112.44         0.27        0.35        0.43         -74.45         -77.82         80.32           -49.52        -39.76        32.11          
4.63  -0.123 0.176  -0.241 0.19           0.48           0.51            58.17         -78.22        78.82          0.38        0.59        0.61         24.44          -53.53         54.98           33.73         -24.69        23.83          
4.67  -0.119 0.170  -0.231 0.21           0.32           0.36            -50.64        -65.45        68.25          0.42        0.48        0.51         -23.05         -37.39         41.18           -27.59        -28.07        27.07          
4.70  -0.118 0.171  -0.205 0.03           0.79           0.79            36.06         -88.38        88.38          0.27        0.83        0.83         3.39           -70.90         70.91           32.66         -17.48        17.48          
4.73  -0.102 0.174  -0.186 0.49           0.74           0.75            10.33         -49.30        49.65          0.74        0.92        0.93         6.85           -37.45         37.79           3.48          -11.85        11.86          
4.77  -0.094 0.173  -0.182 0.25           0.27           0.28            -6.85         -26.91        27.54          0.50        0.51        0.51         -3.40          -14.10         14.47           -3.45         -12.81        13.07          
4.80  -0.085 0.182  -0.171 0.37           0.42           0.50            48.93         -54.17        60.93          0.57        0.60        0.66         29.49          -34.32         41.56           19.44         -19.85        19.37          
4.83  -0.082 0.187  -0.168 0.18           0.14           0.20            53.94         -42.31        58.74          0.38        0.37        0.40         22.27          -15.19         26.17           31.67         -27.12        32.58          
4.87  -0.073 0.186  -0.168 0.26           0.26           0.26            -8.88         3.04          9.37           0.51        0.51        0.51         -4.56          1.55           4.81            -4.33         1.49          4.56           
4.90  -0.068 0.195  -0.176 0.32           0.28           0.39            60.23         55.83         66.38          0.49        0.47        0.54         34.01          29.62          41.43           26.22         26.21         24.95          
4.93  -0.064 0.205  -0.185 0.32           0.29           0.42            68.44         66.50         73.70          0.47        0.45        0.54         38.88          36.23          47.46           29.56         30.27         26.24          
4.97  -0.059 0.214  -0.189 0.32           0.19           0.34            60.86         35.34         62.60          0.49        0.42        0.51         34.60          15.25          36.57           26.26         20.09         26.03          
5.00  -0.058 0.232  -0.204 0.54           0.45           0.70            87.03         86.47         87.73          0.60        0.53        0.75         62.65          58.40          68.40           24.38         28.07         19.33          
5.03  -0.060 0.245  -0.215 0.39           0.34           0.52            98.61         99.84         96.51          0.43        0.39        0.55         63.69          60.45          69.56           34.92         39.39         26.94          
5.07  -0.058 0.255  -0.225 0.30           0.30           0.42            78.30         78.47         81.73          0.43        0.43        0.52         43.34          43.78          53.37           34.96         34.70         28.37          
5.10  -0.057 0.251  -0.241 0.10           0.50           0.51            -70.92        86.07         86.15          0.30        0.57        0.58         -19.14         60.25          60.72           -51.78        25.83         25.43          
