time     x        y        groundspeed  track angle  AV track angle  BA angle  AV BA angle  turn  tempo  amplitude  stop  stop time  
0.000    0.484    0.002    0.053                                     45.258    45.258       
0.033    0.486    0.017    0.016        98.280       98.280          38.965    38.965       
0.067    0.490    0.041    0.052        98.514       98.514          35.147    35.147       
0.100    0.493    0.063    0.001        89.663       89.663          36.984    36.984                                 1     0.533      
0.133    0.489    0.077    -0.084       72.286       72.286          33.236    33.236       
0.167    0.482    0.099    -0.099       74.647       74.647          33.760    33.760       
0.200    0.477    0.122    -0.148       75.927       75.927          38.039    38.039       
0.233    0.473    0.136    -0.197       68.216       68.216          39.853    39.853       
0.267    0.465    0.152    -0.339       61.481       61.481          39.223    39.223       
0.300    0.455    0.167    -0.415       77.042       77.042          27.299    27.299       
0.333    0.459    0.181    -0.379       103.732      103.732         27.091    27.091       
0.367    0.462    0.193    -0.496       93.358       93.358          38.185    38.185       
0.400    0.460    0.204    -0.664       85.114       85.114          31.891    31.891       
0.433    0.459    0.219    -0.766       94.126       94.126          26.099    26.099       
0.467    0.463    0.246    -0.766       101.452      101.452         28.865    28.865       
0.500    0.465    0.249    -0.601       87.265       87.265          35.907    35.907       
0.533    0.463    0.250    -0.573       -3.089       3.089           35.316    35.316       
0.567    0.452    0.249    -0.585       14.851       14.851          29.591    29.591       
0.600    0.447    0.254    -0.149       54.131       54.131          34.807    34.807       
0.633    0.440    0.265    0.165        40.564       40.564          26.305    26.305       
0.667    0.428    0.271    0.194        40.211       40.211          26.448    26.448       
0.700    0.417    0.284    0.208        37.052       37.052          27.251    27.251       
0.733    0.402    0.290    0.410        14.273       14.273          26.260    26.260       1     
0.767    0.396    0.290    0.574        -29.808      29.808          28.087    28.087       
0.800    0.390    0.284    0.486        -20.153      20.153          20.861    20.861       
0.833    0.381    0.284    0.547        4.539        4.539           19.980    19.980       
0.867    0.385    0.284    0.625        -124.063     124.063         23.519    23.519       
0.900    0.384    0.279    0.451        -67.019      67.019          27.500    27.500       
0.933    0.382    0.279    0.721        -82.661      82.661          28.324    28.324       
0.967    0.381    0.251    0.739        -64.414      64.414          35.705    35.705       
1.000    0.362    0.236    0.686        -34.160      34.160          18.163    18.163       
1.033    0.357    0.235    0.667        -11.587      11.587          28.438    28.438       
1.067    0.345    0.233    0.236        -10.376      10.376          33.212    33.212       
1.100    0.332    0.230    0.187        -9.806       9.806           28.505    28.505       
1.133    0.312    0.227    0.097        -9.399       9.399           25.475    25.475       
1.167    0.298    0.225    0.091        -38.498      38.498          30.237    30.237       
1.200    0.289    0.209    -0.114       -52.996      52.996          13.646    13.646                                 2     0.400      
1.233    0.274    0.193    -0.307       -56.775      56.775          0.349     0.349        
1.267    0.271    0.181    -0.665       -60.206      60.206          1.274     1.274        
1.300    0.256    0.163    -0.873       -67.289      67.289          4.037     4.037        
1.333    0.250    0.131    -0.527       -81.858      81.858          16.870    16.870       
1.367    0.252    0.132    -0.431       -86.986      86.986          22.736    22.736       
1.400    0.249    0.127    -0.600       -57.490      57.490          17.388    17.388       
1.433    0.242    0.117    -0.873       -48.429      48.429          26.808    26.808       
1.467    0.240    0.116    -0.528       29.138       29.138          18.436    18.436       2     0.733    0.193      
1.500    0.232    0.122    -0.042       73.463       73.463          28.293    28.293       
1.533    0.231    0.146    -0.170       82.495       82.495          37.248    37.248       
1.567    0.226    0.167    -0.096       83.490       83.490          25.370    25.370       
1.600    0.225    0.193    0.161        84.855       84.855          25.430    25.430       
1.633    0.221    0.224    0.076        74.053       74.053          41.387    41.387       
1.667    0.214    0.232    0.223        83.962       83.962          25.721    25.721       
1.700    0.218    0.254    0.319        81.177       81.177          29.319    29.319       
1.733    0.211    0.253    0.331        85.540       85.540          36.324    36.324       
1.767    0.216    0.273    0.230        67.386       67.386          24.149    24.149       3     0.300    0.149      
1.800    0.205    0.268    0.086        -31.952      31.952          28.453    28.453       
1.833    0.209    0.269    0.480        175.133      175.133         33.382    33.382       
1.867    0.209    0.269    0.498        -27.760      27.760          26.948    26.948       
1.900    0.190    0.258    0.321        -27.224      27.224          25.861    25.861       
1.933    0.188    0.258    0.237        -52.625      52.625          31.069    31.069       
1.967    0.177    0.241    0.297        -47.796      47.796          30.744    30.744       
2.000    0.162    0.229    0.489        -48.047      48.047          44.048    44.048       
2.033    0.143    0.203    0.363        -48.429      48.429          25.419    25.419       
2.067    0.128    0.191    0.038        -48.018      48.018          31.305    31.305       
2.100    0.119    0.177    -0.232       -56.384      56.384          45.213    45.213                                 3     0.500      
2.133    0.108    0.160    -0.228       -33.541      33.541          30.253    30.253       
2.167    0.099    0.164    -0.277       2.684        2.684           37.973    37.973       
2.200    0.092    0.161    -0.735       -5.737       5.737           31.141    31.141       
2.233    0.085    0.162    -0.903       2.421        2.421           34.732    34.732       
2.267    0.077    0.161    -0.528       -26.297      26.297          42.727    42.727       
2.300    0.073    0.156    -0.399       -33.707      33.707          33.766    33.766       
2.333    0.064    0.153    -0.411       -16.129      16.129          28.927    28.927       
2.367    0.061    0.153    -0.545       -4.274       4.274           29.876    29.876       
2.400    0.056    0.152    -0.573       21.917       21.917          25.049    25.049       4     0.633    0.137      
2.433    0.055    0.155    -0.383       75.296       75.296          29.245    29.245       
2.467    0.053    0.163    -0.243       46.669       46.669          27.643    27.643       
2.500    0.048    0.162    -0.338       2.046        2.046           42.013    42.013       
2.533    0.038    0.163    -0.539       29.759       29.759          45.760    45.760       
2.567    0.024    0.176    -0.203       50.775       50.775          42.340    42.340       
2.600    0.017    0.188    0.051        46.180       46.180          60.645    60.645       
2.633    0.008    0.192    0.040        84.721       84.721          50.587    50.587       
2.667    0.015    0.217    0.131        105.109      105.109         42.453    42.453       
2.700    0.017    0.225    0.274        113.364      113.364         27.205    27.205       
2.733    0.028    0.247    0.491        126.517      126.517         45.447    45.447       
2.767    0.047    0.265    0.428        142.275      142.275         20.531    20.531       
2.800    0.055    0.268    0.194        168.967      168.967         31.408    31.408       
2.833    0.070    0.270    0.265        -166.977     166.977         36.098    36.098       5     0.433    0.107      
2.867    0.080    0.263    0.396        -97.369      97.369          43.492    43.492       
2.900    0.073    0.251    0.487        -32.376      32.376          34.008    34.008       
2.933    0.073    0.259    0.461        28.539       28.539          42.507    42.507       
2.967    0.070    0.253    0.258        -51.938      51.938          37.772    37.772       
3.000    0.059    0.240    0.172        -41.021      41.021          23.903    23.903       6     0.167    0.033      
3.033    0.059    0.243    0.701        80.217       80.217          35.093    35.093       
3.067    0.055    0.263    0.680        46.948       46.948          44.602    44.602       
3.100    0.046    0.256    0.347        -9.126       9.126           39.154    39.154       
3.133    0.040    0.260    0.399        60.261       60.261          42.084    42.084       
3.167    0.034    0.278    0.147        57.648       57.648          49.315    49.315       
3.200    0.026    0.282    -0.139       52.302       52.302          50.610    50.610                                 4     0.267      
3.233    0.024    0.290    -0.333       50.126       50.126          48.622    48.622       
3.267    0.016    0.295    -0.438       12.809       12.809          30.067    30.067       7     0.267    0.047      
3.300    0.008    0.294    -0.472       -33.293      33.293          30.798    30.798       
3.333    0.007    0.289    -0.256       -74.711      74.711          30.546    30.546       
3.367    0.004    0.278    -0.341       -71.092      71.092          39.119    39.119       
3.400    0.001    0.273    -0.432       -70.485      70.485          62.918    62.918       
3.433    -0.000   0.267    -0.138       -70.724      70.724          46.540    46.540       
3.467    -0.004   0.259    0.132        -67.411      67.411          44.495    44.495       
