time  x      y      z      groundspeedxy  groundspeedxz  groundspeedxyz  trackanglexy  trackanglexz  trackanglexyz  airspeedxy  airspeedxz  airspeedxyz  courseanglexy  courseanglexz  courseanglexyz  driftanglexy  driftanglexz  driftanglexyz  
0.00  -0.358 0.260  -0.203 
0.03  -0.353 0.257  -0.198 0.16           0.19           0.21            -29.70        -42.10        46.90          0.40        0.41        0.42         -11.58         -17.98         21.00           -18.12        -24.12        25.90          
0.07  -0.356 0.253  -0.183 0.15           0.47           0.49            -123.90       -100.00       99.68          0.21        0.50        0.51         -36.20         -70.27         70.87           -87.70        -29.74        28.82          
0.10  -0.353 0.248  -0.171 0.17           0.37           0.40            -60.34        -77.05        77.96          0.36        0.49        0.51         -23.71         -47.41         49.55           -36.63        -29.65        28.41          
0.13  -0.354 0.246  -0.153 0.07           0.54           0.54            -115.68       -93.03        93.01          0.23        0.58        0.58         -14.95         -67.59         67.71           -100.72       -25.44        25.30          
0.17  -0.357 0.252  -0.137 0.18           0.50           0.52            116.75        -99.19        98.75          0.23        0.52        0.54         42.69          -70.82         71.68           74.06         -28.36        27.08          
0.20  -0.353 0.258  -0.124 0.25           0.39           0.44            57.12         -70.11        72.48          0.44        0.53        0.57         28.34          -43.95         47.85           28.78         -26.16        24.63          
0.23  -0.343 0.269  -0.118 0.43           0.35           0.47            46.30         -31.26        50.42          0.63        0.58        0.65         29.60          -18.24         33.29           16.70         -13.02        17.13          
0.27  -0.345 0.286  -0.120 0.52           0.08           0.52            97.59         146.57        97.56          0.54        0.19        0.55         70.54          13.97          70.60           27.05         132.59        26.95          
0.30  -0.342 0.302  -0.122 0.50           0.12           0.50            79.25         36.93         79.35          0.60        0.35        0.60         55.06          11.55          55.33           24.19         25.39         24.03          
0.33  -0.341 0.310  -0.129 0.22           0.20           0.30            85.02         84.66         86.36          0.35        0.34        0.40         38.99          37.05          47.90           46.03         47.62         38.45          
0.37  -0.346 0.324  -0.131 0.45           0.17           0.45            110.32        155.98        110.07         0.43        0.12        0.44         77.41          36.46          77.57           32.92         119.51        32.50          
0.40  -0.355 0.318  -0.144 0.30           0.45           0.48            -145.03       123.63        121.10         0.17        0.37        0.41         -89.77         89.89          89.90           -55.26        33.74         31.19          
0.43  -0.369 0.317  -0.155 0.43           0.54           0.54            -176.90       142.05        141.99         0.18        0.38        0.38         -172.58        118.09         118.03          -4.32         23.97         23.96          
0.47  -0.394 0.318  -0.164 0.75           0.80           0.80            178.34        159.66        159.60         0.50        0.58        0.58         177.52         150.98         150.91          0.82          8.68          8.70           
0.50  -0.414 0.322  -0.181 0.60           0.77           0.78            168.20        139.61        138.78         0.36        0.60        0.62         160.02         124.03         123.26          8.18          15.58         15.52          
0.53  -0.434 0.326  -0.189 0.63           0.67           0.68            167.58        156.91        154.37         0.39        0.45        0.47         159.64         144.31         141.05          7.94          12.60         13.32          
0.57  -0.453 0.326  -0.202 0.57           0.69           0.69            -179.10       145.73        145.72         0.32        0.50        0.50         -178.40        129.50         129.49          -0.70         16.23         16.23          
0.60  -0.476 0.317  -0.209 0.72           0.70           0.75            -158.66       163.36        153.81         0.50        0.47        0.54         -148.11        154.55         141.93          -10.55        8.81          11.88          
0.63  -0.483 0.307  -0.231 0.38           0.69           0.76            -124.54       108.08        106.44         0.31        0.66        0.73         -83.34         86.83          87.13           -41.20        21.26         19.30          
0.67  -0.487 0.283  -0.243 0.73           0.38           0.81            -100.91       111.14        99.79          0.73        0.37        0.81         -81.14         72.64          82.06           -19.76        38.50         17.72          
0.70  -0.500 0.263  -0.263 0.73           0.73           0.95            -122.84       122.88        114.55         0.63        0.63        0.88         -103.30        103.31         99.49           -19.55        19.57         15.06          
0.73  -0.509 0.244  -0.279 0.62           0.54           0.78            -115.04       119.00        109.66         0.56        0.47        0.73         -91.11         91.32          90.85           -23.92        27.68         18.81          
0.77  -0.509 0.224  -0.293 0.60           0.43           0.74            -89.82        89.74         89.85          0.65        0.50        0.78         -67.32         59.52          71.18           -22.50        30.23         18.67          
0.80  -0.507 0.204  -0.301 0.61           0.24           0.65            -83.43        72.63         83.83          0.69        0.39        0.72         -62.27         35.01          63.74           -21.16        37.61         20.09          
0.83  -0.497 0.186  -0.310 0.59           0.39           0.65            -61.04        43.23         63.85          0.74        0.60        0.79         -43.95         26.64          47.38           -17.08        16.59         16.47          
0.87  -0.487 0.182  -0.305 0.34           0.34           0.36            -21.86        -21.56        29.38          0.58        0.58        0.59         -12.62         -12.44         17.45           -9.23         -9.12         11.93          
0.90  -0.475 0.193  -0.302 0.48           0.37           0.50            43.46         -17.15        44.90          0.69        0.61        0.70         28.98          -10.22         30.22           14.48         -6.93         14.68          
0.93  -0.462 0.205  -0.295 0.51           0.43           0.55            41.30         -27.42        45.57          0.72        0.66        0.74         27.98          -17.42         31.67           13.32         -10.00        13.90          
0.97  -0.465 0.216  -0.285 0.37           0.32           0.48            104.91        -106.89       101.32         0.39        0.35        0.50         66.22          -63.32         71.67           38.69         -43.57        29.65          
1.00  -0.472 0.222  -0.274 0.27           0.38           0.41            140.08        -122.68       119.48         0.18        0.32        0.36         74.64          -81.61         82.60           65.44         -41.07        36.88          
1.03  -0.488 0.218  -0.269 0.49           0.51           0.52            -166.67       -160.89       157.23         0.26        0.28        0.31         -153.69        -144.13        138.78          -12.98        -16.76        18.45          
1.07  -0.511 0.211  -0.252 0.72           0.85           0.87            -163.64       -144.74       142.57         0.49        0.66        0.69         -155.37        -132.16        129.91          -8.27         -12.58        12.66          
1.10  -0.538 0.210  -0.249 0.80           0.80           0.80            -176.16       -173.12       172.14         0.55        0.55        0.56         -174.40        -170.02        168.61          -1.76         -3.11         3.53           
1.13  -0.561 0.203  -0.245 0.73           0.72           0.74            -165.10       -169.65       162.12         0.49        0.48        0.51         -157.63        -164.23        153.48          -7.47         -5.42         8.64           
1.17  -0.584 0.210  -0.234 0.70           0.75           0.77            164.43        -153.60       150.34         0.46        0.54        0.57         156.09         -141.69        137.83          8.34          -11.90        12.52          
1.20  -0.603 0.205  -0.218 0.59           0.74           0.75            -166.91       -141.26       140.13         0.36        0.57        0.58         -157.74        -125.30        124.22          -9.17         -15.96        15.91          
1.23  -0.620 0.212  -0.194 0.56           0.90           0.93            157.20        -125.09       123.97         0.34        0.78        0.81         140.87         -109.96        109.20          16.33         -15.14        14.77          
1.27  -0.633 0.217  -0.174 0.39           0.70           0.71            160.26        -121.90       121.28         0.18        0.60        0.62         131.72         -101.27        101.00          28.54         -20.64        20.28          
1.30  -0.643 0.233  -0.164 0.59           0.44           0.66            123.29        -136.51       119.13         0.50        0.31        0.58         98.39          -103.32        97.13           24.90         -33.19        22.00          
1.33  -0.655 0.254  -0.151 0.71           0.52           0.81            119.32        -131.40       115.34         0.62        0.40        0.74         98.87          -103.77        97.50           20.45         -27.64        17.85          
1.37  -0.654 0.264  -0.141 0.31           0.28           0.42            87.28         -87.06        88.00          0.41        0.39        0.49         49.23          -46.94         57.64           38.05         -40.11        30.36          
1.40  -0.657 0.281  -0.138 0.52           0.13           0.53            99.16         -128.88       98.99          0.54        0.20        0.55         71.76          -31.27         72.10           27.40         -97.61        26.89          
1.43  -0.653 0.283  -0.130 0.13           0.26           0.26            21.00         -61.61        62.11          0.38        0.44        0.44         7.25           -31.51         32.05           13.75         -30.10        30.06          
1.47  -0.643 0.282  -0.134 0.29           0.30           0.31            -5.22         19.23         19.83          0.54        0.55        0.55         -2.80          10.56          10.91           -2.43         8.67          8.92           
1.50  -0.635 0.276  -0.133 0.29           0.24           0.29            -32.88        -3.12         32.97          0.52        0.49        0.52         -17.67         -1.54          17.73           -15.21        -1.58         15.24          
1.53  -0.623 0.260  -0.138 0.61           0.40           0.63            -52.67        20.04         53.70          0.79        0.64        0.80         -38.10         12.30          39.14           -14.58        7.74          14.56          
1.57  -0.616 0.247  -0.148 0.46           0.38           0.56            -61.68        55.23         66.94          0.62        0.56        0.69         -40.85         33.87          47.58           -20.84        21.37         19.36          
1.60  -0.609 0.235  -0.159 0.39           0.38           0.51            -59.21        58.11         66.72          0.56        0.56        0.65         -36.81         35.63          46.02           -22.40        22.49         20.70          
1.63  -0.604 0.226  -0.176 0.31           0.54           0.61            -63.55        75.37         76.99          0.48        0.65        0.71         -35.48         53.64          56.90           -28.07        21.73         20.09          
1.67  -0.597 0.218  -0.192 0.33           0.51           0.56            -46.85        63.87         66.51          0.53        0.66        0.70         -26.73         43.90          47.36           -20.13        19.97         19.15          
1.70  -0.587 0.218  -0.206 0.29           0.51           0.51            -1.17         56.16         56.17          0.54        0.68        0.68         -0.62          38.49          38.49           -0.55         17.68         17.68          
1.73  -0.571 0.223  -0.234 0.51           0.98           0.99            18.23         60.55         60.96          0.75        1.12        1.13         12.22          49.36          49.84           6.00          11.19         11.13          
1.77  -0.562 0.223  -0.247 0.29           0.49           0.49            -0.69         53.98         53.99          0.54        0.67        0.67         -0.37          36.37          36.37           -0.32         17.61         17.61          
1.80  -0.548 0.231  -0.265 0.47           0.68           0.72            29.60         52.85         55.16          0.70        0.85        0.89         19.44          39.35          41.76           10.16         13.50         13.41          
1.83  -0.532 0.232  -0.279 0.49           0.64           0.64            4.75          40.39         40.53          0.74        0.84        0.84         3.14           29.32          29.44           1.61          11.07         11.09          
1.87  -0.512 0.229  -0.291 0.61           0.69           0.70            -10.27        29.30         30.53          0.86        0.92        0.93         -7.31          21.65          22.65           -2.97         7.65          7.88           
1.90  -0.496 0.219  -0.299 0.54           0.52           0.59            -31.01        27.30         38.39          0.77        0.75        0.80         -21.34         18.54          27.24           -9.67         8.76          11.15          
1.93  -0.475 0.209  -0.293 0.71           0.66           0.73            -25.67        -13.64        28.30          0.95        0.91        0.96         -19.09         -9.91          21.19           -6.58         -3.73         7.11           
1.97  -0.455 0.208  -0.286 0.60           0.64           0.64            -3.48         -21.34        21.57          0.85        0.88        0.88         -2.46          -15.40         15.58           -1.03         -5.94         5.99           
2.00  -0.443 0.208  -0.273 0.37           0.54           0.54            1.48          -46.50        46.51          0.62        0.73        0.73         0.88           -32.20         32.21           0.59          -14.30        14.30          
2.03  -0.437 0.223  -0.249 0.48           0.73           0.85            68.61         -75.94        78.09          0.62        0.82        0.94         46.54          -58.80         62.96           22.06         -17.14        15.12          
2.07  -0.425 0.224  -0.235 0.36           0.56           0.56            2.42          -50.17        50.19          0.61        0.74        0.74         1.42           -35.20         35.21           1.00          -14.97        14.97          
2.10  -0.431 0.232  -0.224 0.31           0.37           0.45            128.24        -121.16       115.63         0.25        0.32        0.41         76.99          -79.95         81.99           51.25         -41.22        33.64          
2.13  -0.440 0.240  -0.218 0.36           0.31           0.40            135.24        -144.99       129.47         0.25        0.18        0.31         91.43          -92.03         91.17           43.80         -52.97        38.31          
2.17  -0.455 0.245  -0.217 0.49           0.46           0.49            161.79        -175.58       161.33         0.26        0.22        0.26         144.37         -170.45        143.64          17.41         -5.13         17.68          
2.20  -0.476 0.244  -0.216 0.63           0.63           0.63            -177.06       -178.06       176.48         0.38        0.38        0.38         -175.12        -176.78        174.16          -1.94         -1.28         2.32           
2.23  -0.492 0.249  -0.217 0.49           0.48           0.49            164.29        175.57        163.74         0.26        0.23        0.26         149.22         170.69         148.29          15.07         4.88          15.45          
2.27  -0.504 0.263  -0.226 0.57           0.44           0.62            129.30        145.23        125.44         0.45        0.27        0.52         104.00         113.68         102.23          25.30         31.55         23.21          
2.30  -0.517 0.267  -0.227 0.41           0.39           0.41            163.16        174.95        162.50         0.18        0.14        0.19         139.81         166.15         138.65          23.35         8.80          23.85          
2.33  -0.519 0.278  -0.233 0.34           0.19           0.38            98.91         105.91        97.82          0.39        0.27        0.43         59.15          42.64          62.38           39.76         63.27         35.45          
2.37  -0.509 0.283  -0.239 0.33           0.34           0.37            26.19         29.00         36.54          0.57        0.57        0.59         15.02          16.82          22.01           11.17         12.17         14.53          
2.40  -0.499 0.289  -0.241 0.32           0.29           0.33            29.12         13.91         31.37          0.55        0.54        0.56         16.43          7.47           17.88           12.70         6.44          13.49          
2.43  -0.484 0.275  -0.239 0.62           0.47           0.62            -40.27        -6.88         40.56          0.82        0.72        0.82         -28.94         -4.50          29.18           -11.33        -2.38         11.37          
2.47  -0.464 0.253  -0.242 0.90           0.59           0.90            -49.27        9.04          49.53          1.08        0.84        1.08         -39.13         6.36           39.39           -10.14        2.68          10.14          
2.50  -0.443 0.236  -0.249 0.81           0.67           0.84            -37.84        17.63         40.01          1.02        0.91        1.04         -29.20         12.89          31.13           -8.63         4.75          8.87           
2.53  -0.427 0.207  -0.251 1.00           0.48           1.00            -61.55        7.52          61.61          1.14        0.73        1.14         -50.45         4.95           50.53           -11.09        2.57          11.08          
2.57  -0.414 0.184  -0.254 0.78           0.40           0.79            -60.28        13.40         60.50          0.93        0.64        0.94         -46.79         8.24           47.05           -13.49        5.16          13.45          
2.60  -0.401 0.175  -0.244 0.46           0.48           0.55            -35.75        -38.80        47.18          0.68        0.69        0.75         -23.37         -25.77         32.94           -12.38        -13.04        14.25          
2.63  -0.392 0.171  -0.238 0.30           0.33           0.35            -23.61        -35.53        39.93          0.53        0.56        0.57         -12.81         -20.38         23.54           -10.80        -15.14        16.40          
2.67  -0.377 0.175  -0.229 0.47           0.52           0.54            15.74         -30.37        33.03          0.71        0.75        0.76         10.26          -20.63         22.67           5.48          -9.74         10.37          
2.70  -0.361 0.184  -0.227 0.55           0.48           0.55            29.39         -7.46         30.04          0.78        0.73        0.78         20.29          -4.91          20.78           9.11          -2.55         9.26           
2.73  -0.344 0.167  -0.225 0.72           0.52           0.72            -44.62        -5.63         44.76          0.92        0.76        0.92         -33.56         -3.79          33.69           -11.06        -1.84         11.07          
2.77  -0.317 0.156  -0.222 0.88           0.81           0.88            -23.70        -6.41         24.38          1.11        1.06        1.12         -18.52         -4.90          19.07           -5.18         -1.51         5.30           
2.80  -0.288 0.146  -0.222 0.93           0.88           0.93            -18.78        -0.77         18.79          1.17        1.13        1.17         -14.82         -0.60          14.83           -3.96         -0.17         3.96           
2.83  -0.274 0.133  -0.216 0.56           0.46           0.58            -40.93        -21.99        43.73          0.77        0.69        0.78         -28.57         -14.23         30.99           -12.36        -7.76         12.73          
2.87  -0.252 0.122  -0.216 0.74           0.66           0.74            -27.21        -1.06         27.23          0.97        0.91        0.97         -20.42         -0.76          20.44           -6.79         -0.29         6.79           
2.90  -0.243 0.140  -0.214 0.59           0.27           0.60            63.32         -7.50         63.37          0.74        0.52        0.74         45.78          -3.89          45.85           17.53         -3.61         17.52          
2.93  -0.227 0.159  -0.207 0.75           0.54           0.79            49.42         -25.58        51.61          0.93        0.77        0.96         37.69          -17.57         39.86           11.73         -8.01         11.75          
2.97  -0.216 0.184  -0.210 0.83           0.34           0.84            67.11         18.73         67.32          0.96        0.58        0.96         53.16          10.82          53.44           13.95         7.91          13.88          
3.00  -0.207 0.215  -0.211 0.96           0.29           0.96            72.37         2.43          72.37          1.06        0.54        1.06         59.42          1.31           59.42           12.95         1.12          12.95          
3.03  -0.196 0.241  -0.215 0.84           0.34           0.85            67.97         23.22         68.26          0.96        0.58        0.97         53.98          13.43          54.38           13.99         9.79          13.88          
3.07  -0.187 0.254  -0.224 0.49           0.39           0.56            56.51         45.36         61.20          0.66        0.59        0.72         38.22          27.82          43.46           18.29         17.55         17.74          
3.10  -0.189 0.272  -0.232 0.53           0.24           0.57            96.85         105.53        96.29          0.56        0.29        0.60         70.36          50.46          71.86           26.49         55.08         24.43          
3.13  -0.189 0.289  -0.243 0.52           0.35           0.63            89.29         88.94         89.41          0.58        0.43        0.68         63.72          53.77          67.73           25.57         35.17         21.68          
3.17  -0.194 0.297  -0.262 0.28           0.56           0.61            120.31        104.38        103.22         0.26        0.55        0.60         65.00          78.44          79.39           55.31         25.94         23.83          
3.20  -0.199 0.308  -0.275 0.35           0.44           0.54            116.44        110.32        106.54         0.32        0.43        0.53         72.76          76.99          79.50           43.68         33.33         27.04          
3.23  -0.190 0.299  -0.274 0.38           0.27           0.38            -44.38        -7.33         44.63          0.58        0.52        0.59         -26.96         -3.82          27.16           -17.42        -3.50         17.47          
3.27  -0.192 0.294  -0.282 0.17           0.24           0.29            -112.08       104.93        102.56         0.24        0.30        0.34         -39.35         51.29          56.19           -72.73        53.64         46.37          
3.30  -0.193 0.286  -0.282 0.23           0.03           0.23            -95.89        -146.46       95.87          0.32        0.23        0.32         -45.88         -4.03          45.95           -50.00        -142.43       49.92          
3.33  -0.196 0.279  -0.269 0.23           0.40           0.45            -116.11       -104.86       103.13         0.26        0.41        0.46         -54.68         -69.02         71.36           -61.42        -35.84        31.77          
3.37  -0.197 0.272  -0.259 0.22           0.30           0.37            -97.56        -95.44        94.42          0.31        0.37        0.43         -44.39         -53.76         59.23           -53.16        -41.67        35.19          
3.40  -0.210 0.261  -0.249 0.51           0.49           0.58            -141.40       -143.69       132.66         0.35        0.33        0.45         -114.77        -116.62        108.75          -26.62        -27.06        23.91          
3.43  -0.227 0.261  -0.239 0.51           0.60           0.60            179.76        -149.04       149.04         0.26        0.40        0.40         179.54         -130.41        130.41          0.23          -18.63        18.63          
3.47  -0.244 0.264  -0.221 0.52           0.73           0.73            172.14        -134.71       134.44         0.27        0.58        0.59         164.94         -116.90        116.69          7.21          -17.80        17.75          
3.50  -0.262 0.259  -0.217 0.54           0.54           0.56            -164.60       -166.11       159.69         0.31        0.30        0.34         -152.20        -154.66        144.68          -12.40        -11.45        15.01          
3.53  -0.282 0.262  -0.203 0.61           0.74           0.74            171.66        -145.42       144.82         0.37        0.55        0.56         165.99         -130.44        129.82          5.67          -14.97        15.00          
3.57  -0.303 0.260  -0.190 0.64           0.74           0.75            -175.36       -148.88       148.65         0.39        0.55        0.55         -172.39        -135.19        134.93          -2.97         -13.69        13.72          
3.60  -0.317 0.260  -0.180 0.42           0.52           0.52            -179.25       -144.02       144.01         0.17        0.35        0.35         -178.14        -119.13        119.12          -1.11         -24.89        24.89          
3.63  -0.326 0.259  -0.161 0.27           0.63           0.63            -173.57       -114.64       114.61         0.03        0.58        0.58         -114.72        -91.36         91.36           -58.86        -23.27        23.25          
3.67  -0.324 0.247  -0.153 0.35           0.25           0.42            -82.02        -78.75        83.47          0.46        0.38        0.52         -49.16         -39.18         54.75           -32.86        -39.57        28.71          
3.70  -0.332 0.246  -0.139 0.24           0.47           0.47            -169.30       -119.57       119.43         0.05        0.41        0.41         -69.34         -87.68         87.70           -99.96        -31.89        31.74          
3.73  -0.315 0.223  -0.138 0.86           0.52           0.86            -52.81        -3.60         52.85          1.03        0.77        1.03         -41.65         -2.43          41.68           -11.17        -1.17         11.17          
3.77  -0.307 0.210  -0.140 0.45           0.25           0.46            -57.61        16.09         58.04          0.62        0.50        0.62         -37.74         8.06           38.19           -19.88        8.03          19.84          
3.80  -0.301 0.196  -0.148 0.47           0.29           0.52            -68.59        53.48         70.89          0.60        0.48        0.65         -45.91         28.67          49.44           -22.67        24.81         21.45          
3.83  -0.294 0.192  -0.164 0.24           0.52           0.53            -27.72        65.29         65.91          0.48        0.66        0.67         -13.69         45.21          46.02           -14.03        20.08         19.88          
3.87  -0.289 0.200  -0.178 0.28           0.46           0.52            61.04         72.51         74.68          0.46        0.58        0.63         32.58          48.29          52.24           28.46         24.21         22.44          
3.90  -0.285 0.208  -0.194 0.28           0.49           0.55            59.21         72.63         74.52          0.46        0.61        0.66         31.68          49.63          53.03           27.53         23.01         21.50          
3.93  -0.279 0.212  -0.207 0.19           0.43           0.44            33.73         67.90         68.60          0.43        0.57        0.58         14.71          44.08          45.09           19.02         23.82         23.50          
3.97  -0.279 0.207  -0.217 0.16           0.31           0.35            -85.78        87.76         88.02          0.31        0.40        0.43         -31.85         49.47          52.94           -53.94        38.29         35.08          
4.00  -0.303 0.196  -0.228 0.78           0.78           0.84            -156.24       156.45        148.23         0.56        0.56        0.64         -145.87        146.14         136.36          -10.37        10.31         11.87          
4.03  -0.319 0.182  -0.229 0.66           0.50           0.66            -139.47       174.21        139.27         0.49        0.25        0.50         -120.22        168.49         120.05          -19.25        5.72          19.23          
4.07  -0.337 0.182  -0.221 0.54           0.59           0.59            178.82        -155.86       155.84         0.29        0.37        0.37         177.79         -139.99        139.96          1.03          -15.87        15.88          
4.10  -0.359 0.163  -0.234 0.88           0.77           0.96            -139.12       150.46        134.03         0.71        0.56        0.81         -125.87        137.85         121.18          -13.25        12.61         12.85          
4.13  -0.373 0.163  -0.242 0.41           0.47           0.47            178.91        150.44        150.43         0.16        0.28        0.28         177.22         124.73         124.71          1.69          25.71         25.71          
4.17  -0.388 0.164  -0.239 0.46           0.47           0.47            178.85        -169.86       169.80         0.21        0.23        0.23         177.50         -158.78        158.66          1.35          -11.08        11.14          
4.20  -0.410 0.174  -0.253 0.71           0.76           0.82            153.16        146.48        140.19         0.50        0.57        0.65         140.07         132.38         125.95          13.09         14.10         14.24          
4.23  -0.423 0.192  -0.261 0.66           0.46           0.70            126.11        147.58        123.50         0.55        0.28        0.60         104.58         119.30         103.27          21.54         28.28         20.23          
4.27  -0.424 0.206  -0.262 0.41           0.07           0.42            98.27         153.16        98.25          0.45        0.19        0.45         65.12          9.01           65.18           33.15         144.15        33.07          
4.30  -0.420 0.223  -0.266 0.53           0.18           0.55            74.00         36.09         74.32          0.65        0.41        0.66         52.28          15.13          52.87           21.72         20.96         21.45          
4.33  -0.415 0.238  -0.262 0.47           0.18           0.49            72.16         -36.64        72.62          0.60        0.41        0.61         48.80          -15.29         49.59           23.36         -21.35        23.03          
4.37  -0.410 0.251  -0.265 0.41           0.17           0.42            69.32         29.05         69.72          0.55        0.40        0.56         44.34          11.58          44.96           24.98         17.47         24.76          
4.40  -0.402 0.252  -0.260 0.23           0.28           0.28            8.40          -33.35        34.00          0.48        0.50        0.50         4.05           -17.51         17.91           4.35          -15.84        16.08          
4.43  -0.395 0.251  -0.257 0.23           0.24           0.24            -7.74         -16.77        18.29          0.48        0.48        0.48         -3.72          -8.20          8.98            -4.02         -8.57         9.31           
4.47  -0.387 0.250  -0.246 0.23           0.40           0.40            -7.81         -55.17        55.29          0.48        0.58        0.58         -3.77          -34.58         34.70           -4.05         -20.59        20.59          
4.50  -0.383 0.254  -0.241 0.17           0.21           0.24            47.75         -57.34        62.36          0.38        0.40        0.42         18.90          -25.88         30.70           28.86         -31.46        31.66          
4.53  -0.382 0.247  -0.232 0.21           0.25           0.32            -83.19        -84.38        85.66          0.34        0.37        0.42         -36.86         -42.31         49.70           -46.34        -42.08        35.96          
4.57  -0.381 0.247  -0.220 0.05           0.36           0.36            -2.35         -81.93        81.93          0.30        0.47        0.47         -0.39          -49.80         49.80           -1.96         -32.12        32.12          
4.60  -0.375 0.242  -0.212 0.24           0.32           0.35            -42.25        -55.44        59.72          0.46        0.50        0.53         -20.75         -31.20         35.54           -21.50        -24.24        24.18          
4.63  -0.383 0.238  -0.204 0.26           0.34           0.35            -158.44       -135.33       133.21         0.10        0.24        0.26         -84.71         -87.88         88.03           -73.74        -47.45        45.17          
4.67  -0.385 0.244  -0.198 0.16           0.18           0.23            110.33        -108.68       104.02         0.25        0.26        0.30         38.04          -40.62         49.26           72.29         -68.06        54.76          
4.70  -0.381 0.248  -0.195 0.17           0.15           0.20            48.66         -41.87        55.37          0.38        0.37        0.40         19.26          -15.41         23.99           29.40         -26.47        31.37          
4.73  -0.369 0.251  -0.189 0.36           0.40           0.41            14.50         -27.32        30.02          0.61        0.63        0.63         8.59           -16.80         18.66           5.91          -10.52        11.36          
4.77  -0.360 0.261  -0.186 0.43           0.30           0.44            47.72         -17.43        48.84          0.62        0.54        0.63         30.47          -9.53          31.46           17.26         -7.90         17.38          
4.80  -0.355 0.272  -0.188 0.36           0.15           0.37            67.18         20.55         67.43          0.51        0.39        0.52         40.58          7.69           40.93           26.60         12.86         26.50          
4.83  -0.341 0.278  -0.188 0.46           0.43           0.46            19.32         3.60          19.61          0.70        0.68        0.70         12.50          2.28           12.70           6.82          1.32          6.91           
4.87  -0.326 0.278  -0.191 0.45           0.46           0.46            2.05          9.09          9.31           0.70        0.70        0.70         1.32           5.87           6.02            0.73          3.21          3.29           
4.90  -0.308 0.259  -0.203 0.78           0.64           0.86            -46.41        33.01         51.01          0.97        0.86        1.03         -35.65         23.93          40.15           -10.76        9.09          10.86          
4.93  -0.300 0.253  -0.213 0.27           0.39           0.43            -39.21        56.91         60.08          0.49        0.57        0.59         -20.55         35.18          38.60           -18.67        21.73         21.48          
4.97  -0.285 0.239  -0.226 0.62           0.59           0.73            -43.53        40.34         51.88          0.82        0.80        0.91         -31.46         28.67          39.37           -12.08        11.67         12.51          
5.00  -0.278 0.226  -0.234 0.45           0.32           0.51            -62.01        48.21         65.45          0.61        0.52        0.66         -40.83         27.19          45.15           -21.18        21.02         20.30          
5.03  -0.277 0.223  -0.249 0.10           0.44           0.45            -59.07        83.03         83.17          0.32        0.53        0.54         -16.37         55.23          55.78           -42.70        27.80         27.40          
5.07  -0.272 0.231  -0.267 0.29           0.56           0.61            59.02         74.46         75.84          0.47        0.67        0.71         31.90          53.35          55.97           27.12         21.11         19.87          
5.10  -0.259 0.236  -0.275 0.40           0.45           0.47            23.81         35.55         40.02          0.63        0.67        0.69         14.65          22.94          26.45           9.16          12.60         13.57          
5.13  -0.252 0.250  -0.288 0.46           0.44           0.59            60.90         59.31         67.90          0.62        0.60        0.72         40.20          38.40          49.20           20.70         20.91         18.70          
5.17  -0.234 0.254  -0.293 0.55           0.56           0.58            14.47         17.76         22.36          0.80        0.81        0.82         9.99           12.33          15.68           4.48          5.43          6.68           
5.20  -0.217 0.271  -0.286 0.73           0.56           0.76            44.88         -23.90        47.47          0.92        0.80        0.95         33.85          -16.62         36.29           11.03         -7.28         11.18          
5.23  -0.201 0.272  -0.275 0.47           0.58           0.58            1.63          -34.82        34.85          0.72        0.79        0.79         1.07           -24.47         24.49           0.56          -10.35        10.35          
5.27  -0.194 0.281  -0.265 0.34           0.36           0.46            53.48         -55.55        63.29          0.53        0.54        0.61         31.30          -33.27         41.81           22.18         -22.28        21.47          
5.30  -0.188 0.283  -0.254 0.19           0.38           0.38            17.26         -60.78        61.14          0.44        0.55        0.55         7.53           -37.26         37.67           9.73          -23.52        23.47          
5.33  -0.200 0.292  -0.245 0.46           0.45           0.53            142.66        -144.08       133.55         0.30        0.29        0.40         112.17         -113.23        106.47          30.49         -30.85        27.09          
5.37  -0.208 0.276  -0.243 0.55           0.25           0.55            -116.23       -162.41       115.96         0.49        0.08        0.50         -88.98         -83.48         88.99           -27.25        -78.93        26.97          
5.40  -0.233 0.262  -0.237 0.85           0.77           0.87            -150.78       -166.73       148.74         0.65        0.53        0.67         -139.93        -160.48        137.61          -10.85        -6.26         11.13          
5.43  -0.251 0.248  -0.232 0.68           0.55           0.70            -140.93       -166.63       139.78         0.52        0.31        0.53         -123.13        -155.83        122.06          -17.81        -10.80        17.72          
5.47  -0.272 0.248  -0.224 0.64           0.69           0.69            178.29        -158.74       158.69         0.39        0.47        0.47         177.21         -147.55        147.47          1.08          -11.19        11.21          
5.50  -0.292 0.249  -0.209 0.59           0.75           0.75            178.24        -141.86       141.84         0.34        0.57        0.57         176.94         -126.18        126.16          1.30          -15.68        15.68          
5.53  -0.314 0.252  -0.197 0.68           0.76           0.76            171.79        -152.24       151.37         0.43        0.55        0.56         167.03         -139.94        138.91          4.77          -12.30        12.46          
5.57  -0.331 0.264  -0.179 0.61           0.73           0.81            144.95        -133.36       128.21         0.43        0.59        0.69         125.66         -115.42        111.62          19.29         -17.94        16.59          
5.60  -0.346 0.280  -0.168 0.67           0.56           0.75            133.27        -144.49       128.01         0.53        0.39        0.62         113.24         -122.59        109.62          20.03         -21.90        18.39          
5.63  -0.351 0.295  -0.156 0.47           0.39           0.60            108.45        -112.41       104.54         0.46        0.38        0.59         77.39          -74.54         80.13           31.06         -37.88        24.41          
5.67  -0.364 0.324  -0.144 0.96           0.53           1.03            113.71        -137.17       112.13         0.89        0.38        0.96         98.82          -110.86        98.18           14.89         -26.31        13.96          
5.70  -0.364 0.337  -0.137 0.36           0.21           0.42            86.63         -84.12        87.07          0.45        0.34        0.50         53.22          -37.41         57.02           33.41         -46.71        30.05          
5.73  -0.364 0.355  -0.137 0.56           0.00           0.56            90.10         -110.70       90.10          0.62        0.25        0.62         66.17          -0.62          66.17           23.93         -110.07       23.93          
5.77  -0.361 0.365  -0.137 0.28           0.08           0.29            74.86         -17.22        74.91          0.42        0.33        0.43         40.24          -4.06          40.34           34.62         -13.17        34.58          
5.80  -0.356 0.355  -0.141 0.32           0.20           0.35            -63.72        45.65         66.22          0.48        0.42        0.50         -35.98         20.13          39.12           -27.75        25.52         27.10          
5.83  -0.351 0.343  -0.143 0.40           0.18           0.41            -65.15        17.08         65.37          0.56        0.42        0.56         -41.13         7.08           41.41           -24.02        10.00         23.96          
5.87  -0.342 0.316  -0.145 0.83           0.27           0.84            -71.40        9.81          71.43          0.94        0.52        0.95         -56.88         5.10           56.92           -14.52        4.71          14.51          
5.90  -0.344 0.294  -0.163 0.68           0.54           0.87            -94.51        95.67         93.53          0.71        0.58        0.89         -73.95         70.07          77.30           -20.56        25.60         16.24          
5.93  -0.343 0.286  -0.168 0.23           0.15           0.27            -87.56        86.40         87.98          0.34        0.30        0.38         -41.12         30.62          46.53           -46.44        55.78         41.45          
5.97  -0.340 0.267  -0.175 0.59           0.24           0.63            -81.04        67.52         81.62          0.68        0.41        0.71         -59.60         32.99          61.26           -21.45        34.53         20.36          
6.00  -0.337 0.245  -0.180 0.67           0.18           0.68            -80.28        51.74         80.50          0.75        0.39        0.77         -61.18         21.54          61.73           -19.10        30.20         18.77          
6.03  -0.337 0.228  -0.206 0.50           0.80           0.94            -90.39        90.24         90.21          0.55        0.83        0.97         -63.54         72.77          75.25           -26.85        17.47         14.95          
6.07  -0.329 0.225  -0.226 0.24           0.62           0.63            -27.51        69.60         69.94          0.48        0.74        0.75         -13.52         51.17          51.68           -13.98        18.44         18.26          
6.10  -0.319 0.232  -0.239 0.37           0.49           0.54            36.40         52.20         56.05          0.59        0.67        0.71         21.95          35.17          39.07           14.46         17.04         16.98          
6.13  -0.311 0.242  -0.257 0.41           0.61           0.68            48.73         64.01         66.92          0.60        0.75        0.81         30.51          46.69          50.51           18.22         17.32         16.41          
6.17  -0.292 0.268  -0.263 0.94           0.59           0.96            54.02         19.71         54.90          1.11        0.83        1.13         43.51          13.87          44.44           10.51         5.84          10.46          
6.20  -0.266 0.271  -0.279 0.78           0.91           0.91            7.82          31.40         32.03          1.03        1.13        1.13         5.93           24.77          25.31           1.89          6.63          6.72           
6.23  -0.253 0.289  -0.289 0.66           0.50           0.73            52.78         37.15         56.64          0.84        0.72        0.89         39.04          25.02          43.09           13.74         12.13         13.55          
6.27  -0.260 0.299  -0.296 0.38           0.30           0.43            125.07        135.64        120.06         0.31        0.22        0.38         84.09          81.42          85.12           40.98         54.22         34.94          
6.30  -0.261 0.302  -0.302 0.09           0.17           0.18            113.91        102.16        100.97         0.23        0.27        0.28         20.17          37.07          40.03           93.75         65.09         60.94          
6.33  -0.275 0.291  -0.309 0.53           0.47           0.57            -142.64       154.11        137.86         0.36        0.26        0.42         -117.88        129.76         114.06          -24.76        24.35         23.81          
6.37  -0.292 0.288  -0.312 0.50           0.50           0.50            -169.51       169.31        165.19         0.25        0.25        0.27         -159.19        158.82         151.51          -10.32        10.49         13.68          
6.40  -0.311 0.276  -0.312 0.68           0.58           0.68            -148.12       178.17        148.08         0.49        0.33        0.49         -132.38        176.79         132.34          -15.74        1.39          15.75          
6.43  -0.332 0.290  -0.316 0.77           0.64           0.77            145.74        171.03        145.04         0.58        0.40        0.59         131.62         165.39         130.88          14.11         5.65          14.16          
6.47  -0.352 0.288  -0.313 0.60           0.60           0.60            -173.68       -172.21       170.02         0.35        0.35        0.36         -169.17        -166.71        163.10          -4.51         -5.50         6.93           
6.50  -0.361 0.262  -0.302 0.84           0.44           0.91            -109.45       -130.02       108.03         0.80        0.34        0.86         -92.24         -95.32         92.07           -17.21        -34.70        15.96          
6.53  -0.362 0.241  -0.288 0.62           0.40           0.73            -93.14        -94.81        92.63          0.65        0.46        0.77         -70.63         -61.64         73.58           -22.51        -33.17        19.05          
6.57  -0.374 0.236  -0.257 0.38           1.01           1.02            -156.35       -110.34       110.10         0.18        0.95        0.96         -123.02        -96.02         95.95           -33.33        -14.32        14.16          
6.60  -0.380 0.223  -0.242 0.42           0.50           0.63            -117.19       -112.80       108.02         0.38        0.46        0.60         -81.52         -83.05         84.61           -35.66        -29.76        23.41          
6.63  -0.384 0.199  -0.219 0.74           0.70           1.01            -99.74        -100.26       97.10          0.74        0.70        1.01         -80.27         -79.75         82.91           -19.46        -20.51        14.19          
6.67  -0.383 0.185  -0.194 0.41           0.73           0.84            -84.74        -87.02        87.41          0.50        0.78        0.89         -55.03         -68.46         71.03           -29.71        -18.57        16.38          
6.70  -0.380 0.162  -0.179 0.70           0.48           0.84            -82.23        -78.63        83.56          0.77        0.58        0.90         -63.54         -53.72         67.61           -18.70        -24.91        15.95          
6.73  -0.377 0.167  -0.163 0.16           0.47           0.49            56.66         -79.40        79.79          0.36        0.57        0.59         21.31          -53.90         54.95           35.35         -25.50        24.84          
6.77  -0.367 0.172  -0.147 0.35           0.58           0.60            29.55         -58.48        59.92          0.58        0.74        0.76         17.22          -41.71         43.34           12.33         -16.77        16.58          
6.80  -0.364 0.188  -0.143 0.49           0.15           0.50            78.10         -49.17        78.43          0.59        0.37        0.61         53.80          -18.43         54.58           24.30         -30.74        23.84          
6.83  -0.355 0.204  -0.145 0.53           0.28           0.53            58.66         12.01         58.87          0.69        0.53        0.70         40.71          6.36           40.94           17.95         5.65          17.92          
6.87  -0.359 0.223  -0.153 0.60           0.29           0.65            103.39        118.73        102.32         0.60        0.28        0.65         79.31          66.51          80.18           24.08         52.22         22.14          
6.90  -0.369 0.231  -0.161 0.37           0.36           0.44            138.36        140.24        129.40         0.25        0.23        0.34         96.48          96.92          94.74           41.88         43.32         34.65          
6.93  -0.384 0.233  -0.171 0.47           0.55           0.55            172.11        147.16        146.57         0.22        0.37        0.37         163.18         125.38         124.78          8.93          21.77         21.79          
6.97  -0.399 0.245  -0.181 0.57           0.55           0.64            143.00        145.58        134.47         0.40        0.37        0.50         120.65         123.09         113.67          22.35         22.49         20.80          
7.00  -0.421 0.257  -0.190 0.76           0.72           0.81            151.71        158.48        146.29         0.55        0.50        0.61         139.36         147.84         133.22          12.35         10.64         13.07          
7.03  -0.439 0.268  -0.199 0.62           0.58           0.67            146.68        152.86        140.18         0.43        0.38        0.51         128.16         135.21         121.78          18.52         17.64         18.40          
7.07  -0.446 0.285  -0.209 0.55           0.37           0.62            115.04        128.28        111.90         0.50        0.29        0.58         87.85          86.37          88.15           27.19         41.91         23.75          
7.10  -0.467 0.303  -0.210 0.81           0.61           0.81            138.70        176.20        138.62         0.65        0.36        0.65         123.89         173.58         123.81          14.81         2.62          14.80          
7.13  -0.472 0.314  -0.218 0.38           0.29           0.45            117.01        126.66        112.81         0.35        0.25        0.42         77.31          71.81          79.48           39.70         54.85         33.33          
7.17  -0.473 0.318  -0.225 0.13           0.21           0.25            95.79         93.64         93.08          0.27        0.32        0.34         29.19          41.72          46.45           66.61         51.92         46.63          
7.20  -0.472 0.327  -0.230 0.27           0.15           0.31            86.20         83.42         86.70          0.38        0.31        0.41         44.84          29.82          48.94           41.35         53.60         37.76          
7.23  -0.469 0.320  -0.235 0.22           0.18           0.27            -65.18        58.33         69.69          0.40        0.38        0.43         -30.49         23.82          36.35           -34.69        34.51         33.34          
7.27  -0.461 0.297  -0.224 0.75           0.41           0.82            -70.97        -53.20        72.61          0.86        0.59        0.92         -55.08         -33.44         57.63           -15.89        -19.75        14.98          
7.30  -0.457 0.274  -0.230 0.70           0.21           0.72            -79.03        51.48         79.33          0.78        0.42        0.80         -60.75         23.51          61.45           -18.27        27.97         17.88          
7.33  -0.452 0.251  -0.223 0.70           0.24           0.73            -78.59        -55.18        79.03          0.79        0.44        0.82         -60.58         -27.21         61.56           -18.02        -27.96        17.48          
7.37  -0.446 0.234  -0.212 0.53           0.38           0.63            -70.78        -63.10        73.97          0.65        0.54        0.74         -49.56         -38.88         54.92           -21.22        -24.22        19.05          
7.40  -0.440 0.213  -0.204 0.66           0.29           0.69            -73.57        -50.68        74.50          0.77        0.49        0.80         -55.32         -27.49         56.94           -18.25        -23.20        17.56          
7.43  -0.443 0.208  -0.194 0.20           0.32           0.37            -114.87       -104.90       103.00         0.24        0.35        0.39         -46.65         -61.54         64.82           -68.22        -43.36        38.17          
7.47  -0.441 0.198  -0.191 0.28           0.10           0.30            -78.81        -56.09        79.26          0.41        0.32        0.42         -42.39         -15.03         43.57           -36.42        -41.06        35.68          
7.50  -0.432 0.201  -0.179 0.29           0.46           0.46            17.96         -52.53        53.35          0.53        0.64        0.65         9.67           -34.43         35.24           8.29          -18.10        18.12          
7.53  -0.414 0.212  -0.171 0.63           0.60           0.68            30.69         -24.82        36.96          0.85        0.83        0.89         22.09          -17.55         27.23           8.60          -7.27         9.73           
7.57  -0.394 0.214  -0.172 0.60           0.60           0.60            4.88          3.84          6.20           0.85        0.85        0.85         3.44           2.71           4.38            1.44          1.13          1.82           
7.60  -0.371 0.215  -0.172 0.69           0.69           0.69            2.88          -0.53         2.93           0.94        0.94        0.94         2.11           -0.39          2.15            0.77          -0.14         0.78           
7.63  -0.342 0.204  -0.164 0.92           0.88           0.95            -21.77        -16.14        26.26          1.15        1.13        1.18         -17.15         -12.61         20.86           -4.62         -3.54         5.39           
7.67  -0.317 0.207  -0.167 0.77           0.77           0.77            7.19          7.77          10.53          1.02        1.02        1.02         5.42           5.87           7.96            1.77          1.91          2.57           
7.70  -0.301 0.220  -0.170 0.63           0.48           0.63            41.16         11.32         41.89          0.83        0.73        0.84         29.75          7.46           30.38           11.41         3.87          11.51          
7.73  -0.282 0.237  -0.189 0.77           0.82           0.95            39.27         43.59         51.45          0.97        1.02        1.13         29.93          33.83          41.46           9.34          9.76          9.99           
7.77  -0.267 0.254  -0.198 0.67           0.50           0.71            50.32         31.45         53.50          0.85        0.72        0.89         37.19          21.06          40.40           13.12         10.39         13.11          
7.80  -0.256 0.271  -0.215 0.63           0.63           0.82            57.11         56.97         65.37          0.79        0.79        0.95         41.79          41.63          51.58           15.32         15.33         13.79          
7.83  -0.258 0.293  -0.227 0.65           0.36           0.74            95.19         99.29         94.54          0.67        0.41        0.76         73.46          61.89          75.45           21.73         37.40         19.09          
7.87  -0.259 0.298  -0.233 0.14           0.18           0.22            96.87         95.51         94.31          0.27        0.29        0.32         30.98          36.87          43.85           65.89         58.64         50.46          
7.90  -0.263 0.308  -0.241 0.33           0.26           0.40            114.88        122.59        110.58         0.32        0.24        0.39         69.73          63.02          73.36           45.15         59.57         37.22          
7.93  -0.267 0.317  -0.252 0.32           0.38           0.48            112.76        109.04        104.93         0.32        0.38        0.48         66.71          70.51          74.71           46.05         38.53         30.22          
7.97  -0.272 0.335  -0.256 0.53           0.17           0.54            103.93        140.18        103.65         0.53        0.16        0.54         76.68          41.13          76.94           27.25         99.06         26.71          
8.00  -0.266 0.344  -0.249 0.31           0.25           0.37            59.85         -51.76        64.94          0.49        0.45        0.53         33.61          -26.09         39.54           26.25         -25.67        25.40          
8.03  -0.253 0.342  -0.242 0.39           0.44           0.44            -6.03         -27.62        28.09          0.64        0.67        0.68         -3.69          -17.71         18.05           -2.34         -9.90         10.04          
8.07  -0.241 0.334  -0.243 0.44           0.36           0.44            -34.89        1.04          34.90          0.66        0.61        0.66         -22.39         0.62           22.40           -12.50        0.43          12.50          
8.10  -0.236 0.343  -0.235 0.31           0.27           0.39            62.99         -58.63        68.64          0.48        0.46        0.53         35.35          -30.67         42.75           27.64         -27.96        25.88          
8.13  -0.213 0.297  -0.227 1.56           0.73           1.58            -63.49        -18.84        63.81          1.68        0.97        1.70         -55.85         -14.09         56.23           -7.63         -4.75         7.58           
8.17  -0.202 0.275  -0.208 0.72           0.65           0.91            -62.31        -59.32        68.54          0.86        0.81        1.03         -47.41         -43.90         55.45           -14.89        -15.41        13.08          
8.20  -0.202 0.263  -0.206 0.36           0.06           0.37            -88.88        -82.84        88.90          0.45        0.26        0.45         -54.74         -12.36         55.06           -34.14        -70.48        33.83          
8.23  -0.201 0.258  -0.191 0.15           0.46           0.48            -82.02        -87.40        87.53          0.31        0.53        0.55         -28.77         -59.45         60.69           -53.25        -27.95        26.84          
8.27  -0.204 0.269  -0.168 0.32           0.70           0.77            102.72        -95.82        95.31          0.36        0.72        0.78         60.34          -75.57         76.81           42.38         -20.25        18.50          
8.30  -0.199 0.281  -0.153 0.39           0.48           0.61            67.81         -72.05        75.76          0.54        0.61        0.71         42.48          -49.05         55.81           25.34         -23.00        19.96          
8.33  -0.192 0.291  -0.149 0.35           0.22           0.37            56.75         -32.41        58.82          0.53        0.46        0.54         33.31          -15.30         35.44           23.44         -17.11        23.37          
8.37  -0.193 0.313  -0.146 0.68           0.07           0.68            90.36         -93.40        90.36          0.72        0.26        0.73         70.16          -16.48         70.26           20.21         -76.92        20.10          
8.40  -0.187 0.333  -0.146 0.61           0.18           0.61            73.17         -2.27         73.17          0.73        0.43        0.73         53.95          -0.94          53.95           19.22         -1.33         19.22          
8.43  -0.184 0.348  -0.149 0.45           0.12           0.46            79.60         49.04         79.82          0.55        0.34        0.56         53.27          15.82          53.86           26.33         33.22         25.95          
8.47  -0.171 0.357  -0.155 0.46           0.42           0.49            35.31         26.08         40.73          0.68        0.65        0.70         22.99          16.34          27.29           12.32         9.74          13.44          
8.50  -0.158 0.348  -0.165 0.48           0.49           0.56            -33.25        35.26         43.96          0.70        0.71        0.76         -21.99         23.53          30.71           -11.26        11.73         13.25          
8.53  -0.145 0.334  -0.171 0.57           0.43           0.60            -47.58        27.28         50.42          0.76        0.66        0.79         -33.52         17.34          36.22           -14.06        9.94          14.20          
8.57  -0.126 0.309  -0.186 0.94           0.72           1.03            -52.44        37.23         56.42          1.11        0.93        1.19         -42.12         27.85          46.33           -10.32        9.38          10.09          
8.60  -0.114 0.284  -0.197 0.82           0.50           0.89            -64.09        43.86         66.24          0.96        0.70        1.02         -50.51         29.54          53.25           -13.58        14.32         12.99          
8.63  -0.105 0.270  -0.201 0.51           0.29           0.52            -58.20        19.91         58.83          0.68        0.53        0.69         -39.98         10.67          40.68           -18.21        9.24          18.15          
