time  x      y      z      groundspeedxy  groundspeedxz  groundspeedxyz  trackanglexy  trackanglexz  trackanglexyz  airspeedxy  airspeedxz  airspeedxyz  courseanglexy  courseanglexz  courseanglexyz  driftanglexy  driftanglexz  driftanglexyz  
0.00  -1.166 0.181  -0.226 
0.03  -1.170 0.214  -0.235 0.98           0.31           1.03            96.64         111.63        96.37          0.99        0.32        1.03         82.07          64.63          82.39           14.57         47.00         13.98          
0.07  -1.179 0.234  -0.245 0.66           0.40           0.72            114.85        134.59        112.74         0.60        0.28        0.66         92.70          95.74          92.45           22.14         38.85         20.29          
0.10  -1.189 0.252  -0.255 0.63           0.44           0.71            117.89        132.33        114.59         0.56        0.33        0.64         94.50          97.71          93.89           23.39         34.61         20.69          
0.13  -1.196 0.267  -0.266 0.48           0.37           0.57            114.98        124.00        110.98         0.44        0.31        0.54         84.07          81.45          85.11           30.92         42.56         25.86          
0.17  -1.202 0.274  -0.279 0.28           0.43           0.48            131.00        114.83        112.22         0.22        0.40        0.45         71.49          79.89          81.06           59.51         34.94         31.16          
0.20  -1.207 0.279  -0.288 0.23           0.34           0.37            135.96        119.41        116.34         0.18        0.30        0.34         61.91          73.77          75.66           74.05         45.64         40.67          
0.23  -1.210 0.292  -0.297 0.38           0.28           0.46            103.56        108.55        101.08         0.40        0.31        0.48         66.18          58.43          70.28           37.38         50.12         30.80          
0.27  -1.210 0.302  -0.307 0.30           0.30           0.43            89.98         89.98         89.98          0.39        0.39        0.49         50.45          50.10          59.57           39.52         39.87         30.42          
0.30  -1.205 0.298  -0.313 0.20           0.23           0.26            -38.55        47.75         53.66          0.42        0.44        0.45         -16.84         22.70          27.31           -21.71        25.06         26.35          
0.33  -1.203 0.293  -0.320 0.16           0.22           0.26            -68.53        74.18         77.05          0.34        0.37        0.40         -25.99         34.09          39.83           -42.53        40.08         37.22          
0.37  -1.195 0.283  -0.324 0.37           0.29           0.40            -47.87        28.85         51.01          0.57        0.52        0.59         -28.96         15.41          31.72           -18.91        13.44         19.28          
0.40  -1.182 0.278  -0.333 0.41           0.46           0.49            -24.73        35.33         40.21          0.64        0.67        0.70         -15.39         22.96          26.80           -9.34         12.37         13.40          
0.43  -1.170 0.273  -0.338 0.40           0.41           0.43            -18.36        23.13         28.41          0.64        0.65        0.66         -11.26         14.38          17.98           -7.09         8.75          10.42          
0.47  -1.158 0.282  -0.345 0.42           0.39           0.46            35.73         28.93         42.21          0.64        0.62        0.67         22.62          17.75          27.72           13.11         11.18         14.49          
0.50  -1.143 0.289  -0.346 0.52           0.47           0.53            26.33         4.18          26.57          0.76        0.72        0.76         17.90          2.73           18.09           8.42          1.45          8.49           
0.53  -1.129 0.301  -0.346 0.54           0.41           0.54            40.03         0.76          40.04          0.75        0.66        0.75         27.57          0.47           27.58           12.46         0.29          12.46          
0.57  -1.119 0.310  -0.343 0.41           0.32           0.42            41.93         -15.93        43.30          0.62        0.57        0.63         26.38          -8.96          27.49           15.55         -6.97         15.81          
0.60  -1.109 0.317  -0.335 0.34           0.36           0.41            34.38         -39.07        46.71          0.57        0.58        0.61         19.97          -23.33         29.42           14.40         -15.74        17.29          
0.63  -1.105 0.311  -0.324 0.20           0.37           0.40            -49.39        -68.99        70.68          0.41        0.52        0.54         -22.08         -42.16         44.78           -27.31        -26.83        25.91          
0.67  -1.105 0.304  -0.298 0.22           0.77           0.80            -88.25        -89.50        89.52          0.34        0.81        0.84         -40.81         -71.62         72.29           -47.44        -17.88        17.23          
0.70  -1.091 0.285  -0.284 0.70           0.58           0.82            -56.19        -47.06        61.47          0.87        0.77        0.97         -42.36         -33.27         48.32           -13.83        -13.79        13.15          
0.73  -1.076 0.253  -0.267 1.06           0.70           1.18            -63.22        -46.81        66.04          1.19        0.89        1.30         -52.45         -34.97         55.90           -10.77        -11.85        10.14          
0.77  -1.074 0.226  -0.246 0.82           0.64           1.04            -86.55        -85.55        87.27          0.87        0.70        1.08         -69.90         -64.75         73.87           -16.65        -20.80        13.40          
0.80  -1.062 0.198  -0.222 0.91           0.80           1.16            -67.71        -64.63        72.77          1.03        0.94        1.26         -54.68         -50.67         61.81           -13.02        -13.96        10.96          
0.83  -1.053 0.183  -0.201 0.54           0.68           0.81            -56.25        -64.13        68.57          0.71        0.82        0.94         -39.12         -48.26         54.16           -17.13        -15.87        14.41          
0.87  -1.041 0.182  -0.180 0.34           0.72           0.72            -3.86         -61.70        61.72          0.59        0.86        0.86         -2.23          -46.94         46.96           -1.63         -14.77        14.76          
0.90  -1.016 0.188  -0.171 0.76           0.79           0.81            13.59         -19.89        23.51          1.01        1.03        1.04         10.25          -15.15         18.03           3.34          -4.74         5.48           
0.93  -1.004 0.206  -0.159 0.64           0.53           0.74            53.92         -44.03        59.22          0.82        0.73        0.89         39.58          -30.21         45.31           14.35         -13.82        13.90          
0.97  -0.988 0.230  -0.153 0.89           0.52           0.91            56.72         -20.50        57.48          1.05        0.76        1.07         45.24          -13.90         46.08           11.48         -6.60         11.40          
1.00  -0.989 0.260  -0.150 0.88           0.10           0.88            93.54         -122.65       93.53          0.90        0.21        0.90         77.38          -23.36         77.44           16.16         -99.29        16.09          
1.03  -0.989 0.285  -0.149 0.77           0.03           0.77            89.37         -75.67        89.37          0.81        0.26        0.81         71.40          -7.30          71.42           17.97         -68.37        17.95          
1.07  -0.995 0.306  -0.149 0.67           0.19           0.67            106.72        179.73        106.72         0.64        0.06        0.64         84.73          0.88           84.73           21.98         178.85        21.98          
1.10  -1.011 0.317  -0.158 0.56           0.53           0.62            145.74        151.19        138.80         0.38        0.33        0.46         124.05         129.92         117.73          21.70         21.27         21.07          
1.13  -1.025 0.336  -0.159 0.70           0.42           0.71            126.19        176.11        126.16         0.59        0.17        0.59         106.29         170.34         106.28          19.90         5.77          19.88          
1.17  -1.042 0.355  -0.171 0.77           0.64           0.86            132.51        144.88        127.61         0.63        0.46        0.73         115.57         126.58         111.91          16.94         18.30         15.70          
1.20  -1.049 0.372  -0.186 0.55           0.49           0.70            111.92        114.80        106.88         0.51        0.44        0.68         84.88          84.12          86.13           27.04         30.67         20.75          
1.23  -1.064 0.385  -0.199 0.59           0.60           0.72            138.27        137.62        128.08         0.44        0.45        0.60         116.10         115.59         108.90          22.17         22.03         19.18          
1.27  -1.073 0.396  -0.215 0.42           0.56           0.64            131.69        120.30        116.04         0.32        0.48        0.58         95.68          93.73          93.12           36.02         26.57         22.92          
1.30  -1.089 0.416  -0.233 0.78           0.71           0.95            126.89        131.12        119.64         0.66        0.58        0.85         109.30         112.16         104.87          17.59         18.96         14.77          
1.33  -1.102 0.430  -0.254 0.57           0.75           0.85            133.85        122.12        117.72         0.44        0.65        0.77         109.56         103.07         101.00          24.29         19.05         16.72          
1.37  -1.105 0.433  -0.270 0.13           0.50           0.51            133.13        100.33        100.15         0.19        0.51        0.52         30.59          71.77          72.09           102.55        28.56         28.06          
1.40  -1.105 0.438  -0.285 0.14           0.44           0.46            95.75         91.79         91.71          0.27        0.50        0.51         29.89          61.59          62.68           65.86         30.20         29.03          
1.43  -1.114 0.437  -0.305 0.25           0.66           0.66            -171.72       112.12        112.09         0.04        0.61        0.61         -86.99         89.82          89.82           -84.73        22.30         22.26          
1.47  -1.111 0.425  -0.325 0.36           0.60           0.70            -76.81        82.06         83.16          0.49        0.68        0.77         -46.72         60.71          64.27           -30.09        21.34         18.89          
1.50  -1.102 0.408  -0.336 0.57           0.42           0.66            -63.22        52.22         67.07          0.72        0.61        0.79         -45.18         33.23          50.21           -18.04        18.98         16.86          
1.53  -1.093 0.397  -0.346 0.42           0.39           0.51            -50.11        46.37         57.85          0.61        0.59        0.68         -31.91         28.63          39.63           -18.20        17.74         18.22          
1.57  -1.078 0.357  -0.342 1.30           0.47           1.30            -69.29        -12.00        69.36          1.41        0.72        1.41         -59.72         -7.84          59.80           -9.57         -4.17         9.55           
1.60  -1.069 0.326  -0.330 0.94           0.44           1.01            -74.10        -54.39        75.17          1.04        0.62        1.10         -60.69         -35.33         62.45           -13.41        -19.07        12.72          
1.63  -1.044 0.300  -0.317 1.11           0.87           1.18            -46.30        -27.53        49.46          1.30        1.09        1.36         -38.28         -21.46         41.41           -8.01         -6.07         8.05           
1.67  -1.033 0.265  -0.290 1.07           0.86           1.34            -72.91        -68.52        76.38          1.17        0.98        1.42         -61.16         -54.82         66.54           -11.76        -13.70        9.84           
1.70  -1.025 0.254  -0.268 0.41           0.70           0.77            -53.56        -69.50        71.55          0.60        0.82        0.89         -33.84         -52.93         56.02           -19.72        -16.56        15.53          
1.73  -1.018 0.242  -0.236 0.43           1.00           1.07            -60.21        -77.73        78.51          0.59        1.08        1.15         -38.81         -64.72         66.18           -21.41        -13.01        12.33          
1.77  -1.023 0.247  -0.209 0.21           0.82           0.83            134.89        -100.48       100.31         0.18        0.81        0.83         56.11          -82.89         83.01           78.78         -17.60        17.31          
1.80  -1.029 0.248  -0.194 0.19           0.49           0.49            166.30        -111.56       111.47         0.08        0.46        0.46         32.23          -81.31         81.35           134.07        -30.25        30.12          
1.83  -1.027 0.265  -0.185 0.49           0.28           0.56            81.52         -75.05        82.58          0.59        0.42        0.65         56.55          -40.22         60.02           24.97         -34.84        22.56          
1.87  -1.039 0.280  -0.178 0.60           0.41           0.63            128.10        -153.78       126.18         0.49        0.22        0.52         104.33         -123.48        103.40          23.77         -30.30        22.78          
1.90  -1.036 0.298  -0.173 0.53           0.21           0.56            78.93         -60.30        79.52          0.63        0.40        0.66         56.02          -26.96         57.48           22.92         -33.34        22.04          
1.93  -1.027 0.308  -0.177 0.39           0.29           0.42            50.14         30.72         53.21          0.58        0.52        0.60         30.97          16.58          33.82           19.17         14.14         19.38          
1.97  -1.012 0.315  -0.179 0.51           0.47           0.52            25.34         7.32          26.14          0.75        0.72        0.75         17.10          4.77           17.68           8.24          2.55          8.46           
2.00  -0.997 0.316  -0.182 0.44           0.44           0.44            4.63          10.41         11.35          0.68        0.69        0.69         2.94           6.65           7.26            1.69          3.76          4.09           
2.03  -0.970 0.312  -0.189 0.82           0.84           0.85            -9.13         14.98         17.34          1.07        1.08        1.09         -7.01          11.57          13.43           -2.12         3.42          3.91           
2.07  -0.940 0.298  -0.193 0.99           0.90           0.99            -24.61        6.12          25.20          1.22        1.15        1.22         -19.71         4.80           20.20           -4.91         1.33          5.00           
2.10  -0.920 0.279  -0.202 0.83           0.66           0.87            -43.88        24.63         46.81          1.02        0.89        1.06         -34.13         17.90          36.90           -9.75         6.72          9.91           
2.13  -0.895 0.266  -0.214 0.87           0.86           0.95            -27.79        25.87         35.61          1.10        1.09        1.16         -21.71         20.12          28.41           -6.08         5.75          7.19           
2.17  -0.873 0.252  -0.223 0.76           0.70           0.80            -31.48        21.98         36.26          0.98        0.94        1.02         -23.85         16.24          27.90           -7.64         5.74          8.36           
2.20  -0.844 0.243  -0.232 0.91           0.91           0.95            -17.60        17.22         23.92          1.15        1.15        1.18         -13.84         13.54          19.01           -3.76         3.69          4.91           
2.23  -0.814 0.235  -0.247 0.92           1.00           1.03            -14.50        27.50         30.17          1.16        1.23        1.25         -11.41         22.11          24.40           -3.09         5.39          5.76           
2.27  -0.785 0.233  -0.273 0.89           1.17           1.17            -4.01         40.75         40.84          1.14        1.37        1.37         -3.12          33.88          33.97           -0.88         6.87          6.87           
2.30  -0.761 0.236  -0.289 0.73           0.88           0.88            6.70          33.71         34.11          0.98        1.09        1.10         5.00           26.42          26.77           1.70          7.29          7.34           
2.33  -0.737 0.239  -0.302 0.73           0.82           0.83            7.51          28.80         29.48          0.98        1.05        1.05         5.59           22.21          22.78           1.92          6.59          6.70           
2.37  -0.708 0.242  -0.320 0.87           1.02           1.02            5.01          31.96         32.21          1.11        1.24        1.24         3.89           25.81          26.03           1.12          6.15          6.18           
2.40  -0.686 0.236  -0.338 0.68           0.85           0.87            -15.64        39.36         40.91          0.92        1.05        1.07         -11.46         30.71          32.11           -4.18         8.65          8.80           
2.43  -0.658 0.227  -0.350 0.88           0.91           0.95            -18.12        22.67         27.95          1.12        1.14        1.18         -14.14         17.83          22.23           -3.97         4.83          5.72           
2.47  -0.627 0.201  -0.351 1.22           0.94           1.22            -39.79        1.78          39.81          1.42        1.19        1.42         -33.33         1.41           33.35           -6.47         0.37          6.47           
2.50  -0.612 0.196  -0.340 0.47           0.55           0.57            -16.97        -35.29        37.62          0.71        0.77        0.78         -11.10         -24.46         26.35           -5.87         -10.83        11.27          
2.53  -0.589 0.190  -0.325 0.70           0.81           0.83            -14.59        -33.71        35.61          0.94        1.03        1.04         -10.75         -25.94         27.57           -3.85         -7.77         8.04           
2.57  -0.563 0.163  -0.288 1.13           1.37           1.59            -46.57        -55.29        60.80          1.32        1.52        1.73         -38.64         -47.54         53.55           -7.93         -7.76         7.24           
2.60  -0.545 0.138  -0.260 0.91           0.99           1.23            -53.52        -57.03        64.01          1.08        1.15        1.36         -42.77         -46.52         54.51           -10.75        -10.51        9.49           
2.63  -0.528 0.131  -0.240 0.57           0.79           0.82            -22.69        -47.87        49.77          0.81        0.97        1.00         -15.84         -36.88         38.73           -6.85         -10.99        11.03          
2.67  -0.498 0.121  -0.208 0.93           1.30           1.34            -18.78        -47.35        48.69          1.17        1.48        1.52         -14.85         -40.24         41.57           -3.94         -7.11         7.12           
2.70  -0.477 0.128  -0.188 0.68           0.89           0.91            17.35         -42.84        44.38          0.92        1.08        1.10         12.72          -33.82         35.26           4.63          -9.03         9.13           
2.73  -0.457 0.142  -0.173 0.74           0.76           0.87            34.85         -36.93        45.70          0.95        0.97        1.06         26.22          -28.00         35.94           8.62          -8.93         9.76           
2.77  -0.439 0.159  -0.165 0.73           0.57           0.76            44.88         -24.84        47.68          0.92        0.80        0.95         33.83          -17.31         36.47           11.05         -7.54         11.21          
2.80  -0.426 0.168  -0.154 0.49           0.52           0.58            32.89         -38.47        45.69          0.71        0.73        0.78         21.86          -26.23         32.43           11.04         -12.24        13.26          
2.83  -0.422 0.203  -0.160 1.07           0.21           1.08            84.51         60.24         84.59          1.12        0.40        1.14         71.69          26.91          71.93           12.82         33.33         12.66          
2.87  -0.430 0.236  -0.171 1.00           0.39           1.05            104.02        128.20        103.38         0.97        0.31        1.02         89.55          88.57          89.57           14.47         39.63         13.82          
2.90  -0.435 0.261  -0.176 0.77           0.21           0.78            100.20        130.39        99.98          0.76        0.20        0.78         81.38          54.37          81.57           18.82         76.02         18.42          
2.93  -0.442 0.277  -0.181 0.53           0.26           0.55            114.02        147.43        113.20         0.49        0.14        0.51         86.09          76.50          86.24           27.93         70.93         26.96          
2.97  -0.451 0.285  -0.192 0.35           0.43           0.49            138.06        128.34        122.81         0.24        0.33        0.41         93.36          92.39          91.95           44.70         35.96         30.87          
3.00  -0.462 0.289  -0.212 0.34           0.70           0.71            160.34        117.09        116.71         0.13        0.62        0.63         120.71         96.19          96.09           39.64         20.90         20.62          
3.03  -0.484 0.302  -0.220 0.78           0.70           0.81            148.20        161.55        144.85         0.59        0.47        0.63         135.21         151.88         131.57          13.00         9.66          13.28          
3.07  -0.503 0.313  -0.216 0.65           0.57           0.66            150.06        -169.33       148.79         0.45        0.33        0.46         134.05         -161.31        132.59          16.02         -8.02         16.20          
3.10  -0.524 0.311  -0.217 0.65           0.65           0.65            -175.33       177.02        174.47         0.40        0.40        0.41         -172.45        175.17         171.07          -2.88         1.85          3.40           
3.13  -0.545 0.316  -0.221 0.65           0.64           0.66            166.87        169.09        163.16         0.41        0.40        0.43         158.88         162.29         153.38          8.00          6.80          9.79           
3.17  -0.570 0.322  -0.220 0.75           0.73           0.75            167.27        -176.80       166.90         0.50        0.48        0.51         161.01         -175.13        160.48          6.26          -1.67         6.42           
3.20  -0.595 0.323  -0.217 0.76           0.76           0.76            177.48        -173.20       172.76         0.51        0.52        0.52         176.25         -169.90        169.25          1.24          -3.29         3.50           
3.23  -0.611 0.321  -0.202 0.48           0.66           0.66            -173.23       -136.13       135.91         0.23        0.51        0.51         -165.91        -116.19        116.02          -7.32         -19.94        19.90          
3.27  -0.632 0.347  -0.190 1.00           0.74           1.07            130.16        -151.15       127.42         0.86        0.53        0.94         117.39         -138.11        115.17          12.76         -13.04        12.25          
3.30  -0.644 0.347  -0.175 0.35           0.56           0.56            -179.73       -128.63       128.63         0.10        0.45        0.45         -179.04        -102.72        102.72          -0.69         -25.91        25.91          
3.33  -0.651 0.353  -0.143 0.28           1.00           1.02            135.71        -101.68       101.46         0.20        0.98        1.00         76.58          -87.24         87.30           59.13         -14.44        14.16          
3.37  -0.663 0.361  -0.119 0.45           0.81           0.84            147.99        -118.24       116.98         0.27        0.73        0.76         119.04         -100.56        100.02          28.94         -17.68        16.96          
3.40  -0.671 0.363  -0.093 0.23           0.81           0.82            169.02        -105.82       105.80         0.05        0.78        0.79         57.01          -87.96         87.96           112.01        -17.87        17.84          
3.43  -0.672 0.357  -0.070 0.16           0.67           0.69            -104.96       -93.62        93.53          0.26        0.70        0.72         -37.54         -72.87         73.30           -67.42        -20.76        20.23          
3.47  -0.668 0.345  -0.041 0.38           0.90           0.97            -72.32        -82.61        83.15          0.51        0.96        1.03         -44.76         -67.70         69.19           -27.56        -14.91        13.95          
3.50  -0.667 0.341  -0.014 0.13           0.79           0.80            -76.12        -87.65        87.68          0.31        0.84        0.85         -24.88         -70.32         70.57           -51.24        -17.33        17.12          
3.53  -0.664 0.325  0.003  0.49           0.52           0.71            -80.15        -80.78        83.24          0.58        0.61        0.78         -55.23         -57.02         64.64           -24.92        -23.76        18.60          
3.57  -0.651 0.309  0.013  0.63           0.50           0.70            -49.75        -35.56        54.09          0.82        0.72        0.87         -36.27         -23.94         40.61           -13.49        -11.62        13.47          
3.60  -0.635 0.283  0.007  0.91           0.50           0.93            -58.46        17.90         58.95          1.07        0.74        1.08         -46.92         11.97          47.47           -11.53        5.93          11.47          
3.63  -0.619 0.266  -0.006 0.71           0.62           0.81            -46.91        38.74         53.20          0.90        0.83        0.98         -35.19         27.88          41.40           -11.72        10.85         11.80          
3.67  -0.603 0.234  -0.025 1.07           0.75           1.22            -63.05        49.76         66.45          1.21        0.93        1.34         -52.41         37.97          56.58           -10.64        11.79         9.87           
3.70  -0.585 0.215  -0.049 0.77           0.91           1.06            -45.82        54.08         59.85          0.96        1.08        1.21         -35.02         43.22          49.53           -10.80        10.85         10.32          
3.73  -0.572 0.201  -0.073 0.56           0.81           0.91            -47.78        62.27         65.54          0.75        0.95        1.04         -33.56         48.87          52.92           -14.22        13.40         12.62          
3.77  -0.565 0.183  -0.092 0.61           0.61           0.83            -68.17        68.04         74.14          0.74        0.74        0.93         -49.96         49.77          59.20           -18.21        18.27         14.94          
3.80  -0.551 0.179  -0.123 0.43           1.02           1.02            -12.81        65.64         65.75          0.68        1.14        1.15         -8.11          54.15          54.30           -4.70         11.48         11.45          
3.83  -0.548 0.194  -0.158 0.43           1.05           1.13            78.60         85.30         85.65          0.54        1.10        1.18         51.73          72.17          73.41           26.87         13.13         12.23          
3.87  -0.555 0.224  -0.192 0.95           1.05           1.40            103.83        102.50        99.36          0.92        1.02        1.38         88.58          88.72          89.05           15.25         13.79         10.31          
3.90  -0.575 0.248  -0.218 0.94           0.98           1.22            129.75        127.86        119.60         0.81        0.85        1.12         115.98         114.49         108.41          13.77         13.37         11.19          
3.93  -0.596 0.254  -0.233 0.65           0.77           0.79            165.57        144.11        142.48         0.41        0.59        0.61         156.84         129.75         128.08          8.73          14.37         14.40          
3.97  -0.631 0.269  -0.241 1.13           1.06           1.15            155.71        166.68        152.99         0.90        0.81        0.94         149.18         162.62         146.03          6.53          4.06          6.96           
4.00  -0.653 0.277  -0.234 0.71           0.71           0.74            162.17        -163.16       156.17         0.48        0.48        0.52         153.01         -154.40        145.04          9.15          -8.76         11.13          
4.03  -0.693 0.297  -0.236 1.34           1.20           1.34            153.36        177.44        153.27         1.12        0.95        1.12         147.61         176.77         147.51          5.74          0.68          5.76           
4.07  -0.703 0.294  -0.237 0.30           0.29           0.30            -165.13       173.77        163.98         0.09        0.05        0.09         -117.87        142.15         116.06          -47.26        31.62         47.91          
4.10  -0.707 0.283  -0.236 0.36           0.14           0.36            -113.07       -166.51       112.96         0.35        0.11        0.35         -71.72         -17.19         71.81           -41.35        -149.32       41.16          
4.13  -0.703 0.273  -0.224 0.33           0.38           0.48            -67.35        -70.34        74.81          0.48        0.52        0.60         -38.85         -43.26         51.09           -28.49        -27.08        23.73          
4.17  -0.697 0.254  -0.208 0.58           0.50           0.75            -72.59        -69.56        76.51          0.70        0.63        0.84         -52.68         -47.82         59.74           -19.91        -21.74        16.76          
4.20  -0.687 0.241  -0.198 0.52           0.44           0.60            -51.84        -43.81        57.89          0.70        0.65        0.76         -35.49         -28.26         41.77           -16.34        -15.55        16.12          
4.23  -0.673 0.225  -0.186 0.63           0.56           0.74            -49.98        -42.92        56.50          0.82        0.76        0.90         -36.45         -29.98         43.14           -13.53        -12.95        13.36          
4.27  -0.652 0.215  -0.183 0.71           0.65           0.72            -24.65        -7.60         25.54          0.94        0.90        0.95         -18.30         -5.49          19.01           -6.35         -2.11         6.53           
4.30  -0.617 0.223  -0.180 1.08           1.06           1.08            13.01         -4.35         13.67          1.33        1.31        1.33         10.58          -3.52          11.12           2.43          -0.83         2.55           
4.33  -0.592 0.233  -0.187 0.80           0.77           0.83            22.53         14.88         26.22          1.04        1.01        1.06         17.24          11.24          20.23           5.29          3.64          5.99           
4.37  -0.563 0.239  -0.193 0.87           0.87           0.89            11.08         12.30         16.33          1.11        1.12        1.13         8.61           9.57           12.77           2.47          2.73          3.57           
4.40  -0.543 0.263  -0.203 0.95           0.68           1.00            50.85         27.94         53.22          1.12        0.90        1.16         40.88          20.50          43.32           9.97          7.44          9.91           
4.43  -0.543 0.284  -0.215 0.63           0.35           0.72            89.51         89.11         89.57          0.68        0.43        0.77         68.03          53.98          70.57           21.48         35.13         19.00          
4.47  -0.549 0.298  -0.220 0.44           0.23           0.46            114.88        143.83        113.71         0.41        0.15        0.43         80.99          64.93          81.46           33.89         78.90         32.25          
4.50  -0.566 0.310  -0.225 0.63           0.52           0.65            142.53        163.49        140.58         0.46        0.29        0.48         123.02         149.26         121.23          19.50         14.24         19.36          
4.53  -0.576 0.314  -0.235 0.32           0.43           0.45            161.59        134.29        132.85         0.11        0.32        0.33         117.84         99.73          99.26           43.75         34.56         33.59          
4.57  -0.591 0.311  -0.226 0.44           0.51           0.52            -170.42       -147.39       146.51         0.20        0.33        0.34         -158.21        -123.43        122.55          -12.21        -23.96        23.96          
4.60  -0.601 0.313  -0.228 0.33           0.34           0.34            171.56        165.73        163.59         0.09        0.11        0.12         147.23         132.20         128.06          24.33         33.53         35.53          
4.63  -0.603 0.319  -0.227 0.20           0.07           0.21            102.31        -127.87       101.87         0.29        0.21        0.29         43.67          -15.00         44.76           58.64         -112.87       57.11          
4.67  -0.602 0.313  -0.227 0.20           0.04           0.20            -80.11        37.19         80.19          0.34        0.28        0.34         -34.34         5.16           34.57           -45.77        32.02         45.62          
4.70  -0.588 0.314  -0.226 0.41           0.42           0.42            2.70          -7.63         8.08           0.66        0.66        0.67         1.68           -4.77          5.05            1.02          -2.86         3.03           
4.73  -0.573 0.301  -0.223 0.58           0.44           0.58            -40.73        -11.09        41.44          0.78        0.69        0.79         -28.70         -7.10          29.31           -12.03        -3.99         12.13          
4.77  -0.559 0.290  -0.209 0.54           0.59           0.67            -36.36        -42.73        49.75          0.75        0.79        0.85         -25.03         -30.37         36.85           -11.32        -12.35        12.90          
4.80  -0.531 0.272  -0.208 1.01           0.84           1.01            -33.92        -3.87         34.06          1.23        1.09        1.23         -27.40         -2.98          27.51           -6.53         -0.89         6.54           
4.83  -0.505 0.253  -0.210 0.97           0.79           0.97            -35.97        6.08          36.26          1.18        1.04        1.18         -28.81         4.61           29.07           -7.16         1.46          7.19           
4.87  -0.492 0.240  -0.214 0.56           0.41           0.57            -44.70        16.44         45.92          0.76        0.66        0.77         -31.29         10.27          32.39           -13.41        6.17          13.54          
4.90  -0.465 0.231  -0.218 0.85           0.82           0.86            -17.44        6.99          18.63          1.09        1.07        1.10         -13.50         5.35           14.45           -3.94         1.64          4.18           
4.93  -0.445 0.232  -0.224 0.58           0.61           0.61            3.14          18.15         18.39          0.83        0.85        0.85         2.19           12.89          13.06           0.95          5.27          5.33           
4.97  -0.422 0.237  -0.231 0.72           0.74           0.76            12.11         17.97         21.25          0.97        0.98        0.99         9.00           13.47          16.02           3.11          4.50          5.23           
5.00  -0.398 0.238  -0.248 0.71           0.87           0.87            2.16          35.43         35.46          0.96        1.08        1.08         1.59           27.73          27.77           0.56          7.69          7.70           
5.03  -0.378 0.246  -0.261 0.65           0.71           0.75            22.58         33.18         37.78          0.88        0.93        0.96         16.34          24.74          28.64           6.25          8.44          9.13           
5.07  -0.364 0.251  -0.267 0.46           0.48           0.50            17.85         22.39         27.61          0.71        0.71        0.73         11.61          14.74          18.46           6.24          7.66          9.15           
5.10  -0.342 0.255  -0.267 0.66           0.65           0.66            9.15          -0.55         9.17           0.91        0.90        0.91         6.65           -0.40          6.66            2.50          -0.15         2.51           
5.13  -0.330 0.246  -0.277 0.45           0.48           0.54            -35.60        39.85         47.72          0.67        0.69        0.74         -23.06         26.39          33.18           -12.54        13.46         14.54          
5.17  -0.308 0.233  -0.282 0.74           0.65           0.75            -30.54        13.43         32.47          0.96        0.90        0.97         -22.95         9.72           24.55           -7.59         3.70          7.92           
5.20  -0.296 0.215  -0.282 0.67           0.37           0.67            -56.05        -0.16         56.05          0.83        0.62        0.83         -41.65         -0.10          41.65           -14.40        -0.06         14.40          
5.23  -0.280 0.189  -0.273 0.92           0.57           0.97            -58.27        -30.85        59.88          1.08        0.79        1.11         -46.87         -21.52         48.69           -11.40        -9.33         11.19          
5.27  -0.270 0.185  -0.256 0.31           0.58           0.59            -19.75        -59.95        60.47          0.55        0.74        0.75         -10.95         -42.96         43.57           -8.80         -16.99        16.90          
5.30  -0.255 0.174  -0.235 0.57           0.77           0.85            -38.08        -54.89        58.38          0.78        0.94        1.00         -26.65         -42.34         46.13           -11.43        -12.56        12.25          
5.33  -0.235 0.152  -0.211 0.89           0.93           1.14            -47.99        -50.06        58.48          1.07        1.11        1.29         -38.04         -40.08         48.97           -9.95         -9.98         9.51           
5.37  -0.210 0.145  -0.189 0.77           1.00           1.02            -14.53        -41.42        42.60          1.02        1.20        1.21         -10.99         -33.47         34.57           -3.54         -7.95         8.03           
5.40  -0.188 0.141  -0.176 0.68           0.78           0.79            -9.66         -31.08        32.06          0.92        1.00        1.01         -7.06          -23.67         24.49           -2.60         -7.40         7.56           
5.43  -0.161 0.139  -0.162 0.81           0.90           0.90            -4.06         -26.39        26.62          1.06        1.13        1.13         -3.10          -20.74         20.94           -0.96         -5.65         5.69           
5.47  -0.138 0.150  -0.162 0.79           0.71           0.79            25.05         -0.67         25.05          1.02        0.96        1.02         19.08          -0.49          19.08           5.97          -0.17         5.97           
5.50  -0.140 0.176  -0.158 0.77           0.13           0.78            95.52         -124.52       95.47          0.78        0.21        0.79         77.02          -31.38         77.14           18.50         -93.14        18.32          
5.53  -0.150 0.200  -0.159 0.79           0.31           0.79            113.01        175.34        113.00         0.73        0.06        0.73         94.63          156.84         94.62           18.38         18.50         18.37          
