time  x      y      z      groundspeedxy  groundspeedxz  groundspeedxyz  trackanglexy  trackanglexz  trackanglexyz  airspeedxy  airspeedxz  airspeedxyz  courseanglexy  courseanglexz  courseanglexyz  driftanglexy  driftanglexz  driftanglexyz  
0.00  -1.164 0.245  -0.371 
0.03  -1.154 0.252  -0.386 0.36           0.56           0.59            33.45         57.20         59.33          0.59        0.72        0.75         19.87          40.33          42.69           13.58         16.87         16.64          
0.07  -1.133 0.252  -0.405 0.62           0.82           0.82            -0.80         41.42         41.43          0.87        1.02        1.02         -0.57          32.10          32.11           -0.23         9.32          9.32           
0.10  -1.117 0.255  -0.411 0.50           0.53           0.53            9.68          21.05         22.83          0.75        0.77        0.77         6.45           14.31          15.59           3.23          6.73          7.23           
0.13  -1.101 0.258  -0.414 0.48           0.48           0.49            11.21         12.07         16.25          0.72        0.72        0.73         7.36           7.93           10.76           3.85          4.13          5.49           
0.17  -1.089 0.257  -0.402 0.38           0.51           0.52            -1.99         -43.11        43.13          0.63        0.72        0.72         -1.20          -29.34         29.36           -0.80         -13.76        13.77          
0.20  -1.072 0.261  -0.392 0.50           0.57           0.58            11.74         -31.65        33.05          0.75        0.80        0.80         7.83           -22.18         23.28           3.91          -9.47         9.76           
0.23  -1.051 0.258  -0.385 0.65           0.69           0.69            -6.33         -19.88        20.72          0.90        0.93        0.93         -4.58          -14.63         15.27           -1.75         -5.25         5.45           
0.27  -1.039 0.258  -0.369 0.34           0.57           0.57            -0.81         -53.75        53.75          0.59        0.75        0.75         -0.46          -38.11         38.11           -0.34         -15.64        15.64          
0.30  -1.028 0.260  -0.353 0.33           0.60           0.60            8.18          -56.42        56.54          0.58        0.76        0.76         4.67           -40.58         40.71           3.51          -15.84        15.83          
0.33  -1.018 0.265  -0.337 0.34           0.56           0.58            27.00         -56.88        58.24          0.57        0.72        0.74         15.61          -40.05         41.54           11.39         -16.83        16.70          
0.37  -1.018 0.270  -0.320 0.16           0.52           0.54            84.78         -88.40        88.47          0.31        0.58        0.60         30.96          -63.04         64.06           53.82         -25.36        24.41          
0.40  -1.014 0.280  -0.301 0.31           0.58           0.65            68.72         -78.62        79.86          0.47        0.67        0.74         38.83          -57.30         60.30           29.88         -21.32        19.56          
0.43  -1.019 0.288  -0.288 0.28           0.43           0.49            123.09        -110.99       108.30         0.25        0.41        0.48         67.87          -76.54         78.34           55.22         -34.46        29.95          
0.47  -1.015 0.294  -0.271 0.22           0.49           0.53            59.07         -76.63        77.54          0.41        0.60        0.63         27.66          -52.88         54.87           31.42         -23.75        22.67          
0.50  -1.021 0.315  -0.253 0.66           0.59           0.87            104.66        -106.60       101.12         0.65        0.57        0.86         82.70          -81.69         84.50           21.95         -24.91        16.62          
0.53  -1.024 0.324  -0.243 0.28           0.29           0.40            107.54        -106.92       102.36         0.32        0.33        0.42         58.58          -59.55         67.04           48.96         -47.37        35.32          
0.57  -1.025 0.325  -0.230 0.02           0.40           0.40            156.82        -93.25        93.25          0.23        0.46        0.46         2.43           -60.19         60.20           154.39        -33.06        33.05          
0.60  -1.023 0.323  -0.222 0.07           0.26           0.27            -47.13        -79.26        79.47          0.30        0.39        0.40         -9.98          -40.73         41.31           -37.15        -38.53        38.16          
0.63  -1.011 0.313  -0.223 0.47           0.35           0.47            -41.15        8.07          41.52          0.67        0.60        0.68         -27.04         4.73           27.34           -14.12        3.34          14.18          
0.67  -1.002 0.299  -0.225 0.49           0.28           0.49            -55.20        9.74          55.38          0.66        0.53        0.66         -37.11         5.16           37.30           -18.09        4.58          18.08          
0.70  -0.987 0.287  -0.229 0.59           0.47           0.60            -40.84        17.19         42.55          0.79        0.71        0.81         -28.97         11.21          30.45           -11.87        5.98          12.10          
0.73  -0.972 0.272  -0.240 0.62           0.54           0.70            -44.96        35.26         50.74          0.82        0.76        0.87         -32.49         24.27          37.96           -12.47        11.00         12.78          
0.77  -0.956 0.253  -0.253 0.75           0.64           0.86            -49.02        39.51         54.77          0.94        0.85        1.02         -37.41         28.71          43.25           -11.61        10.80         11.52          
0.80  -0.945 0.242  -0.264 0.47           0.46           0.57            -45.13        44.62         54.62          0.67        0.66        0.74         -29.74         29.30          38.69           -15.39        15.32         15.93          
0.83  -0.929 0.232  -0.282 0.58           0.72           0.79            -33.14        48.23         52.35          0.80        0.91        0.96         -23.27         36.40          40.48           -9.88         11.83         11.87          
0.87  -0.913 0.230  -0.298 0.48           0.67           0.67            -6.17         43.84         44.02          0.73        0.86        0.87         -4.07          32.28          32.44           -2.10         11.56         11.58          
0.90  -0.892 0.236  -0.314 0.65           0.81           0.83            16.68         38.89         40.71          0.90        1.01        1.03         12.09          29.97          31.59           4.59          8.92          9.12           
0.93  -0.876 0.235  -0.313 0.47           0.47           0.47            -4.29         -5.45         6.92           0.72        0.72        0.72         -2.80          -3.55          4.52            -1.49         -1.89         2.40           
0.97  -0.853 0.245  -0.318 0.77           0.73           0.79            22.79         11.89         25.17          1.01        0.97        1.02         17.28          8.86           19.18           5.51          3.03          5.99           
1.00  -0.835 0.262  -0.322 0.74           0.55           0.75            43.19         11.97         43.90          0.94        0.80        0.95         32.71          8.26           33.36           10.47         3.72          10.53          
1.03  -0.819 0.255  -0.317 0.50           0.48           0.52            -22.23        -17.19        27.14          0.74        0.73        0.75         -14.86         -11.35         18.41           -7.37         -5.83         8.73           
1.07  -0.794 0.257  -0.318 0.76           0.76           0.76            2.87          1.68          3.32           1.01        1.01        1.01         2.15           1.26           2.50            0.71          0.42          0.82           
1.10  -0.782 0.247  -0.319 0.46           0.36           0.46            -39.03        6.77          39.33          0.67        0.61        0.67         -25.49         3.99           25.72           -13.55        2.78          13.61          
1.13  -0.762 0.244  -0.311 0.62           0.66           0.66            -9.55         -21.31        23.01          0.87        0.89        0.90         -6.81          -15.47         16.78           -2.74         -5.83         6.24           
1.17  -0.746 0.233  -0.301 0.56           0.56           0.64            -33.46        -33.75        43.23          0.78        0.78        0.84         -23.30         -23.52         31.48           -10.17        -10.23        11.74          
1.20  -0.733 0.224  -0.284 0.50           0.65           0.71            -35.76        -51.06        55.07          0.72        0.83        0.88         -24.04         -37.48         41.58           -11.71        -13.58        13.49          
1.23  -0.720 0.212  -0.268 0.52           0.61           0.71            -43.17        -52.13        57.86          0.72        0.79        0.87         -29.40         -37.68         43.71           -13.77        -14.45        14.15          
1.27  -0.706 0.210  -0.249 0.43           0.72           0.72            -9.12         -53.63        53.82          0.68        0.89        0.90         -5.78          -40.60         40.80           -3.33         -13.03        13.03          
1.30  -0.695 0.216  -0.231 0.37           0.60           0.63            31.50         -58.38        60.06          0.60        0.76        0.79         18.87          -42.18         44.08           12.63         -16.20        15.98          
1.33  -0.685 0.229  -0.213 0.48           0.62           0.73            51.50         -61.05        65.58          0.67        0.77        0.86         34.46          -44.62         50.24           17.04         -16.43        15.34          
1.37  -0.671 0.238  -0.205 0.51           0.49           0.57            34.47         -31.57        42.66          0.73        0.72        0.78         23.31          -21.09         30.04           11.16         -10.48        12.62          
1.40  -0.661 0.253  -0.188 0.54           0.58           0.72            53.92         -57.04        64.15          0.71        0.75        0.86         37.45          -40.73         49.05           16.47         -16.31        15.10          
1.43  -0.648 0.267  -0.184 0.58           0.40           0.59            48.49         -17.23        49.52          0.77        0.65        0.78         34.39          -10.64         35.36           14.10         -6.59         14.15          
1.47  -0.627 0.278  -0.179 0.72           0.66           0.74            27.64         -14.83        30.41          0.95        0.90        0.96         20.60          -10.76         22.84           7.04          -4.07         7.56           
1.50  -0.616 0.299  -0.178 0.70           0.31           0.70            63.86         -4.91         63.88          0.84        0.56        0.84         48.39          -2.72          48.42           15.46         -2.19         15.46          
1.53  -0.607 0.310  -0.189 0.43           0.44           0.55            49.29         49.64         58.84          0.63        0.63        0.71         31.67          31.99          41.28           17.61         17.65         17.56          
1.57  -0.597 0.317  -0.198 0.36           0.39           0.44            35.93         42.69         49.55          0.58        0.60        0.64         21.21          26.29          32.14           14.72         16.40         17.42          
1.60  -0.598 0.331  -0.211 0.43           0.40           0.58            91.80         91.93         91.31          0.49        0.46        0.63         61.05          59.33          67.97           30.75         32.60         23.34          
1.63  -0.611 0.345  -0.227 0.57           0.61           0.74            133.24        129.36        121.72         0.44        0.49        0.64         108.52         106.28         102.41          24.73         23.08         19.31          
1.67  -0.628 0.349  -0.243 0.52           0.69           0.70            167.15        137.14        136.30         0.28        0.53        0.54         155.62         118.48         117.78          11.53         18.66         18.52          
1.70  -0.648 0.369  -0.258 0.86           0.76           0.97            134.92        142.93        128.54         0.71        0.58        0.84         120.40         127.91         115.11          14.52         15.01         13.43          
1.73  -0.671 0.382  -0.276 0.80           0.89           0.96            152.64        142.53        137.24         0.59        0.71        0.80         141.33         130.16         124.97          11.30         12.37         12.27          
1.77  -0.693 0.387  -0.290 0.66           0.76           0.78            164.40        147.12        144.85         0.43        0.56        0.59         155.31         133.21         130.77          9.09          13.91         14.08          
1.80  -0.710 0.387  -0.304 0.52           0.68           0.68            -178.26       140.64        140.62         0.27        0.51        0.51         -176.68        122.51         122.49          -1.59         18.14         18.13          
1.83  -0.721 0.392  -0.324 0.36           0.68           0.70            156.98        119.33        118.65         0.17        0.60        0.62         120.83         98.10          97.89           36.16         21.22         20.77          
1.87  -0.732 0.394  -0.340 0.33           0.59           0.59            165.76        123.17        122.82         0.11        0.50        0.50         131.33         98.30          98.19           34.43         24.87         24.63          
1.90  -0.742 0.397  -0.355 0.31           0.55           0.55            165.08        123.90        123.48         0.10        0.46        0.46         123.73         96.82          96.71           41.35         27.09         26.77          
1.93  -0.743 0.391  -0.372 0.18           0.50           0.53            -96.58        92.41         92.27          0.29        0.55        0.58         -38.50         65.33          66.66           -58.08        27.08         25.60          
1.97  -0.745 0.366  -0.382 0.76           0.32           0.82            -94.62        101.17        94.27          0.78        0.36        0.84         -76.03         58.68          77.04           -18.58        42.49         17.24          
2.00  -0.734 0.351  -0.391 0.56           0.42           0.62            -54.84        40.38         58.86          0.73        0.63        0.78         -38.55         25.52          42.89           -16.29        14.86         15.96          
2.03  -0.724 0.340  -0.387 0.44           0.33           0.47            -47.81        -25.43        50.23          0.64        0.57        0.65         -30.94         -14.49         33.14           -16.87        -10.94        17.09          
2.07  -0.704 0.327  -0.386 0.72           0.61           0.72            -31.35        -3.26         31.46          0.94        0.86        0.94         -23.39         -2.32          23.48           -7.96         -0.95         7.98           
2.10  -0.691 0.306  -0.382 0.75           0.39           0.75            -60.03        -15.05        60.32          0.90        0.63        0.90         -46.09         -9.15          46.43           -13.94        -5.90         13.89          
2.13  -0.669 0.281  -0.368 1.00           0.79           1.09            -48.51        -33.06        52.53          1.18        1.01        1.25         -39.36         -25.28         43.43           -9.14         -7.78         9.10           
2.17  -0.657 0.269  -0.351 0.50           0.62           0.71            -44.30        -54.89        59.90          0.70        0.79        0.86         -29.79         -39.84         45.34           -14.51        -15.05        14.56          
2.20  -0.646 0.253  -0.331 0.58           0.68           0.83            -53.69        -59.67        65.41          0.76        0.84        0.96         -38.28         -44.75         51.72           -15.41        -14.92        13.68          
2.23  -0.631 0.247  -0.314 0.48           0.69           0.71            -22.52        -49.36        51.04          0.72        0.87        0.89         -14.89         -36.76         38.41           -7.64         -12.60        12.63          
2.27  -0.620 0.244  -0.316 0.35           0.34           0.36            -18.54        9.64          20.60          0.59        0.59        0.60         -10.86         5.55           12.14           -7.68         4.09          8.46           
2.30  -0.609 0.240  -0.291 0.34           0.81           0.81            -18.18        -66.71        66.91          0.58        0.94        0.94         -10.44         -52.50         52.77           -7.74         -14.21        14.14          
2.33  -0.600 0.239  -0.281 0.29           0.42           0.42            -8.32         -45.62        45.91          0.54        0.62        0.62         -4.50          -28.82         29.07           -3.82         -16.80        16.84          
2.37  -0.591 0.238  -0.272 0.26           0.38           0.39            -6.87         -48.50        48.66          0.51        0.58        0.58         -3.48          -29.70         29.84           -3.39         -18.80        18.82          
2.40  -0.588 0.250  -0.263 0.38           0.28           0.46            75.00         -69.89        77.80          0.50        0.44        0.57         46.30          -37.45         52.36           28.70         -32.44        25.43          
2.43  -0.584 0.270  -0.253 0.63           0.31           0.69            79.38         -68.08        80.36          0.72        0.47        0.77         59.37          -38.20         61.78           20.01         -29.89        18.58          
2.47  -0.581 0.281  -0.243 0.32           0.30           0.43            75.53         -74.68        79.36          0.45        0.44        0.54         43.23          -41.51         52.24           32.30         -33.16        27.12          
2.50  -0.584 0.315  -0.244 1.02           0.08           1.02            94.27         162.52        94.26          1.04        0.18        1.04         80.33          7.85           80.33           13.94         154.67        13.93          
2.53  -0.582 0.331  -0.244 0.50           0.07           0.50            82.09         -16.18        82.10          0.59        0.32        0.59         57.35          -3.60          57.37           24.74         -12.58        24.73          
2.57  -0.580 0.337  -0.246 0.19           0.09           0.20            76.88         59.79         77.79          0.35        0.30        0.35         32.32          14.22          34.28           44.55         45.57         43.51          
2.60  -0.583 0.359  -0.237 0.65           0.28           0.70            98.54         -110.47       97.93          0.66        0.30        0.71         76.55          -59.25         77.49           21.99         -51.22        20.44          
2.63  -0.567 0.332  -0.231 0.94           0.51           0.96            -59.47        -21.44        60.13          1.09        0.75        1.11         -48.09         -14.46         48.83           -11.39        -6.97         11.30          
2.67  -0.558 0.320  -0.226 0.44           0.30           0.46            -52.45        -28.29        54.61          0.62        0.54        0.64         -33.96         -15.57         36.09           -18.49        -12.72        18.53          
2.70  -0.547 0.306  -0.219 0.55           0.41           0.59            -50.52        -31.44        53.66          0.73        0.64        0.76         -35.27         -19.61         38.38           -15.24        -11.83        15.27          
2.73  -0.532 0.308  -0.213 0.45           0.48           0.48            8.83          -22.30        23.68          0.70        0.72        0.72         5.67           -14.69         15.66           3.16          -7.61         8.02           
2.77  -0.516 0.285  -0.209 0.86           0.50           0.87            -55.68        -14.22        56.08          1.02        0.74        1.03         -43.99         -9.48          44.42           -11.69        -4.74         11.66          
2.80  -0.492 0.266  -0.213 0.91           0.72           0.91            -38.05        9.20          38.63          1.11        0.97        1.12         -30.10         6.84           30.62           -7.95         2.36          8.01           
2.83  -0.479 0.253  -0.214 0.56           0.40           0.57            -44.54        6.18          44.71          0.76        0.65        0.76         -31.24         3.82           31.39           -13.30        2.36          13.31          
2.87  -0.463 0.239  -0.224 0.64           0.57           0.70            -40.15        31.48         46.19          0.84        0.79        0.89         -29.12         22.01          34.54           -11.03        9.47          11.65          
2.90  -0.450 0.242  -0.243 0.39           0.69           0.69            10.67         56.00         56.21          0.64        0.86        0.86         6.52           41.97          42.20           4.15          14.02         14.01          
2.93  -0.427 0.234  -0.250 0.73           0.71           0.75            -19.56        16.52         24.84          0.97        0.96        0.99         -14.59         12.26          18.73           -4.97         4.26          6.11           
2.97  -0.415 0.241  -0.257 0.42           0.42           0.47            30.01         30.10         39.30          0.65        0.65        0.68         18.91          18.97          25.89           11.10         11.13         13.41          
3.00  -0.399 0.252  -0.260 0.58           0.48           0.59            35.57         9.11          36.24          0.80        0.73        0.80         25.08          5.99           25.62           10.49         3.12          10.62          
3.03  -0.384 0.268  -0.256 0.66           0.46           0.67            47.17         -14.38        47.95          0.85        0.71        0.86         34.69          -9.34          35.43           12.48         -5.04         12.53          
3.07  -0.370 0.287  -0.252 0.70           0.44           0.71            53.20         -15.44        53.77          0.88        0.68        0.88         39.99          -9.83          40.58           13.21         -5.61         13.19          
3.10  -0.353 0.296  -0.247 0.60           0.54           0.61            28.76         -14.48        31.24          0.82        0.78        0.84         20.37          -9.91          22.31           8.39          -4.57         8.93           
3.13  -0.332 0.303  -0.250 0.66           0.63           0.66            18.48         7.42          19.74          0.90        0.88        0.90         13.42          5.31           14.36           5.06          2.11          5.37           
3.17  -0.312 0.303  -0.232 0.59           0.81           0.81            0.44          -43.58        43.58          0.84        1.01        1.01         0.31           -33.71         33.71           0.13          -9.87         9.87           
3.20  -0.299 0.314  -0.228 0.52           0.43           0.53            38.13         -16.09        39.91          0.73        0.67        0.74         25.97          -10.15         27.43           12.16         -5.94         12.48          
3.23  -0.294 0.326  -0.222 0.39           0.23           0.43            67.12         -48.93        69.20          0.54        0.44        0.57         41.87          -23.46         44.88           25.25         -25.47        24.32          
3.27  -0.278 0.322  -0.195 0.49           0.93           0.94            -14.97        -59.57        59.87          0.73        1.08        1.08         -9.90          -48.02         48.37           -5.07         -11.55        11.50          
3.30  -0.267 0.333  -0.179 0.47           0.57           0.66            45.30         -55.12        60.32          0.67        0.75        0.82         29.85          -39.17         44.90           15.45         -15.95        15.43          
3.33  -0.257 0.349  -0.168 0.56           0.46           0.67            59.35         -51.26        64.52          0.72        0.64        0.81         42.02          -33.64         48.25           17.33         -17.62        16.27          
3.37  -0.250 0.346  -0.158 0.24           0.36           0.37            -21.15        -52.43        53.60          0.48        0.55        0.56         -10.32         -31.47         32.56           -10.83        -20.96        21.04          
3.40  -0.238 0.355  -0.155 0.44           0.37           0.45            36.71         -16.03        38.63          0.66        0.61        0.67         23.63          -9.57          25.12           13.08         -6.46         13.50          
3.43  -0.234 0.357  -0.145 0.13           0.32           0.32            30.10         -69.20        69.65          0.37        0.47        0.47         10.17          -39.18         39.84           19.93         -30.03        29.81          
3.47  -0.227 0.376  -0.141 0.60           0.25           0.61            69.21         -30.72        69.68          0.72        0.48        0.73         50.35          -15.23         51.05           18.86         -15.49        18.63          
3.50  -0.225 0.378  -0.148 0.10           0.22           0.23            40.34         70.76         71.50          0.33        0.39        0.39         10.94          33.10          34.22           29.40         37.66         37.28          
3.53  -0.229 0.386  -0.160 0.27           0.41           0.47            118.86        108.40        105.90         0.26        0.40        0.47         62.43          72.50          74.90           56.43         35.90         31.00          
3.57  -0.235 0.391  -0.171 0.25           0.37           0.40            138.73        120.91        117.93         0.18        0.32        0.36         69.32          78.78          80.04           69.41         42.13         37.88          
3.60  -0.244 0.396  -0.182 0.29           0.41           0.44            146.78        126.36        123.55         0.16        0.33        0.37         87.48          88.79          88.91           59.30         37.57         34.64          
3.63  -0.264 0.402  -0.194 0.63           0.70           0.73            163.31        148.95        146.07         0.40        0.51        0.54         152.89         134.21         131.05          10.42         14.73         15.02          
3.67  -0.282 0.394  -0.210 0.62           0.74           0.78            -156.34       139.46        136.14         0.40        0.58        0.63         -141.81        123.07         120.10          -14.53        16.39         16.04          
3.70  -0.294 0.395  -0.229 0.36           0.67           0.67            175.36        122.55        122.51         0.11        0.57        0.57         164.98         100.93         100.91          10.38         21.62         21.60          
3.73  -0.307 0.396  -0.245 0.38           0.61           0.61            178.12        128.96        128.95         0.13        0.49        0.49         174.59         105.68         105.68          3.53          23.28         23.28          
3.77  -0.314 0.393  -0.258 0.22           0.44           0.45            -161.45       118.29        117.91         0.08        0.39        0.40         -60.62         84.19          84.29           -100.83       34.10         33.62          
3.80  -0.331 0.390  -0.280 0.53           0.85           0.86            -168.09       127.27        126.92         0.29        0.73        0.73         -157.68        111.35         111.11          -10.41        15.92         15.81          
3.83  -0.332 0.380  -0.292 0.29           0.36           0.46            -93.03        92.46         91.91          0.37        0.43        0.52         -51.21         56.91          63.15           -41.83        35.55         28.76          
3.87  -0.336 0.364  -0.311 0.51           0.58           0.76            -105.33       103.33        100.16         0.50        0.58        0.76         -76.71         78.46          81.22           -28.63        24.88         18.95          
3.90  -0.335 0.347  -0.330 0.51           0.58           0.77            -84.56        85.24         86.41          0.59        0.65        0.83         -59.64         62.84          68.90           -24.93        22.40         17.52          
3.93  -0.338 0.328  -0.338 0.56           0.24           0.61            -98.69        110.72        98.07          0.58        0.28        0.62         -73.55         53.85          74.69           -25.14        56.87         23.38          
3.97  -0.333 0.306  -0.347 0.67           0.30           0.72            -77.61        61.41         78.49          0.77        0.47        0.81         -59.01         33.86          60.88           -18.60        27.55         17.61          
4.00  -0.332 0.282  -0.359 0.72           0.38           0.81            -88.05        86.33         88.27          0.77        0.47        0.85         -69.00         54.16          71.28           -19.05        32.16         17.00          
4.03  -0.328 0.265  -0.358 0.52           0.12           0.52            -78.44        -28.51        78.51          0.62        0.36        0.62         -55.08         -9.04          55.25           -23.36        -19.47        23.26          
4.07  -0.320 0.243  -0.363 0.72           0.31           0.74            -68.50        30.23         69.00          0.85        0.54        0.86         -52.57         16.69          53.28           -15.93        13.54         15.72          
4.10  -0.318 0.243  -0.352 0.05           0.32           0.32            0.31          -81.02        81.02          0.30        0.44        0.44         0.05           -46.86         46.86           0.25          -34.16        34.16          
4.13  -0.309 0.197  -0.327 1.40           0.79           1.59            -79.33        -70.82        80.60          1.47        0.90        1.65         -69.71         -55.68         71.99           -9.63         -15.15        8.61           
4.17  -0.312 0.189  -0.302 0.27           0.77           0.81            -106.51       -95.67        95.38          0.31        0.78        0.82         -55.80         -77.17         77.82           -50.71        -18.50        17.56          
4.20  -0.307 0.172  -0.280 0.53           0.67           0.84            -73.79        -77.30        79.90          0.64        0.77        0.92         -51.92         -58.72         64.36           -21.87        -18.57        15.54          
4.23  -0.307 0.167  -0.260 0.13           0.58           0.60            -97.87        -91.71        91.67          0.26        0.63        0.64         -28.46         -68.27         68.71           -69.41        -23.44        22.96          
4.27  -0.302 0.153  -0.246 0.47           0.47           0.65            -70.75        -70.77        76.14          0.60        0.60        0.75         -47.63         -47.67         57.19           -23.12        -23.11        18.94          
4.30  -0.288 0.134  -0.225 0.71           0.74           0.93            -53.10        -54.88        62.83          0.88        0.91        1.07         -39.97         -41.82         50.80           -13.13        -13.06        12.03          
4.33  -0.286 0.120  -0.216 0.43           0.30           0.52            -81.41        -77.48        82.88          0.53        0.43        0.61         -53.65         -42.76         58.68           -27.76        -34.73        24.20          
4.37  -0.278 0.116  -0.198 0.28           0.59           0.61            -24.58        -64.66        65.16          0.52        0.74        0.75         -12.99         -46.81         47.46           -11.59        -17.85        17.70          
4.40  -0.261 0.105  -0.187 0.60           0.60           0.68            -32.53        -33.90        42.81          0.82        0.82        0.88         -23.06         -24.16         31.73           -9.47         -9.74         11.08          
4.43  -0.258 0.100  -0.181 0.16           0.18           0.23            -62.22        -66.11        71.27          0.35        0.37        0.39         -23.60         -27.45         34.17           -38.62        -38.66        37.10          
4.47  -0.249 0.094  -0.172 0.34           0.39           0.43            -34.87        -44.45        50.27          0.56        0.59        0.62         -20.09         -27.25         32.28           -14.78        -17.20        17.99          
4.50  -0.237 0.087  -0.173 0.43           0.38           0.43            -29.53        5.49          29.88          0.66        0.63        0.66         -18.77         3.30           19.02           -10.76        2.19          10.86          
4.53  -0.222 0.096  -0.155 0.51           0.68           0.73            31.78         -50.78        53.93          0.73        0.86        0.90         21.42          -37.81         41.00           10.36         -12.98        12.93          
4.57  -0.222 0.115  -0.156 0.58           0.01           0.58            89.48         68.94         89.48          0.64        0.26        0.64         66.41          3.07           66.41           23.08         65.86         23.07          
4.60  -0.225 0.135  -0.162 0.61           0.20           0.64            98.33         116.14        97.99          0.63        0.24        0.65         75.14          48.36          75.74           23.19         67.78         22.25          
4.63  -0.222 0.144  -0.160 0.29           0.11           0.29            69.90         -25.03        70.16          0.44        0.35        0.44         37.67          -7.52          38.07           32.22         -17.51        32.09          
4.67  -0.238 0.176  -0.165 1.07           0.51           1.08            117.18        164.14        116.94         0.98        0.28        0.99         104.11         149.87         103.97          13.07         14.27         12.97          
4.70  -0.245 0.187  -0.175 0.39           0.37           0.49            124.38        125.74        116.37         0.32        0.30        0.44         84.25          83.95          85.83           40.13         41.79         30.55          
4.73  -0.263 0.207  -0.199 0.80           0.90           1.08            132.19        126.90        120.04         0.66        0.77        0.98         115.91         111.92         107.22          16.27         14.98         12.82          
4.77  -0.277 0.213  -0.205 0.46           0.45           0.49            154.61        156.94        147.48         0.25        0.24        0.31         129.69         132.78         121.71          24.91         24.16         25.77          
4.80  -0.293 0.218  -0.213 0.49           0.54           0.56            164.10        151.85        148.78         0.26        0.34        0.37         149.00         131.54         128.03          15.10         20.31         20.75          
4.83  -0.300 0.238  -0.228 0.64           0.48           0.77            109.78        116.96        106.36         0.60        0.43        0.74         86.76          85.43          87.36           23.01         31.53         19.00          
4.87  -0.309 0.246  -0.236 0.36           0.36           0.44            137.25        136.63        127.11         0.24        0.25        0.35         93.14          93.08          92.20           44.10         43.55         34.91          
4.90  -0.312 0.260  -0.248 0.45           0.39           0.58            102.20        104.06        99.29          0.46        0.41        0.60         70.37          67.55          74.89           31.83         36.51         24.40          
4.93  -0.320 0.275  -0.259 0.51           0.40           0.61            117.91        126.22        113.23         0.45        0.33        0.56         88.59          88.05          88.86           29.32         38.17         24.37          
4.97  -0.318 0.285  -0.266 0.29           0.21           0.35            75.23         70.10         77.97          0.42        0.38        0.47         40.56          31.93          46.63           34.67         38.17         31.34          
5.00  -0.316 0.291  -0.271 0.21           0.15           0.25            79.46         75.01         81.31          0.35        0.32        0.38         35.42          26.30          40.89           44.04         48.71         40.42          
5.03  -0.319 0.294  -0.274 0.12           0.14           0.16            138.46        129.63        123.73         0.18        0.19        0.21         26.91          34.67          40.63           111.55        94.96         83.10          
5.07  -0.319 0.292  -0.273 0.07           0.03           0.08            -83.19        -74.94        83.77          0.27        0.26        0.27         -15.13         -6.84          16.48           -68.06        -68.10        67.29          
5.10  -0.317 0.284  -0.268 0.23           0.17           0.28            -73.77        -68.04        76.72          0.39        0.35        0.42         -35.22         -27.00         41.05           -38.55        -41.04        35.68          
5.13  -0.315 0.272  -0.265 0.36           0.11           0.37            -80.11        -56.80        80.43          0.47        0.33        0.48         -48.79         -16.92         49.76           -31.32        -39.87        30.67          
5.17  -0.308 0.253  -0.257 0.62           0.32           0.67            -71.71        -52.05        73.07          0.74        0.51        0.78         -52.87         -29.24         55.12           -18.84        -22.81        17.95          
5.20  -0.310 0.256  -0.248 0.09           0.25           0.27            116.06        -99.02        98.59          0.23        0.33        0.34         21.17          -50.03         51.44           94.88         -48.99        47.14          
5.23  -0.308 0.232  -0.230 0.71           0.56           0.90            -84.81        -83.37        85.91          0.78        0.64        0.95         -66.11         -60.45         70.76           -18.70        -22.92        15.14          
5.27  -0.296 0.221  -0.211 0.48           0.66           0.74            -42.55        -57.25        61.02          0.69        0.82        0.89         -28.36         -42.44         46.72           -14.19        -14.81        14.30          
5.30  -0.286 0.210  -0.198 0.43           0.50           0.59            -48.41        -55.20        61.32          0.62        0.67        0.74         -30.88         -37.37         44.13           -17.53        -17.83        17.18          
5.33  -0.277 0.202  -0.181 0.37           0.56           0.61            -42.72        -61.11        63.82          0.58        0.71        0.76         -25.61         -43.25         46.55           -17.11        -17.86        17.27          
5.37  -0.270 0.202  -0.171 0.21           0.38           0.38            -5.24         -57.59        57.63          0.46        0.56        0.56         -2.37          -35.39         35.44           -2.87         -22.19        22.19          
5.40  -0.261 0.207  -0.155 0.31           0.54           0.57            32.20         -60.45        61.90          0.54        0.70        0.72         17.99          -42.30         44.01           14.20         -18.15        17.89          
5.43  -0.248 0.215  -0.154 0.46           0.40           0.47            30.10         -5.12         30.40          0.69        0.65        0.69         19.67          -3.16          19.89           10.43         -1.96         10.51          
5.47  -0.238 0.226  -0.154 0.44           0.29           0.44            48.05         2.03          48.06          0.63        0.54        0.63         31.00          1.10           31.01           17.05         0.93          17.05          
5.50  -0.234 0.230  -0.156 0.18           0.15           0.19            40.44         24.00         43.88          0.41        0.39        0.41         16.95          9.05           18.97           23.49         14.95         24.90          
5.53  -0.236 0.240  -0.164 0.30           0.23           0.38            102.00        105.54        99.59          0.35        0.29        0.42         57.54          50.26          63.20           44.46         55.28         36.39          
5.57  -0.239 0.247  -0.173 0.24           0.30           0.38            115.20        109.97        106.05         0.26        0.32        0.39         56.45          62.88          67.94           58.75         47.09         38.11          
5.60  -0.251 0.241  -0.177 0.38           0.37           0.40            -154.10       159.90        148.70         0.19        0.16        0.23         -119.56        126.97         114.37          -34.53        32.93         34.32          
5.63  -0.270 0.246  -0.192 0.59           0.72           0.73            165.19        142.88        141.28         0.35        0.54        0.56         154.79         126.58         125.01          10.40         16.31         16.27          
5.67  -0.282 0.246  -0.201 0.37           0.46           0.46            -176.70       144.19        144.10         0.12        0.30        0.30         -170.04        114.48         114.41          -6.66         29.71         29.69          
5.70  -0.288 0.244  -0.210 0.19           0.33           0.33            -161.72       122.89        122.31         0.09        0.29        0.29         -39.72         75.58          75.88           -122.00       47.31         46.42          
5.73  -0.304 0.246  -0.213 0.49           0.49           0.50            171.89        169.89        167.14         0.25        0.25        0.26         163.63         159.81         154.79          8.26          10.08         12.35          
5.77  -0.298 0.245  -0.219 0.18           0.25           0.25            -8.79         45.87         46.19          0.43        0.46        0.46         -3.63          22.94          23.17           -5.16         22.93         23.02          
5.80  -0.296 0.254  -0.218 0.29           0.09           0.29            72.51         -22.77        72.66          0.43        0.34        0.43         39.07          -6.13          39.32           33.44         -16.64        33.34          
5.83  -0.297 0.261  -0.219 0.22           0.06           0.23            102.35        143.75        102.20         0.30        0.21        0.30         47.10          9.80           47.46           55.25         133.95        54.74          
5.87  -0.295 0.271  -0.217 0.29           0.08           0.30            77.49         -42.31        77.73          0.42        0.32        0.43         42.15          -10.35         42.72           35.35         -31.95        35.02          
5.90  -0.288 0.275  -0.217 0.23           0.20           0.23            30.71         0.07          30.71          0.46        0.45        0.46         14.74          0.03           14.74           15.98         0.04          15.98          
5.93  -0.289 0.277  -0.210 0.08           0.22           0.24            111.95        -98.04        97.59          0.23        0.31        0.32         19.40          -45.14         46.80           92.55         -52.90        50.80          
5.97  -0.283 0.279  -0.202 0.20           0.29           0.29            15.31         -47.69        48.55          0.45        0.49        0.50         6.83           -25.67         26.35           8.48          -22.02        22.20          
6.00  -0.285 0.273  -0.192 0.21           0.32           0.38            -106.95       -100.70       99.12          0.27        0.37        0.42         -45.96         -59.05         63.00           -60.99        -41.65        36.13          
6.03  -0.274 0.271  -0.188 0.33           0.35           0.35            -7.88         -21.50        22.66          0.57        0.59        0.59         -4.46          -12.51         13.24           -3.42         -8.98         9.42           
6.07  -0.269 0.273  -0.184 0.15           0.19           0.20            19.23         -40.54        42.72          0.40        0.41        0.42         7.25           -17.32         18.62           11.98         -23.21        24.11          
6.10  -0.263 0.275  -0.176 0.20           0.29           0.30            15.36         -47.93        48.78          0.45        0.49        0.50         6.87           -25.89         26.57           8.50          -22.03        22.21          
6.13  -0.256 0.274  -0.174 0.22           0.23           0.23            -5.27         -16.76        17.48          0.47        0.47        0.48         -2.47          -8.02          8.39            -2.80         -8.74         9.09           
6.17  -0.247 0.280  -0.173 0.31           0.25           0.31            38.01         -7.22         38.37          0.53        0.50        0.53         21.15          -3.59          21.41           16.86         -3.63         16.97          
6.20  -0.241 0.284  -0.168 0.23           0.26           0.28            29.75         -39.32        44.97          0.47        0.48        0.49         14.31          -20.08         24.03           15.44         -19.24        20.94          
6.23  -0.246 0.292  -0.167 0.28           0.15           0.29            122.45        -172.13       122.35         0.26        0.10        0.26         67.93          -12.23         68.01           54.52         -159.91       54.34          
6.27  -0.252 0.295  -0.166 0.21           0.19           0.21            152.47        -172.84       151.80         0.12        0.07        0.12         57.62          -20.81         58.35           94.85         -152.02       93.45          
6.30  -0.249 0.302  -0.163 0.23           0.12           0.24            64.72         -39.28        66.23          0.40        0.36        0.41         30.48          -12.81         32.25           34.24         -26.47        33.97          
6.33  -0.260 0.315  -0.170 0.51           0.38           0.55            129.52        148.58        126.38         0.40        0.21        0.45         101.00         111.10         99.85           28.51         37.48         26.52          
6.37  -0.267 0.316  -0.176 0.22           0.29           0.29            174.45        139.62        139.43         0.04        0.19        0.19         35.45          80.88          80.94           138.99        58.74         58.50          
6.40  -0.274 0.324  -0.184 0.30           0.29           0.37            130.05        131.45        121.33         0.24        0.23        0.32         76.59          75.94          80.20           53.46         55.51         41.13          
6.43  -0.278 0.324  -0.191 0.14           0.27           0.27            174.37        122.51        122.46         0.11        0.25        0.25         7.50           64.47          64.52           166.86        58.04         57.95          
6.47  -0.286 0.325  -0.201 0.23           0.38           0.38            173.62        126.23        126.14         0.04        0.31        0.31         43.68          85.10          85.11           129.94        41.14         41.03          
6.50  -0.283 0.327  -0.213 0.11           0.36           0.37            29.44         75.03         75.19          0.35        0.49        0.49         8.76           45.57          45.89           20.69         29.45         29.29          
6.53  -0.283 0.322  -0.220 0.15           0.20           0.25            -91.23        90.95         90.75          0.29        0.32        0.35         -31.73         38.70          45.34           -59.50        52.24         45.41          
6.57  -0.278 0.309  -0.225 0.41           0.21           0.44            -70.44        48.35         71.74          0.54        0.42        0.57         -44.81         21.64          46.93           -25.63        26.71         24.81          
6.60  -0.272 0.296  -0.233 0.44           0.32           0.50            -62.59        50.68         66.34          0.59        0.51        0.64         -40.67         28.54          45.48           -21.92        22.14         20.86          
6.63  -0.264 0.278  -0.240 0.58           0.32           0.62            -67.33        45.34         68.95          0.71        0.52        0.75         -48.39         25.45          50.71           -18.94        19.89         18.24          
6.67  -0.254 0.262  -0.242 0.57           0.31           0.57            -57.64        10.12         57.80          0.73        0.56        0.73         -40.86         5.59           41.04           -16.78        4.53          16.76          
6.70  -0.234 0.255  -0.244 0.65           0.61           0.65            -20.41        6.26          21.20          0.89        0.86        0.89         -14.79         4.45           15.39           -5.62         1.81          5.81           
6.73  -0.225 0.241  -0.243 0.49           0.28           0.49            -56.00        -9.74         56.17          0.66        0.52        0.66         -37.72         -5.12          37.90           -18.28        -4.62         18.27          
6.77  -0.218 0.236  -0.242 0.26           0.20           0.26            -41.19        -9.82         41.73          0.48        0.45        0.48         -21.04         -4.35          21.41           -20.15        -5.47         20.32          
6.80  -0.213 0.228  -0.240 0.29           0.16           0.29            -58.22        -16.62        58.65          0.47        0.40        0.47         -31.25         -6.40          31.68           -26.97        -10.21        26.97          
6.83  -0.201 0.219  -0.234 0.46           0.41           0.49            -36.00        -26.30        41.31          0.67        0.65        0.70         -23.41         -16.41         27.64           -12.59        -9.89         13.67          
6.87  -0.197 0.206  -0.228 0.40           0.22           0.44            -75.27        -62.56        76.80          0.52        0.40        0.55         -47.51         -28.93         50.75           -27.76        -33.63        26.05          
6.90  -0.197 0.204  -0.212 0.07           0.46           0.47            -90.51        -90.08        90.08          0.26        0.52        0.53         -15.74         -61.56         61.83           -74.78        -28.52        28.24          
6.93  -0.199 0.214  -0.198 0.31           0.45           0.54            98.25         -95.81        94.76          0.37        0.49        0.58         56.61          -65.17         69.26           41.64         -30.64        25.50          
6.97  -0.209 0.226  -0.190 0.46           0.38           0.52            130.40        -142.75       125.54         0.36        0.23        0.42         98.10          -102.40        96.81           32.30         -40.35        28.73          
7.00  -0.218 0.234  -0.178 0.37           0.45           0.52            134.51        -125.42       119.95         0.26        0.36        0.45         91.75          -91.26         91.02           42.76         -34.16        28.93          
7.03  -0.240 0.248  -0.170 0.79           0.72           0.82            150.06        -161.94       146.50         0.59        0.49        0.63         137.85         -152.87        133.87          12.21         -9.07         12.63          
7.07  -0.255 0.252  -0.169 0.46           0.45           0.47            162.59        -173.70       161.61         0.24        0.20        0.24         144.22         -165.78        142.63          18.36         -7.93         18.98          
7.10  -0.265 0.261  -0.169 0.40           0.30           0.40            139.68        177.55        139.65         0.26        0.05        0.26         101.53         166.12         101.51          38.16         11.44         38.14          
7.13  -0.281 0.268  -0.168 0.50           0.46           0.51            155.34        -174.24       154.83         0.30        0.21        0.30         134.67         -167.46        133.99          20.68         -6.77         20.84          
7.17  -0.279 0.272  -0.169 0.14           0.06           0.15            69.84         33.91         70.38          0.33        0.30        0.33         24.07          6.29           24.71           45.77         27.62         45.67          
7.20  -0.280 0.277  -0.173 0.15           0.12           0.19            102.96        106.35        100.27         0.26        0.25        0.29         34.27          28.13          40.90           68.69         78.22         59.37          
7.23  -0.281 0.272  -0.175 0.15           0.08           0.16            -102.75       115.22        101.53         0.26        0.23        0.27         -33.02         17.34          35.79           -69.73        97.88         65.74          
7.27  -0.279 0.260  -0.181 0.38           0.20           0.43            -81.95        74.61         82.83          0.48        0.36        0.52         -51.17         32.54          54.40           -30.79        42.07         28.44          
7.30  -0.281 0.248  -0.186 0.36           0.14           0.38            -97.38        108.85        96.90          0.41        0.24        0.43         -60.25         33.56          61.88           -37.12        75.30         35.02          
7.33  -0.274 0.244  -0.193 0.23           0.29           0.31            -27.36        45.58         48.84          0.47        0.50        0.51         -13.09         24.63          27.21           -14.27        20.94         21.64          
7.37  -0.268 0.243  -0.205 0.19           0.41           0.41            -9.43         62.54         62.62          0.44        0.57        0.57         -4.09          39.62          39.72           -5.34         22.92         22.90          
7.40  -0.259 0.244  -0.215 0.26           0.41           0.41            5.63          50.18         50.27          0.51        0.60        0.60         2.89           31.56          31.64           2.74          18.62         18.63          
7.43  -0.253 0.243  -0.228 0.19           0.41           0.41            -9.40         62.73         62.81          0.44        0.57        0.57         -4.08          39.84          39.94           -5.33         22.89         22.87          
7.47  -0.243 0.249  -0.230 0.33           0.29           0.34            32.18         12.67         33.75          0.56        0.53        0.56         18.35          6.76           19.41           13.82         5.91          14.34          
7.50  -0.234 0.255  -0.240 0.33           0.41           0.44            32.96         47.22         51.57          0.56        0.61        0.63         18.80          29.57          33.49           14.16         17.65         18.08          
7.53  -0.229 0.264  -0.241 0.31           0.16           0.32            61.29         16.32         61.60          0.49        0.40        0.49         34.46          6.28           34.80           26.83         10.04         26.80          
7.57  -0.217 0.268  -0.236 0.37           0.38           0.40            16.35         -23.74        27.86          0.61        0.62        0.63         9.73           -14.41         17.17           6.62          -9.32         10.69          
7.60  -0.214 0.275  -0.236 0.23           0.09           0.23            66.45         1.46          66.45          0.40        0.34        0.40         31.61          0.39           31.61           34.84         1.07          34.84          
7.63  -0.206 0.279  -0.235 0.28           0.25           0.28            26.46         -4.43         26.74          0.52        0.50        0.52         13.97          -2.22          14.13           12.49         -2.21         12.60          
7.67  -0.196 0.263  -0.227 0.57           0.39           0.62            -58.17        -39.43        61.06          0.73        0.60        0.77         -41.34         -24.19         44.65           -16.83        -15.24        16.41          
7.70  -0.193 0.257  -0.225 0.19           0.13           0.20            -55.60        -31.19        57.68          0.39        0.36        0.40         -23.67         -10.30         25.38           -31.93        -20.89        32.30          
7.73  -0.180 0.251  -0.213 0.42           0.51           0.55            -28.42        -44.63        48.39          0.65        0.71        0.74         -17.82         -30.39         33.78           -10.60        -14.24        14.61          
7.77  -0.170 0.242  -0.206 0.40           0.36           0.45            -40.88        -32.97        47.24          0.61        0.59        0.64         -25.36         -19.55         30.63           -15.52        -13.42        16.61          
7.80  -0.147 0.239  -0.198 0.71           0.75           0.75            -6.78         -20.55        21.47          0.95        0.99        0.99         -5.01          -15.45         16.17           -1.77         -5.10         5.30           
7.83  -0.143 0.249  -0.196 0.32           0.14           0.32            67.40         -25.48        67.79          0.47        0.38        0.48         38.32          -8.91          38.86           29.08         -16.57        28.93          
7.87  -0.133 0.248  -0.185 0.31           0.44           0.44            -6.68         -45.45        45.64          0.56        0.64        0.64         -3.70          -29.25         29.41           -2.99         -16.20        16.23          
7.90  -0.122 0.257  -0.181 0.40           0.33           0.42            40.39         -22.69        43.47          0.62        0.57        0.63         25.15          -12.99         27.61           15.24         -9.70         15.86          
7.93  -0.111 0.261  -0.177 0.35           0.35           0.37            19.41         -18.02        25.62          0.60        0.59        0.61         11.40          -10.55         15.35           8.00          -7.47         10.27          
7.97  -0.100 0.267  -0.179 0.37           0.32           0.38            31.21         7.30          31.77          0.60        0.57        0.60         18.80          4.11           19.18           12.41         3.18          12.58          
8.00  -0.089 0.273  -0.180 0.38           0.33           0.38            29.88         4.93          30.16          0.61        0.58        0.61         18.10          2.81           18.29           11.78         2.12          11.87          
8.03  -0.078 0.271  -0.178 0.36           0.36           0.37            -9.08         -7.43         11.66          0.61        0.61        0.61         -5.38          -4.39          6.93            -3.70         -3.04         4.73           
8.07  -0.068 0.268  -0.186 0.30           0.36           0.38            -21.49        38.91         41.93          0.54        0.58        0.59         -11.81         23.21          25.51           -9.67         15.70         16.42          
8.10  -0.067 0.265  -0.190 0.09           0.12           0.15            -67.19        73.38         76.32          0.30        0.31        0.32         -16.17         22.22          26.60           -51.02        51.16         49.72          
