time  x      y      z      groundspeedxy  groundspeedxz  groundspeedxyz  trackanglexy  trackanglexz  trackanglexyz  airspeedxy  airspeedxz  airspeedxyz  courseanglexy  courseanglexz  courseanglexyz  driftanglexy  driftanglexz  driftanglexyz  
0.00  -1.084 0.244  -0.326 
0.03  -1.070 0.247  -0.336 0.42           0.51           0.52            13.27         36.00         37.38          0.67        0.73        0.73         8.35           24.34          25.43           4.92          11.66         11.94          
0.07  -1.037 0.237  -0.348 1.04           1.06           1.10            -17.38        19.42         25.24          1.28        1.30        1.33         -14.05         15.74          20.65           -3.33         3.68          4.59           
0.10  -1.011 0.225  -0.357 0.86           0.83           0.91            -25.21        20.39         30.96          1.09        1.07        1.13         -19.62         15.73          24.43           -5.59         4.67          6.53           
0.13  -0.985 0.199  -0.368 1.09           0.83           1.14            -44.97        22.56         47.25          1.28        1.07        1.32         -37.03         17.41          39.24           -7.94         5.14          8.01           
0.17  -0.959 0.181  -0.375 0.97           0.83           0.99            -33.80        15.03         35.80          1.18        1.08        1.20         -27.05         11.57          28.82           -6.75         3.46          6.99           
0.20  -0.929 0.166  -0.379 1.01           0.90           1.01            -27.45        6.86          28.07          1.23        1.15        1.24         -22.09         5.37           22.61           -5.36         1.49          5.45           
0.23  -0.894 0.156  -0.381 1.10           1.06           1.10            -15.97        3.14          16.24          1.34        1.30        1.34         -13.02         2.54           13.25           -2.95         0.60          2.99           
0.27  -0.863 0.154  -0.375 0.91           0.92           0.93            -3.14         -10.14        10.60          1.16        1.17        1.17         -2.47          -7.99          8.35            -0.68         -2.15         2.25           
0.30  -0.834 0.156  -0.360 0.87           0.97           0.98            5.08          -27.36        27.71          1.12        1.20        1.20         3.94           -21.88         22.17           1.13          -5.49         5.54           
0.33  -0.812 0.163  -0.348 0.69           0.76           0.78            15.69         -29.37        32.17          0.93        0.99        1.00         11.53          -22.23         24.55           4.16          -7.14         7.62           
0.37  -0.787 0.176  -0.327 0.87           0.99           1.07            27.26         -38.92        43.77          1.10        1.20        1.26         21.27          -31.39         35.89           5.99          -7.53         7.88           
0.40  -0.765 0.185  -0.308 0.70           0.86           0.91            22.87         -42.08        44.91          0.93        1.06        1.10         16.89          -33.02         35.65           5.99          -9.07         9.26           
0.43  -0.757 0.204  -0.294 0.63           0.49           0.76            66.94         -59.90        71.06          0.77        0.66        0.88         49.48          -40.68         55.44           17.46         -19.22        15.62          
0.47  -0.741 0.221  -0.278 0.68           0.66           0.82            46.27         -44.41        55.08          0.87        0.86        0.99         34.31          -32.60         43.08           11.95         -11.81        12.00          
0.50  -0.726 0.236  -0.268 0.65           0.56           0.71            43.19         -32.84        48.72          0.85        0.78        0.90         31.51          -22.86         36.65           11.68         -9.98         12.07          
0.53  -0.710 0.249  -0.255 0.61           0.62           0.74            39.79         -40.80        50.18          0.82        0.83        0.92         28.56          -29.43         38.10           11.23         -11.37        12.09          
0.57  -0.687 0.259  -0.245 0.76           0.75           0.81            23.55         -22.10        30.78          0.99        0.99        1.03         17.79          -16.64         23.68           5.76          -5.46         7.11           
0.60  -0.665 0.275  -0.243 0.81           0.64           0.81            37.80         -5.67         38.03          1.02        0.89        1.02         29.15          -4.09          29.35           8.66          -1.59         8.68           
0.63  -0.641 0.276  -0.244 0.73           0.73           0.73            1.00          2.58          2.76           0.98        0.98        0.98         0.74           1.92           2.06            0.26          0.66          0.71           
0.67  -0.619 0.276  -0.240 0.67           0.68           0.68            1.79          -9.49         9.65           0.92        0.93        0.93         1.30           -6.94          7.06            0.49          -2.55         2.59           
0.70  -0.584 0.273  -0.244 1.06           1.06           1.06            -5.14         6.67          8.39           1.31        1.31        1.31         -4.16          5.40           6.80            -0.98         1.27          1.59           
0.73  -0.557 0.278  -0.250 0.82           0.83           0.84            9.35          11.65         14.78          1.07        1.07        1.08         7.17           8.95           11.40           2.18          2.70          3.39           
0.77  -0.529 0.282  -0.256 0.85           0.86           0.87            8.80          12.39         15.05          1.09        1.10        1.11         6.80           9.60           11.70           2.00          2.79          3.35           
0.80  -0.509 0.294  -0.270 0.69           0.73           0.82            31.48         36.05         43.57          0.92        0.95        1.01         23.29          27.10          33.77           8.19          8.95          9.80           
0.83  -0.492 0.300  -0.290 0.54           0.78           0.81            20.03         49.37         50.68          0.78        0.97        0.98         13.75          38.04          39.35           6.27          11.32         11.34          
0.87  -0.474 0.304  -0.308 0.54           0.74           0.75            12.71         44.28         45.02          0.79        0.94        0.94         8.72           33.54          34.23           3.99          10.73         10.79          
0.90  -0.461 0.309  -0.322 0.42           0.59           0.61            19.40         47.75         49.14          0.66        0.78        0.79         12.18          34.01          35.32           7.22          13.74         13.82          
0.93  -0.443 0.300  -0.337 0.61           0.70           0.75            -27.10        39.02         43.78          0.84        0.91        0.95         -19.31         29.02          33.27           -7.79         10.00         10.51          
0.97  -0.428 0.291  -0.352 0.53           0.64           0.70            -30.41        44.49         48.85          0.76        0.84        0.88         -20.82         32.48          36.55           -9.59         12.02         12.30          
1.00  -0.406 0.276  -0.369 0.77           0.81           0.92            -34.11        38.02         45.97          0.99        1.02        1.11         -25.97         29.36          36.66           -8.13         8.66          9.31           
1.03  -0.393 0.290  -0.380 0.59           0.53           0.68            45.54         39.86         52.80          0.78        0.74        0.85         32.35          27.43          39.31           13.19         12.43         13.49          
1.07  -0.379 0.314  -0.391 0.80           0.51           0.87            60.80         39.32         63.06          0.95        0.72        1.00         47.54          26.57          50.23           13.26         12.75         12.83          
1.10  -0.382 0.337  -0.395 0.70           0.14           0.71            95.18         116.08        95.09          0.72        0.23        0.73         74.95          34.56          75.19           20.23         81.52         19.90          
1.13  -0.388 0.363  -0.396 0.80           0.19           0.80            103.44        168.60        103.42         0.78        0.07        0.78         85.24          30.07          85.25           18.19         138.54        18.17          
1.17  -0.405 0.390  -0.389 0.97           0.56           0.99            122.80        -158.33       121.98         0.86        0.34        0.88         108.60         -142.73        108.06          14.20         -15.60        13.92          
1.20  -0.414 0.409  -0.389 0.63           0.27           0.63            115.50        -179.49       115.50         0.57        0.02        0.57         92.19          -173.73        92.19           23.31         -5.77         23.31          
1.23  -0.424 0.432  -0.386 0.77           0.32           0.78            113.02        -160.30       112.78         0.71        0.12        0.72         94.11          -115.27        94.06           18.91         -45.03        18.72          
1.27  -0.437 0.440  -0.376 0.46           0.49           0.55            148.56        -142.61       135.61         0.28        0.33        0.41         120.51         -115.24        110.21          28.04         -27.37        25.40          
1.30  -0.447 0.450  -0.370 0.42           0.34           0.45            135.51        -152.20       131.89         0.30        0.16        0.33         99.19          -106.77        98.11           36.32         -45.43        33.78          
1.33  -0.451 0.444  -0.358 0.22           0.40           0.44            -122.44       -107.44       105.73         0.23        0.40        0.44         -54.83         -70.79         72.66           -67.62        -36.65        33.07          
1.37  -0.457 0.426  -0.352 0.56           0.25           0.58            -109.52       -136.97       108.60         0.53        0.18        0.56         -83.00         -69.64         83.35           -26.52        -67.34        25.25          
1.40  -0.464 0.414  -0.337 0.42           0.50           0.63            -116.08       -111.95       107.28         0.39        0.47        0.60         -80.43         -82.10         83.88           -35.65        -29.86        23.40          
1.43  -0.471 0.394  -0.318 0.61           0.59           0.82            -110.02       -110.86       104.75         0.58        0.55        0.80         -85.94         -85.76         87.06           -24.08        -25.10        17.69          
1.47  -0.479 0.380  -0.303 0.51           0.53           0.68            -121.73       -120.43       113.07         0.43        0.46        0.63         -92.29         -92.17         91.58           -29.45        -28.26        21.49          
1.50  -0.478 0.360  -0.282 0.59           0.65           0.88            -84.37        -84.89        86.21          0.67        0.72        0.93         -62.45         -64.70         70.69           -21.92        -20.19        15.52          
1.53  -0.477 0.345  -0.264 0.45           0.53           0.70            -87.71        -88.05        88.52          0.53        0.60        0.75         -59.39         -63.29         69.03           -28.32        -24.76        19.49          
1.57  -0.463 0.326  -0.235 0.71           0.95           1.11            -53.55        -63.76        67.71          0.88        1.08        1.22         -40.32         -51.82         56.81           -13.24        -11.95        10.90          
1.60  -0.452 0.310  -0.229 0.60           0.39           0.63            -55.70        -29.91        57.58          0.77        0.62        0.79         -40.13         -18.31         42.16           -15.57        -11.61        15.42          
1.63  -0.440 0.286  -0.227 0.79           0.34           0.79            -64.42        -7.85         64.46          0.92        0.59        0.92         -50.27         -4.54          50.33           -14.15        -3.31         14.14          
1.67  -0.421 0.263  -0.228 0.89           0.57           0.89            -49.96        1.89          49.98          1.07        0.82        1.07         -39.64         1.32           39.65           -10.32        0.58          10.32          
1.70  -0.404 0.245  -0.234 0.76           0.55           0.78            -47.15        19.31         48.58          0.95        0.79        0.96         -36.00         13.29          37.37           -11.15        6.02          11.20          
1.73  -0.393 0.238  -0.250 0.37           0.57           0.61            -31.65        56.18         58.23          0.60        0.74        0.77         -19.07         39.92          42.16           -12.59        16.25         16.07          
1.77  -0.379 0.224  -0.272 0.62           0.80           0.90            -43.51        56.07         60.45          0.81        0.96        1.05         -31.32         43.62          48.51           -12.19        12.46         11.94          
1.80  -0.365 0.222  -0.296 0.41           0.84           0.84            -11.20        61.59         61.73          0.65        0.98        0.98         -6.93          48.62          48.78           -4.27         12.98         12.95          
1.83  -0.347 0.230  -0.317 0.60           0.81           0.85            24.88         48.17         50.42          0.83        1.00        1.03         17.60          37.39          39.61           7.28          10.78         10.81          
1.87  -0.336 0.240  -0.327 0.45           0.47           0.56            40.25         43.39         51.76          0.66        0.68        0.74         26.12          28.71          36.32           14.12         14.68         15.44          
1.90  -0.320 0.251  -0.335 0.58           0.51           0.62            37.40         26.49         42.39          0.79        0.75        0.83         26.36          17.90          30.60           11.04         8.59          11.78          
1.93  -0.305 0.268  -0.333 0.69           0.48           0.70            46.65         -7.02         46.85          0.88        0.73        0.89         34.79          -4.61          34.97           11.87         -2.40         11.88          
1.97  -0.291 0.274  -0.311 0.43           0.77           0.79            23.97         -59.40        60.23          0.67        0.93        0.94         15.22          -45.97         46.93           8.75          -13.43        13.30          
2.00  -0.285 0.281  -0.288 0.29           0.71           0.74            45.66         -73.66        74.31          0.49        0.82        0.84         24.42          -56.55         57.68           21.23         -17.11        16.64          
2.03  -0.273 0.280  -0.268 0.34           0.70           0.70            -5.06         -60.89        60.92          0.59        0.85        0.85         -2.93          -46.06         46.10           -2.13         -14.83        14.82          
2.07  -0.276 0.281  -0.249 0.08           0.56           0.56            159.90        -97.56        97.56          0.18        0.58        0.58         8.64           -72.27         72.29           151.26        -25.29        25.26          
2.10  -0.263 0.248  -0.209 1.05           1.26           1.60            -69.10        -72.69        76.42          1.16        1.36        1.67         -57.52         -62.54         68.07           -11.58        -10.14        8.35           
2.13  -0.257 0.234  -0.195 0.47           0.48           0.65            -66.25        -66.44        72.79          0.62        0.62        0.76         -44.55         -44.82         54.44           -21.69        -21.62        18.35          
2.17  -0.244 0.218  -0.173 0.61           0.74           0.88            -50.92        -58.89        64.15          0.79        0.90        1.02         -36.72         -45.10         51.35           -14.20        -13.79        12.81          
2.20  -0.230 0.211  -0.159 0.46           0.59           0.62            -25.32        -45.44        48.25          0.69        0.78        0.81         -16.42         -32.32         34.91           -8.89         -13.12        13.33          
2.23  -0.219 0.207  -0.150 0.35           0.43           0.44            -19.41        -39.71        42.05          0.59        0.64        0.65         -11.32         -25.26         27.13           -8.09         -14.45        14.92          
2.27  -0.194 0.211  -0.141 0.78           0.82           0.82            7.17          -19.72        20.80          1.03        1.06        1.06         5.42           -15.14         16.00           1.74          -4.58         4.80           
2.30  -0.175 0.220  -0.139 0.63           0.56           0.63            26.98         -6.80         27.60          0.86        0.81        0.86         19.37          -4.71          19.86           7.60          -2.09         7.74           
2.33  -0.162 0.228  -0.145 0.47           0.45           0.51            31.53         25.78         37.98          0.70        0.68        0.72         20.74          16.60          25.73           10.79         9.18          12.25          
2.37  -0.157 0.240  -0.148 0.38           0.16           0.38            67.79         24.69         68.14          0.53        0.40        0.53         41.65          9.48           42.15           26.14         15.21         25.99          
2.40  -0.157 0.250  -0.153 0.30           0.15           0.34            90.36         90.69         90.32          0.39        0.29        0.42         50.19          31.93          53.51           40.17         58.76         36.81          
2.43  -0.164 0.258  -0.161 0.33           0.32           0.40            130.85        132.54        122.18         0.25        0.24        0.34         81.60          81.10          83.87           49.25         51.44         38.32          
2.47  -0.175 0.267  -0.165 0.42           0.35           0.44            139.79        155.60        136.19         0.28        0.16        0.31         104.37         115.51         102.72          35.43         40.09         33.47          
2.50  -0.183 0.278  -0.172 0.41           0.32           0.45            126.61        140.09        122.25         0.33        0.20        0.38         88.66          87.84          88.86           37.95         52.25         33.39          
2.53  -0.181 0.275  -0.183 0.10           0.33           0.34            -59.40        81.01         81.31          0.31        0.45        0.46         -16.26         47.48          48.46           -43.14        33.53         32.85          
2.57  -0.190 0.289  -0.190 0.49           0.35           0.54            123.97        141.93        120.79         0.41        0.22        0.46         93.51          96.62          93.10           30.46         45.31         27.69          
2.60  -0.189 0.296  -0.192 0.21           0.06           0.22            79.94         53.41         80.21          0.36        0.29        0.36         36.06          9.87           36.82           43.88         43.54         43.39          
2.63  -0.179 0.307  -0.201 0.45           0.39           0.52            49.03         41.45         55.43          0.64        0.60        0.69         31.89          25.51          38.10           17.15         15.95         17.34          
2.67  -0.169 0.316  -0.203 0.40           0.31           0.41            41.77         13.36         42.74          0.61        0.55        0.62         25.98          7.39           26.76           15.79         5.98          15.98          
2.70  -0.169 0.339  -0.206 0.68           0.10           0.69            89.67         87.68         89.67          0.73        0.27        0.73         69.59          21.19          69.78           20.08         66.49         19.89          
2.73  -0.157 0.355  -0.208 0.61           0.36           0.62            54.56         7.36          54.68          0.79        0.61        0.79         39.55          4.34           39.67           15.02         3.02          15.01          
2.77  -0.152 0.370  -0.210 0.47           0.17           0.48            70.80         26.65         71.06          0.60        0.41        0.60         47.61          10.84          48.04           23.19         15.81         23.03          
2.80  -0.146 0.385  -0.213 0.47           0.19           0.48            68.92         28.17         69.32          0.61        0.43        0.61         46.25          12.17          46.85           22.67         16.01         22.47          
2.83  -0.141 0.392  -0.217 0.26           0.19           0.29            55.76         38.05         59.00          0.45        0.42        0.47         28.73          16.28          31.84           27.03         21.77         27.16          
