time  x      y      z      groundspeedxy  groundspeedxz  groundspeedxyz  trackanglexy  trackanglexz  trackanglexyz  airspeedxy  airspeedxz  airspeedxyz  courseanglexy  courseanglexz  courseanglexyz  driftanglexy  driftanglexz  driftanglexyz  
0.00  -1.279 0.248  -0.252 
0.03  -1.271 0.230  -0.281 0.59           0.90           1.05            -66.61        74.89         77.10          0.73        0.99        1.13         -48.18         60.81          64.65           -18.43        14.08         12.45          
0.07  -1.260 0.212  -0.311 0.62           0.95           1.09            -57.76        69.76         72.34          0.78        1.07        1.19         -42.05         57.06          60.78           -15.70        12.70         11.57          
0.10  -1.255 0.205  -0.346 0.27           1.06           1.08            -53.06        81.39         81.55          0.46        1.13        1.15         -27.37         68.73          69.12           -25.70        12.65         12.44          
0.13  -1.233 0.204  -0.366 0.64           0.88           0.88            -2.94         43.75         43.80          0.89        1.07        1.07         -2.11          34.48          34.52           -0.83         9.27          9.27           
0.17  -1.223 0.210  -0.378 0.37           0.47           0.51            31.27         48.37         51.97          0.60        0.67        0.69         18.68          32.06          35.44           12.60         16.31         16.53          
0.20  -1.202 0.218  -0.378 0.67           0.63           0.67            20.26         1.56          20.31          0.91        0.88        0.91         14.80          1.11           14.84           5.46          0.44          5.47           
0.23  -1.181 0.233  -0.379 0.76           0.63           0.76            34.59         0.95          34.60          0.98        0.88        0.98         26.26          0.68           26.27           8.33          0.27          8.33           
0.27  -1.167 0.241  -0.370 0.50           0.50           0.57            32.29         -32.91        42.13          0.72        0.72        0.77         21.61          -22.07         29.55           10.69         -10.83        12.59          
0.30  -1.143 0.240  -0.360 0.72           0.78           0.78            -3.65         -22.77        23.00          0.97        1.01        1.01         -2.71          -17.28         17.46           -0.94         -5.49         5.54           
0.33  -1.124 0.231  -0.353 0.63           0.61           0.66            -23.73        -18.31        28.82          0.87        0.85        0.89         -17.06         -13.01         21.01           -6.67         -5.30         7.81           
0.37  -1.105 0.217  -0.346 0.72           0.62           0.75            -35.97        -20.04        39.09          0.93        0.86        0.95         -26.89         -14.29         29.57           -9.09         -5.74         9.52           
0.40  -1.075 0.199  -0.336 1.04           0.95           1.09            -31.47        -20.05        35.47          1.26        1.18        1.30         -25.54         -15.90         29.09           -5.93         -4.15         6.39           
0.43  -1.059 0.189  -0.327 0.56           0.53           0.61            -33.63        -28.21        40.52          0.78        0.76        0.82         -23.43         -19.27         29.11           -10.20        -8.95         11.41          
0.47  -1.036 0.191  -0.312 0.71           0.84           0.84            5.14          -32.45        32.70          0.96        1.06        1.06         3.81           -25.18         25.40           1.33          -7.26         7.30           
0.50  -1.008 0.198  -0.293 0.85           1.01           1.03            14.01         -34.88        36.51          1.10        1.22        1.24         10.84          -28.15         29.61           3.16          -6.73         6.90           
0.53  -0.998 0.212  -0.271 0.54           0.73           0.85            53.87         -64.37        68.15          0.72        0.87        0.98         37.48          -49.40         54.39           16.39         -14.97        13.77          
0.57  -0.984 0.230  -0.255 0.67           0.63           0.82            51.12         -48.17        59.07          0.85        0.82        0.97         37.85          -34.99         46.28           13.27         -13.18        12.79          
0.60  -0.971 0.244  -0.239 0.57           0.61           0.75            49.05         -52.21        59.97          0.76        0.79        0.90         34.62          -37.69         46.01           14.44         -14.53        13.95          
0.63  -0.961 0.257  -0.228 0.50           0.46           0.60            51.08         -47.00        58.60          0.68        0.65        0.76         34.52          -30.78         42.30           16.56         -16.22        16.30          
0.67  -0.954 0.271  -0.216 0.46           0.43           0.60            62.45         -60.17        68.90          0.62        0.60        0.73         41.55          -38.89         50.15           20.90         -21.29        18.75          
0.70  -0.937 0.274  -0.215 0.51           0.51           0.51            9.27          -2.45         9.57           0.76        0.76        0.76         6.23           -1.64          6.44            3.04          -0.81         3.13           
0.73  -0.926 0.279  -0.221 0.36           0.37           0.41            25.98         29.33         36.65          0.60        0.60        0.62         15.40          17.62          22.81           10.58         11.71         13.84          
0.77  -0.903 0.282  -0.234 0.68           0.78           0.79            8.74          30.55         31.38          0.93        1.01        1.01         6.40           23.29          23.98           2.34          7.26          7.40           
0.80  -0.880 0.272  -0.242 0.77           0.75           0.81            -22.80        18.48         28.23          1.01        0.99        1.04         -17.29         13.90          21.68           -5.51         4.58          6.55           
0.83  -0.859 0.268  -0.257 0.62           0.77           0.77            -10.59        36.99         37.82          0.87        0.98        0.98         -7.55          28.13          28.85           -3.03         8.86          8.97           
0.87  -0.836 0.252  -0.285 0.85           1.08           1.18            -35.09        49.78         53.98          1.07        1.25        1.35         -27.34         41.03          45.35           -7.75         8.75          8.63           
0.90  -0.811 0.239  -0.300 0.85           0.88           0.96            -26.92        30.87         38.11          1.07        1.10        1.17         -20.88         24.17          30.50           -6.05         6.69          7.61           
0.93  -0.777 0.233  -0.318 1.03           1.16           1.17            -10.93        28.61         30.06          1.28        1.38        1.40         -8.81          23.64          24.91           -2.12         4.97          5.15           
0.97  -0.748 0.230  -0.323 0.88           0.89           0.90            -6.47         9.64          11.55          1.13        1.14        1.14         -5.04          7.53           9.03            -1.43         2.11          2.51           
1.00  -0.705 0.232  -0.332 1.28           1.31           1.31            3.47          11.66         12.14          1.53        1.55        1.55         2.90           9.80           10.20           0.57          1.87          1.94           
1.03  -0.696 0.253  -0.334 0.69           0.27           0.70            67.24         11.21         67.31          0.82        0.52        0.83         51.01          5.86           51.10           16.24         5.35          16.21          
1.07  -0.681 0.276  -0.334 0.82           0.46           0.82            55.83         1.01          55.84          0.99        0.71        0.99         43.74          0.66           43.74           12.10         0.36          12.10          
1.10  -0.673 0.298  -0.334 0.70           0.22           0.70            71.80         -3.46         71.81          0.81        0.47        0.81         54.82          -1.61          54.83           16.98         -1.84         16.98          
1.13  -0.685 0.327  -0.339 0.93           0.39           0.95            111.88        153.78        111.50         0.87        0.20        0.89         96.42          119.65         96.30           15.46         34.13         15.20          
1.17  -0.702 0.346  -0.344 0.76           0.53           0.77            132.02        163.81        131.08         0.62        0.30        0.64         114.55         150.20         113.84          17.47         13.61         17.24          
1.20  -0.725 0.373  -0.351 1.08           0.72           1.10            130.19        164.16        129.40         0.94        0.49        0.96         118.41         156.11         117.74          11.78         8.06          11.66          
1.23  -0.745 0.384  -0.349 0.68           0.60           0.68            152.39        -173.79       151.89         0.47        0.36        0.47         138.10         -169.43        137.49          14.29         -4.36         14.40          
1.27  -0.766 0.402  -0.352 0.82           0.62           0.83            138.04        171.38        137.64         0.66        0.37        0.67         123.35         165.64         122.98          14.69         5.75          14.66          
1.30  -0.771 0.411  -0.355 0.30           0.19           0.32            121.14        145.16        119.12         0.27        0.14        0.29         69.67          48.63          71.14           51.47         96.53         47.97          
1.33  -0.786 0.424  -0.350 0.60           0.47           0.62            137.70        -160.66       135.72         0.45        0.25        0.48         115.80         -141.40        114.27          21.91         -19.26        21.45          
1.37  -0.786 0.434  -0.346 0.31           0.13           0.34            90.69         -91.58        90.64          0.39        0.28        0.42         51.28          -28.63         53.71           39.41         -62.95        36.93          
1.40  -0.784 0.431  -0.326 0.12           0.58           0.59            -67.53        -85.56        85.64          0.31        0.65        0.66         -20.24         -63.00         63.40           -47.30        -22.55        22.23          
1.43  -0.783 0.415  -0.319 0.49           0.23           0.53            -84.53        -78.20        85.02          0.57        0.37        0.61         -58.47         -36.78         60.85           -26.06        -41.42        24.17          
1.47  -0.775 0.402  -0.307 0.44           0.42           0.56            -59.86        -58.42        67.12          0.60        0.59        0.70         -38.79         -37.20         47.87           -21.07        -21.22        19.25          
1.50  -0.760 0.377  -0.287 0.89           0.75           1.07            -59.18        -52.58        64.80          1.04        0.92        1.20         -47.23         -40.14         53.89           -11.95        -12.45        10.91          
1.53  -0.736 0.352  -0.276 1.05           0.81           1.10            -45.70        -24.77        48.34          1.24        1.04        1.28         -37.40         -18.99         39.97           -8.31         -5.78         8.37           
1.57  -0.711 0.337  -0.245 0.86           1.19           1.27            -31.35        -52.27        55.02          1.08        1.36        1.43         -24.42         -43.93         46.80           -6.94         -8.35         8.22           
1.60  -0.678 0.322  -0.236 1.10           1.05           1.14            -23.41        -14.87        26.92          1.34        1.29        1.36         -19.15         -12.02         22.16           -4.26         -2.85         4.76           
1.63  -0.641 0.290  -0.220 1.46           1.19           1.54            -41.48        -23.75        44.64          1.65        1.43        1.72         -35.73         -19.70         38.79           -5.75         -4.05         5.85           
1.67  -0.611 0.262  -0.215 1.25           0.92           1.25            -42.98        -8.88         43.38          1.44        1.17        1.45         -36.18         -6.99          36.56           -6.81         -1.89         6.82           
1.70  -0.581 0.236  -0.207 1.19           0.92           1.21            -41.49        -14.91        42.72          1.39        1.17        1.41         -34.63         -11.75         35.80           -6.86         -3.16         6.92           
1.73  -0.554 0.223  -0.201 0.90           0.84           0.92            -25.20        -13.31        27.78          1.13        1.08        1.15         -19.81         -10.26         21.96           -5.39         -3.05         5.82           
1.77  -0.526 0.227  -0.205 0.85           0.85           0.86            8.73          8.16          11.86          1.10        1.09        1.10         6.75           6.30           9.19            1.99          1.86          2.67           
1.80  -0.513 0.241  -0.213 0.56           0.46           0.61            46.60         32.40         50.96          0.76        0.68        0.79         32.69          21.06          36.82           13.90         11.33         14.14          
1.83  -0.512 0.265  -0.215 0.74           0.08           0.74            88.18         73.42         88.19          0.78        0.28        0.79         69.61          16.04          69.71           18.57         57.38         18.47          
1.87  -0.537 0.288  -0.234 1.01           0.92           1.16            136.60        142.78        129.50         0.85        0.74        1.02         124.93         131.00         118.57          11.67         11.77         10.94          
1.90  -0.557 0.311  -0.238 0.91           0.61           0.91            131.06        168.59        130.63         0.76        0.36        0.77         116.79         160.80         116.44          14.27         7.79          14.19          
1.93  -0.588 0.355  -0.245 1.60           0.95           1.62            125.33        166.98        124.97         1.47        0.71        1.49         117.36         162.42         117.05          7.97          4.56          7.92           
1.97  -0.620 0.382  -0.253 1.27           1.00           1.29            140.24        166.76        139.16         1.09        0.76        1.11         131.77         162.42         130.68          8.47          4.33          8.48           
2.00  -0.648 0.404  -0.256 1.08           0.85           1.08            141.72        173.51        141.44         0.89        0.60        0.90         131.73         170.81         131.44          9.99          2.69          10.00          
2.03  -0.681 0.434  -0.255 1.34           0.98           1.34            136.88        -178.45       136.87         1.17        0.73        1.17         128.46         -177.92        128.45          8.42          -0.53         8.42           
2.07  -0.720 0.467  -0.253 1.52           1.17           1.52            140.35        -176.59       140.28         1.33        0.92        1.34         133.48         -175.66        133.41          6.87          -0.93         6.87           
2.10  -0.751 0.495  -0.249 1.27           0.94           1.28            137.11        -173.35       136.89         1.10        0.69        1.11         128.24         -170.95        128.03          8.87          -2.40         8.86           
2.13  -0.775 0.509  -0.244 0.84           0.75           0.86            150.81        -167.69       149.04         0.64        0.51        0.66         139.79         -161.73        137.78          11.01         -5.96         11.26          
2.17  -0.808 0.529  -0.236 1.15           1.02           1.18            149.06        -165.92       146.98         0.94        0.78        0.98         141.23         -161.43        138.96          7.83          -4.49         8.02           
2.20  -0.844 0.531  -0.230 1.09           1.10           1.10            177.35        -171.76       171.36         0.84        0.85        0.86         176.56         -169.36        168.84          0.79          -2.40         2.52           
2.23  -0.871 0.532  -0.218 0.80           0.88           0.88            177.34        -155.58       155.47         0.55        0.66        0.66         176.12         -146.52        146.38          1.21          -9.07         9.09           
2.27  -0.905 0.518  -0.202 1.09           1.12           1.19            -158.31       -154.08       147.87         0.86        0.91        0.99         -152.15        -147.15        140.16          -6.16         -6.93         7.71           
2.30  -0.932 0.503  -0.190 0.94           0.89           1.00            -150.90       -156.31       144.68         0.73        0.67        0.81         -141.30        -147.72        134.42          -9.61         -8.59         10.25          
2.33  -0.938 0.485  -0.172 0.58           0.57           0.79            -108.74       -108.85       103.53         0.55        0.55        0.77         -83.31         -83.27         85.24           -25.43        -25.59        18.29          
2.37  -0.957 0.470  -0.153 0.72           0.79           0.91            -141.13       -135.39       128.13         0.55        0.63        0.78         -124.45        -119.27        113.46          -16.68        -16.12        14.67          
2.40  -0.960 0.450  -0.135 0.59           0.57           0.81            -99.35        -99.76        96.78          0.60        0.58        0.82         -75.23         -74.61         79.22           -24.13        -25.15        17.57          
2.43  -0.944 0.433  -0.113 0.70           0.81           0.96            -48.26        -54.60        60.93          0.89        0.97        1.11         -36.16         -42.53         49.55           -12.10        -12.07        11.38          
2.47  -0.931 0.410  -0.087 0.80           0.87           1.11            -59.54        -62.17        68.55          0.95        1.01        1.23         -46.48         -49.56         57.61           -13.06        -12.61        10.94          
2.50  -0.919 0.380  -0.074 0.96           0.54           1.04            -67.31        -47.22        69.14          1.08        0.74        1.15         -54.99         -32.82         57.45           -12.32        -14.40        11.70          
2.53  -0.897 0.363  -0.061 0.83           0.75           0.92            -38.77        -30.16        44.75          1.04        0.98        1.11         -30.12         -22.77         35.61           -8.65         -7.39         9.14           
2.57  -0.866 0.328  -0.049 1.40           0.99           1.44            -48.70        -20.80        50.19          1.57        1.22        1.61         -41.84         -16.63         43.35           -6.86         -4.16         6.84           
2.60  -0.840 0.305  -0.059 1.03           0.83           1.08            -41.63        21.22         44.12          1.23        1.07        1.27         -33.89         16.35          36.24           -7.74         4.87          7.88           
2.63  -0.817 0.266  -0.081 1.37           0.94           1.51            -59.68        42.38         62.71          1.52        1.14        1.64         -51.49         33.85          54.93           -8.19         8.53          7.78           
2.67  -0.802 0.231  -0.111 1.13           1.02           1.46            -66.22        63.44         71.71          1.26        1.16        1.55         -55.71         52.29          62.92           -10.50        11.16         8.79           
2.70  -0.796 0.197  -0.146 1.03           1.06           1.47            -80.07        80.37         83.05          1.10        1.13        1.52         -67.16         67.80          73.66           -12.90        12.57         9.39           
2.73  -0.772 0.175  -0.186 0.97           1.40           1.55            -42.67        59.40         62.56          1.17        1.54        1.68         -34.31         51.37          54.95           -8.36         8.02          7.61           
2.77  -0.766 0.135  -0.229 1.24           1.30           1.78            -80.65        81.10         83.53          1.30        1.36        1.83         -69.73         70.65          75.72           -10.92        10.45         7.81           
2.80  -0.769 0.118  -0.276 0.51           1.43           1.51            -100.82       93.84         93.63          0.52        1.43        1.52         -72.84         83.80          84.15           -27.98        10.04         9.48           
2.83  -0.768 0.110  -0.317 0.23           1.21           1.23            -81.60        88.44         88.46          0.36        1.24        1.26         -38.26         76.80          77.01           -43.34        11.64         11.45          
2.87  -0.766 0.103  -0.345 0.23           0.85           0.87            -75.27        86.10         86.23          0.38        0.90        0.92         -35.41         69.97          70.56           -39.86        16.14         15.67          
2.90  -0.762 0.099  -0.371 0.17           0.80           0.80            -41.46        80.92         81.00          0.39        0.87        0.88         -16.47         64.46          64.68           -24.99        16.45         16.32          
2.93  -0.764 0.093  -0.404 0.21           1.00           1.02            -112.75       94.67         94.59          0.26        1.01        1.03         -49.19         80.45          80.62           -63.56        14.23         13.97          
2.97  -0.769 0.093  -0.426 0.14           0.67           0.67            173.42        102.12        102.11         0.11        0.66        0.66         8.38           80.47          80.47           165.04        21.65         21.64          
3.00  -0.788 0.099  -0.451 0.59           0.94           0.96            162.70        126.56        125.85         0.36        0.82        0.84         150.68         112.35         111.83          12.03         14.21         14.02          
3.03  -0.802 0.108  -0.473 0.49           0.79           0.83            148.65        122.42        120.64         0.31        0.69        0.73         123.81         104.53         103.59          24.83         17.89         17.05          
3.07  -0.826 0.121  -0.503 0.82           1.16           1.22            152.09        128.63        126.35         0.61        1.02        1.09         140.97         117.58         115.68          11.12         11.06         10.67          
3.10  -0.848 0.135  -0.527 0.79           0.97           1.05            148.10        134.19        129.75         0.60        0.81        0.92         135.31         121.45         117.62          12.79         12.74         12.13          
3.13  -0.857 0.161  -0.549 0.83           0.73           1.07            108.99        111.91        104.65         0.79        0.68        1.04         91.57          91.84          91.19           17.42         20.08         13.46          
3.17  -0.882 0.191  -0.559 1.16           0.79           1.19            129.59        158.76        128.21         1.02        0.57        1.06         118.68         149.56         117.51          10.91         9.20          10.70          
3.20  -0.902 0.223  -0.567 1.15           0.64           1.17            121.17        158.17        120.45         1.04        0.42        1.07         109.29         145.30         108.79          11.88         12.87         11.67          
3.23  -0.904 0.255  -0.577 0.95           0.31           1.00            93.34         100.45        93.19          0.97        0.36        1.02         78.45          57.16          78.98           14.89         43.30         14.21          
3.27  -0.909 0.275  -0.580 0.61           0.19           0.62            105.27        147.36        105.05         0.60        0.14        0.61         81.47          49.37          81.59           23.80         97.98         23.46          
3.30  -0.913 0.308  -0.580 1.01           0.11           1.01            96.21         -179.94       96.21          1.01        0.14        1.01         81.99          -0.05          81.99           14.22         -179.89       14.22          
3.33  -0.912 0.329  -0.593 0.61           0.38           0.72            89.54         89.25         89.61          0.67        0.45        0.76         67.48          55.92          70.53           22.06         33.33         19.07          
3.37  -0.912 0.342  -0.603 0.39           0.32           0.51            89.05         88.85         89.27          0.47        0.41        0.57         56.65          51.52          63.12           32.40         37.33         26.15          
3.40  -0.913 0.372  -0.611 0.90           0.23           0.93            91.34         95.23         91.30          0.93        0.32        0.96         75.73          45.18          76.16           15.61         50.05         15.14          
3.43  -0.907 0.404  -0.623 0.97           0.39           1.03            79.97         64.06         80.57          1.04        0.54        1.10         66.34          39.68          67.62           13.64         24.39         12.95          
3.47  -0.888 0.434  -0.633 1.08           0.67           1.12            56.89         27.99         58.36          1.23        0.90        1.27         47.11          20.46          48.73           9.78          7.53          9.63           
3.50  -0.882 0.462  -0.639 0.87           0.25           0.88            77.94         43.01         78.17          0.95        0.46        0.97         63.06          21.40          63.51           14.89         21.60         14.66          
3.53  -0.869 0.488  -0.646 0.88           0.44           0.90            63.69         28.16         64.45          1.02        0.67        1.04         50.93          18.06          51.88           12.75         10.10         12.57          
3.57  -0.854 0.523  -0.648 1.13           0.44           1.13            67.34         9.81          67.39          1.24        0.69        1.25         56.64          6.26           56.71           10.70         3.55          10.68          
3.60  -0.861 0.564  -0.626 1.24           0.71           1.42            99.74         -107.30       98.55          1.23        0.68        1.40         88.15          -86.64         88.38           11.59         -20.65        10.17          
3.63  -0.876 0.592  -0.606 0.97           0.75           1.14            118.07        -127.82       113.73         0.88        0.63        1.06         103.63         -109.44        101.30          14.45         -18.39        12.43          
3.67  -0.912 0.619  -0.577 1.33           1.37           1.59            143.11        -141.10       132.23         1.14        1.19        1.43         135.57         -133.50        124.79          7.54          -7.60         7.43           
3.70  -0.946 0.639  -0.561 1.17           1.12           1.27            149.65        -154.43       142.90         0.97        0.90        1.08         142.13         -147.56        134.88          7.52          -6.87         8.03           
3.73  -0.971 0.662  -0.548 1.02           0.85           1.09            137.35        -151.50       133.08         0.85        0.64        0.94         125.85         -140.79        121.90          11.50         -10.71        11.19          
3.77  -1.025 0.672  -0.522 1.65           1.80           1.82            169.28        -154.49       152.83         1.41        1.57        1.60         167.38         -150.57        148.75          1.90          -3.92         4.08           
3.80  -1.047 0.667  -0.507 0.69           0.81           0.83            -168.18       -145.85       144.63         0.45        0.62        0.64         -161.59        -132.83        131.53          -6.59         -13.03        13.10          
3.83  -1.068 0.654  -0.488 0.75           0.84           0.93            -148.06       -139.26       133.24         0.56        0.67        0.78         -134.34        -125.26        119.81          -13.73        -13.99        13.44          
3.87  -1.104 0.626  -0.465 1.36           1.28           1.53            -141.82       -146.71       134.31         1.18        1.08        1.37         -134.26        -139.41        126.80          -7.56         -7.30         7.51           
3.90  -1.131 0.607  -0.442 0.97           1.05           1.19            -144.56       -139.09       131.72         0.78        0.87        1.04         -133.87        -128.30        121.39          -10.68        -10.79        10.33          
3.93  -1.167 0.595  -0.423 1.15           1.23           1.29            -160.98       -151.92       147.58         0.92        1.02        1.08         -155.88        -145.27        140.47          -5.10         -6.65         7.11           
3.97  -1.193 0.576  -0.394 0.98           1.19           1.31            -144.93       -132.63       127.71         0.79        1.03        1.18         -134.45        -122.37        118.03          -10.48        -10.26        9.68           
4.00  -1.211 0.564  -0.365 0.63           0.99           1.06            -144.38       -121.07       118.95         0.45        0.89        0.96         -125.55        -107.15        105.82          -18.83        -13.92        13.13          
4.03  -1.232 0.552  -0.343 0.73           0.92           0.98            -152.66       -134.82       131.48         0.52        0.77        0.84         -139.95        -121.44        118.54          -12.71        -13.38        12.94          
4.07  -1.246 0.538  -0.311 0.60           1.07           1.15            -133.92       -112.88       111.13         0.46        1.00        1.09         -111.04        -99.57         98.78           -22.88        -13.31        12.35          
4.10  -1.265 0.521  -0.274 0.77           1.25           1.35            -138.67       -117.43       115.28         0.60        1.16        1.26         -122.74        -106.36        104.95          -15.93        -11.07        10.33          
4.13  -1.284 0.512  -0.245 0.63           1.03           1.06            -154.84       -123.68       122.46         0.42        0.91        0.95         -140.07        -110.51        109.65          -14.77        -13.18        12.81          
4.17  -1.291 0.503  -0.212 0.35           1.02           1.05            -126.09       -101.72       101.29         0.29        1.00        1.03         -81.24         -87.49         87.58           -44.85        -14.24        13.70          
4.20  -1.298 0.495  -0.179 0.31           1.01           1.04            -130.65       -101.55       101.25         0.24        0.99        1.02         -78.60         -87.25         87.33           -52.05        -14.30        13.92          
4.23  -1.308 0.487  -0.143 0.39           1.11           1.13            -143.45       -106.38       106.02         0.24        1.07        1.09         -105.23        -93.40         93.32           -38.22        -12.98        12.71          
4.27  -1.315 0.483  -0.111 0.25           1.01           1.02            -147.06       -102.04       101.93         0.14        0.98        0.99         -73.58         -87.67         87.69           -73.48        -14.38        14.24          
4.30  -1.318 0.483  -0.081 0.08           0.88           0.88            171.19        -94.98        94.98          0.17        0.89        0.89         3.91           -78.81         78.81           167.28        -16.17        16.17          
4.33  -1.314 0.486  -0.051 0.15           0.93           0.93            35.99         -82.49        82.52          0.38        0.99        1.00         13.36          -68.04         68.13           22.63         -14.45        14.39          
4.37  -1.306 0.494  -0.030 0.34           0.67           0.71            47.79         -70.01        71.35          0.54        0.79        0.83         27.74          -52.67         54.71           20.05         -17.34        16.64          
4.40  -1.292 0.506  -0.016 0.55           0.61           0.69            37.40         -43.55        50.66          0.77        0.81        0.87         25.99          -31.22         37.88           11.41         -12.32        12.78          
4.43  -1.280 0.513  -0.009 0.41           0.41           0.46            30.28         -28.55        38.59          0.64        0.64        0.67         18.96          -17.75         25.15           11.32         -10.80        13.44          
4.47  -1.267 0.512  -0.014 0.40           0.42           0.42            -2.92         18.47         18.67          0.64        0.66        0.66         -1.79          11.56          11.69           -1.13         6.91          6.98           
4.50  -1.246 0.503  -0.027 0.68           0.74           0.78            -23.09        31.65         36.85          0.92        0.96        1.00         -16.95         23.79          28.19           -6.14         7.87          8.66           
4.53  -1.236 0.488  -0.047 0.55           0.69           0.83            -57.65        64.86         69.34          0.71        0.82        0.94         -40.38         48.94          55.01           -17.27        15.92         14.33          
4.57  -1.214 0.460  -0.070 1.06           0.94           1.26            -51.82        46.05         58.65          1.23        1.13        1.40         -42.61         36.88          49.89           -9.21         9.17          8.76           
4.60  -1.194 0.435  -0.091 0.96           0.88           1.16            -50.72        46.58         58.25          1.13        1.07        1.30         -40.90         36.83          48.87           -9.82         9.76          9.38           
4.63  -1.176 0.400  -0.121 1.17           1.04           1.47            -63.38        59.50         69.11          1.30        1.18        1.58         -53.51         49.00          60.60           -9.87         10.50         8.50           
4.67  -1.157 0.354  -0.149 1.50           1.01           1.71            -66.85        54.50         69.86          1.61        1.18        1.81         -58.66         44.54          62.42           -8.19         9.96          7.44           
4.70  -1.129 0.311  -0.180 1.55           1.25           1.81            -57.08        47.78         62.21          1.70        1.43        1.93         -49.98         40.35          55.65           -7.10         7.42          6.56           
4.73  -1.111 0.278  -0.214 1.12           1.16           1.52            -61.22        62.41         69.26          1.26        1.30        1.62         -51.18         52.57          60.99           -10.04        9.84          8.27           
4.77  -1.085 0.249  -0.249 1.18           1.30           1.58            -48.99        53.45         60.57          1.36        1.47        1.72         -41.02         45.57          53.28           -7.97         7.87          7.29           
4.80  -1.058 0.221  -0.287 1.16           1.41           1.63            -45.15        54.39         59.84          1.35        1.57        1.77         -37.60         46.93          52.82           -7.55         7.46          7.02           
4.83  -1.029 0.179  -0.325 1.53           1.44           1.92            -55.97        53.31         63.42          1.69        1.60        2.04         -48.91         46.11          57.14           -7.06         7.20          6.28           
4.87  -1.003 0.170  -0.346 0.81           0.98           1.02            -18.12        38.45         40.66          1.05        1.19        1.22         -13.88         30.95          32.96           -4.24         7.51          7.70           
4.90  -0.954 0.154  -0.373 1.54           1.67           1.74            -18.15        28.81         32.63          1.78        1.90        1.96         -15.64         25.17          28.68           -2.50         3.64          3.95           
4.93  -0.927 0.137  -0.373 0.97           0.81           0.97            -32.80        1.10          32.81          1.18        1.06        1.18         -26.23         0.84           26.24           -6.57         0.26          6.57           
4.97  -0.896 0.137  -0.367 0.93           0.95           0.95            1.03          -11.89        11.93          1.18        1.19        1.19         0.81           -9.42          9.45            0.22          -2.48         2.48           
5.00  -0.865 0.134  -0.360 0.95           0.97           0.97            -6.28         -12.32        13.74          1.20        1.21        1.22         -4.98          -9.80          10.95           -1.30         -2.52         2.79           
5.03  -0.833 0.117  -0.345 1.07           1.05           1.16            -27.96        -25.15        35.32          1.30        1.28        1.37         -22.78         -20.37         29.28           -5.18         -4.77         6.05           
5.07  -0.808 0.112  -0.322 0.77           1.01           1.02            -11.88        -42.01        42.77          1.01        1.21        1.22         -8.97          -34.03         34.74           -2.92         -7.98         8.02           
5.10  -0.782 0.104  -0.314 0.81           0.82           0.85            -16.93        -18.14        24.10          1.05        1.06        1.08         -12.97         -13.92         18.69           -3.97         -4.23         5.41           
5.13  -0.754 0.100  -0.294 0.85           1.03           1.03            -8.34         -35.06        35.63          1.10        1.24        1.25         -6.45          -28.40         28.92           -1.89         -6.65         6.72           
5.17  -0.737 0.106  -0.282 0.56           0.63           0.66            19.63         -34.35        37.62          0.80        0.85        0.87         13.57          -24.82         27.55           6.06          -9.52         10.07          
5.20  -0.718 0.119  -0.267 0.69           0.74           0.83            32.55         -37.92        45.20          0.91        0.95        1.02         24.07          -28.59         35.17           8.48          -9.32         10.03          
5.23  -0.694 0.126  -0.253 0.73           0.81           0.84            18.19         -30.98        34.39          0.97        1.03        1.06         13.60          -23.84         26.74           4.60          -7.14         7.66           
5.27  -0.681 0.130  -0.242 0.41           0.53           0.54            15.11         -40.97        42.28          0.66        0.74        0.74         9.43           -28.09         29.21           5.69          -12.87        13.07          
5.30  -0.660 0.130  -0.231 0.64           0.72           0.72            -0.25         -27.43        27.43          0.89        0.95        0.95         -0.18          -20.47         20.47           -0.07         -6.95         6.95           
5.33  -0.638 0.125  -0.223 0.66           0.69           0.70            -11.20        -19.78        22.32          0.91        0.93        0.94         -8.13          -14.54         16.49           -3.07         -5.24         5.83           
5.37  -0.625 0.127  -0.218 0.41           0.43           0.44            6.00          -20.00        20.74          0.66        0.67        0.68         3.72           -12.71         13.21           2.27          -7.29         7.53           
5.40  -0.599 0.137  -0.220 0.82           0.77           0.82            20.88         4.16          21.22          1.06        1.02        1.06         16.04          3.14           16.32           4.83          1.02          4.90           
5.43  -0.582 0.166  -0.224 1.01           0.54           1.02            58.93         12.52         59.15          1.16        0.78        1.17         48.33          8.54           48.58           10.60         3.97          10.58          
5.47  -0.565 0.184  -0.232 0.74           0.55           0.78            48.76         26.72         51.27          0.92        0.78        0.96         37.02          18.41          39.50           11.74         8.31          11.77          
5.50  -0.558 0.213  -0.246 0.90           0.48           1.00            76.47         64.11         77.83          0.99        0.63        1.08         62.20          43.23          64.71           14.28         20.88         13.12          
5.53  -0.549 0.238  -0.268 0.79           0.71           1.02            68.49         65.95         73.54          0.91        0.84        1.12         53.70          50.25          61.17           14.79         15.70         12.38          
5.57  -0.542 0.263  -0.296 0.78           0.87           1.16            76.24         77.77         80.78          0.87        0.96        1.22         60.07          63.02          69.13           16.16         14.76         11.66          
5.60  -0.540 0.275  -0.326 0.38           0.89           0.97            80.12         85.81         86.14          0.49        0.94        1.02         49.91          70.50          71.92           30.22         15.31         14.22          
5.63  -0.542 0.284  -0.363 0.26           1.12           1.15            104.61        93.34         93.26          0.31        1.13        1.16         53.51          80.61          80.83           51.10         12.72         12.42          
5.67  -0.532 0.309  -0.377 0.82           0.52           0.91            66.66         50.92         69.14          0.95        0.70        1.03         52.67          34.86          56.04           13.99         16.05         13.10          
5.70  -0.518 0.313  -0.397 0.43           0.73           0.74            18.21         55.72         56.37          0.67        0.89        0.90         11.56          42.36          43.06           6.65          13.36         13.31          
5.73  -0.509 0.323  -0.416 0.40           0.63           0.69            46.71         64.20         66.73          0.60        0.77        0.82         29.01          47.21          50.53           17.71         16.99         16.20          
5.77  -0.494 0.333  -0.414 0.53           0.44           0.53            34.00         -6.76         34.41          0.75        0.69        0.75         23.23          -4.31          23.55           10.77         -2.45         10.86          
5.80  -0.479 0.333  -0.417 0.47           0.48           0.48            1.72          12.71         12.81          0.72        0.73        0.73         1.12           8.37           8.45            0.60          4.33          4.37           
5.83  -0.469 0.326  -0.407 0.36           0.42           0.48            -40.19        -49.29        55.16          0.57        0.61        0.65         -23.82         -31.27         36.90           -16.37        -18.02        18.26          
5.87  -0.438 0.308  -0.400 1.08           0.97           1.11            -29.07        -12.76        30.98          1.31        1.22        1.33         -23.75         -10.16         25.41           -5.33         -2.60         5.57           
5.90  -0.417 0.299  -0.379 0.69           0.90           0.94            -23.23        -44.73        47.19          0.93        1.09        1.12         -17.13         -35.42         37.78           -6.10         -9.31         9.41           
5.93  -0.399 0.278  -0.360 0.81           0.75           0.98            -50.04        -46.63        57.92          0.99        0.94        1.13         -38.84         -35.53         47.10           -11.20        -11.10        10.82          
5.97  -0.383 0.258  -0.338 0.79           0.82           1.03            -51.71        -53.16        61.48          0.97        0.99        1.17         -40.03         -41.51         50.67           -11.68        -11.65        10.81          
6.00  -0.360 0.243  -0.315 0.82           0.97           1.07            -32.87        -45.21        50.12          1.04        1.16        1.24         -25.34         -36.44         41.26           -7.53         -8.77         8.87           
6.03  -0.329 0.225  -0.287 1.07           1.25           1.36            -30.82        -42.73        47.71          1.29        1.44        1.54         -25.12         -35.97         40.83           -5.70         -6.75         6.89           
6.07  -0.309 0.217  -0.271 0.65           0.77           0.81            -20.22        -38.01        40.83          0.89        0.98        1.01         -14.64         -29.01         31.51           -5.58         -9.01         9.32           
6.10  -0.290 0.205  -0.253 0.68           0.80           0.88            -32.52        -44.27        49.35          0.90        1.00        1.06         -23.96         -34.20         39.08           -8.55         -10.07        10.27          
6.13  -0.265 0.196  -0.233 0.79           0.95           0.98            -19.29        -38.10        40.65          1.03        1.15        1.18         -14.69         -30.43         32.75           -4.60         -7.68         7.91           
6.17  -0.249 0.182  -0.212 0.64           0.80           0.90            -40.63        -52.34        57.24          0.85        0.97        1.06         -29.55         -40.57         45.76           -11.08        -11.77        11.48          
6.20  -0.234 0.170  -0.206 0.59           0.49           0.62            -39.70        -22.14        42.75          0.80        0.73        0.82         -28.14         -14.69         30.78           -11.56        -7.45         11.97          
6.23  -0.211 0.151  -0.197 0.88           0.73           0.92            -39.84        -20.56        42.45          1.09        0.96        1.12         -31.38         -15.33         33.77           -8.46         -5.23         8.68           
6.27  -0.205 0.142  -0.201 0.33           0.22           0.35            -55.24        28.60         57.01          0.52        0.45        0.53         -31.90         13.25          33.65           -23.33        15.34         23.36          
6.30  -0.195 0.140  -0.213 0.29           0.45           0.46            -12.69        51.05         51.50          0.54        0.64        0.64         -6.82          33.31          33.74           -5.87         17.74         17.76          
6.33  -0.182 0.134  -0.227 0.42           0.59           0.61            -21.95        48.74         50.41          0.66        0.78        0.79         -13.77         34.73          36.33           -8.18         14.01         14.08          
6.37  -0.199 0.142  -0.247 0.54           0.78           0.81            155.27        129.24        127.40         0.33        0.65        0.69         136.91         111.91         110.63          18.36         17.33         16.77          
6.40  -0.205 0.163  -0.264 0.66           0.53           0.82            107.32        111.82        103.82         0.63        0.49        0.80         85.19          83.84          86.21           22.13         27.98         17.62          
6.43  -0.230 0.180  -0.265 0.89           0.74           0.89            145.77        176.78        145.68         0.70        0.49        0.70         134.19         175.13         134.09          11.58         1.64          11.58          
6.47  -0.255 0.189  -0.262 0.79           0.75           0.80            159.66        -171.49       158.21         0.57        0.51        0.58         150.83         -167.31        148.96          8.83          -4.19         9.26           
6.50  -0.271 0.206  -0.260 0.72           0.49           0.72            132.70        -173.14       132.53         0.58        0.25        0.58         114.23         -166.13        114.10          18.47         -7.00         18.43          
6.53  -0.295 0.232  -0.248 1.05           0.78           1.10            132.09        -154.28       129.63         0.90        0.57        0.96         120.23         -143.26        118.12          11.86         -11.02        11.51          
6.57  -0.305 0.259  -0.248 0.84           0.31           0.84            111.52        -178.18       111.52         0.79        0.06        0.79         94.29          -170.51        94.29           17.23         -7.67         17.23          
6.60  -0.311 0.277  -0.245 0.58           0.21           0.59            108.33        -151.57       108.06         0.55        0.12        0.56         82.95          -55.40         83.06           25.38         -96.17        25.00          
6.63  -0.306 0.284  -0.238 0.26           0.23           0.32            58.31         -53.74        64.72          0.44        0.43        0.48         29.72          -25.66         36.73           28.59         -28.08        27.99          
6.67  -0.305 0.291  -0.243 0.21           0.14           0.24            77.79         71.41         79.68          0.36        0.32        0.38         34.57          23.92          39.33           43.22         47.49         40.35          
6.70  -0.302 0.298  -0.244 0.23           0.11           0.23            64.74         22.26         65.14          0.40        0.35        0.41         30.77          6.56           31.23           33.97         15.70         33.91          
6.73  -0.296 0.299  -0.251 0.16           0.27           0.27            16.08         54.16         54.73          0.41        0.46        0.46         6.33           28.06          28.56           9.75          26.10         26.17          
6.77  -0.282 0.295  -0.259 0.45           0.49           0.51            -17.11        29.57         32.84          0.69        0.72        0.73         -11.00         19.71          22.18           -6.11         9.86          10.67          
6.80  -0.271 0.283  -0.275 0.49           0.58           0.67            -45.90        53.93         59.79          0.69        0.75        0.83         -30.72         38.32          44.68           -15.18        15.60         15.11          
6.83  -0.257 0.266  -0.288 0.66           0.56           0.77            -51.11        42.36         56.98          0.84        0.77        0.93         -37.79         29.70          43.90           -13.32        12.66         13.08          
6.87  -0.241 0.249  -0.307 0.70           0.74           0.90            -48.30        50.48         58.81          0.89        0.92        1.06         -36.19         38.32          47.12           -12.11        12.16         11.69          
6.90  -0.227 0.231  -0.327 0.68           0.76           0.92            -51.42        55.78         62.63          0.86        0.92        1.06         -38.28         42.79          50.58           -13.14        12.99         12.06          
6.93  -0.222 0.217  -0.338 0.43           0.34           0.53            -70.75        65.17         74.43          0.57        0.50        0.65         -46.23         38.23          52.59           -24.53        26.94         21.83          
6.97  -0.220 0.212  -0.343 0.18           0.17           0.23            -70.45        69.16         75.44          0.35        0.35        0.38         -28.21         26.59          36.26           -42.24        42.58         39.18          
7.00  -0.220 0.209  -0.351 0.09           0.24           0.25            -76.45        85.08         85.36          0.28        0.36        0.37         -17.34         41.14          42.85           -59.11        43.94         42.51          
7.03  -0.210 0.213  -0.348 0.30           0.30           0.32            21.85         -18.31        27.46          0.54        0.54        0.55         12.01          -9.96          15.42           9.83          -8.35         12.04          
7.07  -0.222 0.232  -0.348 0.69           0.36           0.69            121.37        178.43        121.37         0.60        0.11        0.60         100.42         174.81         100.42          20.95         3.62          20.95          
7.10  -0.229 0.243  -0.348 0.39           0.20           0.39            121.18        -177.70       121.18         0.34        0.05        0.34         81.98          -9.77          81.98           39.20         -167.93       39.19          
7.13  -0.237 0.252  -0.346 0.36           0.26           0.37            133.44        -167.82       132.86         0.26        0.05        0.27         90.06          -90.28         90.06           43.38         -77.55        42.80          
7.17  -0.252 0.272  -0.348 0.72           0.43           0.73            126.05        169.71        125.81         0.61        0.19        0.61         106.68         156.21         106.55          19.36         13.50         19.27          
7.20  -0.264 0.288  -0.356 0.63           0.45           0.67            128.12        149.90        125.54         0.51        0.26        0.56         105.60         121.54         104.26          22.52         28.36         21.28          
7.23  -0.277 0.302  -0.361 0.55           0.39           0.57            131.07        157.13        129.28         0.43        0.19        0.46         105.02         126.13         104.14          26.05         31.00         25.14          
7.27  -0.286 0.325  -0.373 0.75           0.45           0.83            111.65        127.29        109.39         0.69        0.36        0.78         92.10          94.03          91.86           19.55         33.26         17.53          
7.30  -0.291 0.340  -0.379 0.48           0.22           0.51            107.75        131.36        106.75         0.47        0.20        0.50         77.39          58.40          78.13           30.36         72.96         28.62          
7.33  -0.301 0.358  -0.390 0.62           0.46           0.71            118.91        130.31        114.83         0.54        0.36        0.65         95.21          97.98          94.37           23.70         32.33         20.46          
7.37  -0.300 0.373  -0.395 0.44           0.13           0.46            86.66         78.64         86.79          0.52        0.30        0.54         58.00          24.92          59.03           28.67         53.72         27.76          
7.40  -0.303 0.373  -0.412 0.09           0.52           0.52            -176.95       99.63         99.63          0.16        0.54        0.54         -1.62          72.29          72.29           -175.33       27.34         27.34          
7.43  -0.290 0.359  -0.421 0.56           0.47           0.63            -47.41        36.24         52.68          0.75        0.69        0.80         -33.28         23.86          38.36           -14.12        12.38         14.31          
7.47  -0.285 0.359  -0.427 0.14           0.22           0.22            -7.43         50.23         50.39          0.39        0.43        0.43         -2.69          23.43          23.55           -4.74         26.80         26.84          
7.50  -0.287 0.359  -0.424 0.04           0.09           0.09            173.48        -117.66       117.62         0.21        0.22        0.22         1.39           -22.09         22.13           172.09        -95.57        95.49          
7.53  -0.286 0.344  -0.406 0.44           0.55           0.70            -85.33        -86.30        87.10          0.52        0.62        0.76         -56.83         -62.62         67.91           -28.50        -23.68        19.19          
7.57  -0.279 0.329  -0.395 0.50           0.38           0.59            -66.90        -58.83        70.78          0.64        0.55        0.72         -45.83         -35.97         51.55           -21.07        -22.86        19.23          
7.60  -0.270 0.311  -0.376 0.60           0.63           0.83            -63.97        -65.17        71.43          0.74        0.77        0.94         -46.42         -47.96         56.80           -17.55        -17.21        14.64          
7.63  -0.249 0.284  -0.344 1.04           1.15           1.40            -51.09        -55.55        62.40          1.21        1.31        1.54         -41.83         -46.47         54.10           -9.27         -9.08         8.30           
7.67  -0.244 0.282  -0.310 0.15           1.04           1.04            -28.28        -82.48        82.50          0.39        1.10        1.10         -10.70         -69.41         69.46           -17.57        -13.07        13.04          
7.70  -0.227 0.265  -0.290 0.70           0.79           0.93            -44.33        -50.21        57.14          0.90        0.97        1.09         -33.14         -38.75         45.98           -11.19        -11.46        11.16          
7.73  -0.215 0.254  -0.271 0.52           0.68           0.77            -42.57        -56.22        60.32          0.72        0.85        0.92         -29.00         -42.07         46.65           -13.56        -14.16        13.68          
7.77  -0.199 0.252  -0.254 0.47           0.68           0.68            -5.43         -46.13        46.25          0.72        0.87        0.87         -3.56          -34.21         34.32           -1.88         -11.92        11.93          
7.80  -0.182 0.235  -0.236 0.72           0.74           0.91            -46.11        -48.09        56.72          0.91        0.93        1.06         -34.68         -36.55         45.40           -11.43        -11.53        11.32          
7.83  -0.174 0.218  -0.234 0.54           0.24           0.55            -64.31        -13.88        64.46          0.69        0.49        0.69         -45.23         -6.83          45.43           -19.08        -7.04         19.03          
7.87  -0.171 0.226  -0.235 0.23           0.10           0.24            67.23         24.23         67.58          0.40        0.34        0.41         32.37          6.83           32.83           34.86         17.40         34.76          
7.90  -0.173 0.215  -0.240 0.31           0.15           0.34            -98.83        108.51        98.02          0.37        0.25        0.40         -56.81         35.35          59.32           -42.02        73.16         38.70          
7.93  -0.180 0.215  -0.257 0.20           0.53           0.53            179.23        112.35        112.35         0.05        0.50        0.50         3.32           84.56          84.56           175.91        27.79         27.79          
7.97  -0.175 0.202  -0.258 0.43           0.14           0.43            -71.61        19.29         71.73          0.56        0.39        0.56         -46.53         7.00           46.73           -25.08        12.29         25.00          
8.00  -0.183 0.193  -0.269 0.36           0.41           0.50            -130.05       124.79        118.17         0.28        0.34        0.44         -86.89         87.43          88.02           -43.16        37.35         30.15          
8.03  -0.182 0.187  -0.289 0.18           0.60           0.62            -76.61        86.10         86.25          0.34        0.66        0.68         -30.39         63.94          64.83           -46.22        22.15         21.42          
8.07  -0.183 0.171  -0.297 0.48           0.23           0.53            -93.10        96.57         92.80          0.53        0.32        0.58         -64.95         45.15          67.07           -28.15        51.42         25.73          
8.10  -0.185 0.167  -0.299 0.16           0.11           0.17            -121.84       140.99        119.02         0.21        0.18        0.22         -38.17         21.58          41.35           -83.67        119.40        77.67          
8.13  -0.174 0.159  -0.299 0.39           0.33           0.39            -32.79        2.26          32.84          0.62        0.58        0.62         -20.10         1.29           20.13           -12.69        0.98          12.71          
8.17  -0.185 0.172  -0.309 0.49           0.43           0.56            131.83        139.61        125.45         0.37        0.29        0.47         101.90         105.47         99.52           29.93         34.14         25.93          
8.20  -0.192 0.186  -0.303 0.47           0.28           0.50            116.73        -140.41       114.94         0.42        0.18        0.46         84.85          -77.79         85.24           31.89         -62.63        29.69          
8.23  -0.177 0.191  -0.293 0.49           0.55           0.57            19.28         -33.02        36.43          0.73        0.77        0.79         12.76          -22.83         25.55           6.51          -10.19        10.88          
8.27  -0.178 0.207  -0.290 0.48           0.10           0.49            93.28         -105.85       93.22          0.53        0.24        0.54         65.04          -23.45         65.48           28.24         -82.40        27.74          
8.30  -0.176 0.217  -0.276 0.32           0.43           0.53            78.77         -81.76        83.33          0.44        0.53        0.61         44.81          -53.71         59.32           33.96         -28.05        24.00          
8.33  -0.176 0.225  -0.271 0.24           0.15           0.28            91.76         -92.83        91.50          0.34        0.28        0.37         44.53          -31.53         49.22           47.23         -61.29        42.27          
8.37  -0.180 0.236  -0.267 0.35           0.16           0.37            108.64        -132.06       107.53         0.36        0.19        0.38         66.86          -41.18         68.18           41.78         -90.88        39.35          
8.40  -0.185 0.255  -0.263 0.59           0.17           0.60            103.96        -145.19       103.76         0.58        0.15        0.59         79.28          -42.40         79.43           24.68         -102.80       24.33          
8.43  -0.181 0.260  -0.260 0.18           0.14           0.20            57.38         -45.91        61.90          0.38        0.36        0.39         23.33          -15.91         27.33           34.05         -30.01        34.56          
8.47  -0.179 0.273  -0.254 0.38           0.19           0.41            81.09         -71.66        81.94          0.48        0.35        0.51         50.32          -29.68         53.12           30.78         -41.99        28.81          
8.50  -0.174 0.280  -0.258 0.26           0.20           0.29            54.24         40.21         58.40          0.46        0.42        0.47         27.83          17.81          31.71           26.41         22.40         26.69          
8.53  -0.169 0.279  -0.257 0.17           0.17           0.17            -7.15         -11.13        13.13          0.42        0.42        0.42         -2.88          -4.51          5.35            -4.27         -6.61         7.78           
8.57  -0.164 0.265  -0.259 0.44           0.16           0.44            -69.35        13.26         69.42          0.58        0.41        0.58         -45.47         5.16           45.58           -23.88        8.10          23.85          
