time  x      y      z      groundspeedxy  groundspeedxz  groundspeedxyz  trackanglexy  trackanglexz  trackanglexyz  airspeedxy  airspeedxz  airspeedxyz  courseanglexy  courseanglexz  courseanglexyz  driftanglexy  driftanglexz  driftanglexyz  
0.00  -0.000 0.000  -0.000 
0.03  -0.000 0.000  -0.000 0.00           0.00           0.00            0.00          0.00          0.00           0.25        0.25        0.25         0.00           -0.00          0.00            0.00          0.00          0.00           
0.07  -0.000 0.000  -0.000 0.00           0.00           0.00            0.00          0.00          0.00           0.25        0.25        0.25         0.00           -0.00          0.00            0.00          0.00          0.00           
0.10  -0.000 0.000  -0.000 0.00           0.00           0.00            0.00          0.00          0.00           0.25        0.25        0.25         0.00           -0.00          0.00            0.00          0.00          0.00           
0.13  -0.000 0.000  -0.000 0.00           0.00           0.00            0.00          0.00          0.00           0.25        0.25        0.25         0.00           -0.00          0.00            0.00          0.00          0.00           
0.17  -0.000 0.000  -0.000 0.00           0.00           0.00            0.00          0.00          0.00           0.25        0.25        0.25         0.00           -0.00          0.00            0.00          0.00          0.00           
0.20  -0.000 0.000  -0.000 0.00           0.00           0.00            0.00          0.00          0.00           0.25        0.25        0.25         0.00           -0.00          0.00            0.00          0.00          0.00           
0.23  -0.000 0.000  -0.000 0.00           0.00           0.00            0.00          0.00          0.00           0.25        0.25        0.25         0.00           -0.00          0.00            0.00          0.00          0.00           
0.27  -0.000 0.000  -0.000 0.00           0.00           0.00            0.00          0.00          0.00           0.25        0.25        0.25         0.00           -0.00          0.00            0.00          0.00          0.00           
0.30  -0.000 0.000  -0.000 0.00           0.00           0.00            0.00          0.00          0.00           0.25        0.25        0.25         0.00           -0.00          0.00            0.00          0.00          0.00           
0.33  -0.000 0.000  -0.000 0.00           0.00           0.00            0.00          0.00          0.00           0.25        0.25        0.25         0.00           -0.00          0.00            0.00          0.00          0.00           
0.37  -0.000 0.000  -0.000 0.00           0.00           0.00            0.00          0.00          0.00           0.25        0.25        0.25         0.00           -0.00          0.00            0.00          0.00          0.00           
0.40  -0.000 0.000  -0.000 0.00           0.00           0.00            0.00          0.00          0.00           0.25        0.25        0.25         0.00           -0.00          0.00            0.00          0.00          0.00           
0.43  -0.000 0.000  -0.000 0.00           0.00           0.00            0.00          0.00          0.00           0.25        0.25        0.25         0.00           -0.00          0.00            0.00          0.00          0.00           
0.47  -0.000 0.000  -0.000 0.00           0.00           0.00            0.00          0.00          0.00           0.25        0.25        0.25         0.00           -0.00          0.00            0.00          0.00          0.00           
0.50  -0.000 0.000  -0.000 0.00           0.00           0.00            0.00          0.00          0.00           0.25        0.25        0.25         0.00           -0.00          0.00            0.00          0.00          0.00           
0.53  -0.000 0.000  -0.000 0.00           0.00           0.00            0.00          0.00          0.00           0.25        0.25        0.25         0.00           -0.00          0.00            0.00          0.00          0.00           
0.57  -0.000 0.000  -0.000 0.00           0.00           0.00            0.00          0.00          0.00           0.25        0.25        0.25         0.00           -0.00          0.00            0.00          0.00          0.00           
0.60  -0.000 0.000  -0.000 0.00           0.00           0.00            0.00          0.00          0.00           0.25        0.25        0.25         0.00           -0.00          0.00            0.00          0.00          0.00           
0.63  -0.000 0.000  -0.000 0.00           0.00           0.00            0.00          0.00          0.00           0.25        0.25        0.25         0.00           -0.00          0.00            0.00          0.00          0.00           
0.67  -0.000 0.000  -0.000 0.00           0.00           0.00            0.00          0.00          0.00           0.25        0.25        0.25         0.00           -0.00          0.00            0.00          0.00          0.00           
0.70  -0.000 0.000  -0.000 0.00           0.00           0.00            0.00          0.00          0.00           0.25        0.25        0.25         0.00           -0.00          0.00            0.00          0.00          0.00           
0.73  -1.223 0.279  -0.295 37.62          37.73          38.65           167.16        166.45        161.65         37.38       37.49       38.41        167.08         166.36         161.53          0.09          0.09          0.12           
0.77  -1.209 0.277  -0.300 0.41           0.44           0.44            -5.55         20.74         21.35          0.66        0.68        0.68         -3.45          13.25          13.66           -2.09         7.50          7.69           
0.80  -1.190 0.269  -0.306 0.62           0.59           0.64            -24.37        17.32         28.81          0.85        0.83        0.87         -17.42         12.19          20.86           -6.95         5.13          7.95           
0.83  -1.185 0.258  -0.308 0.35           0.18           0.36            -61.77        18.72         62.16          0.52        0.42        0.52         -36.73         7.73           37.18           -25.04        10.99         24.97          
0.87  -1.166 0.239  -0.316 0.82           0.62           0.86            -45.95        23.09         48.19          1.01        0.86        1.04         -35.71         16.52          37.87           -10.24        6.58          10.32          
0.90  -1.159 0.229  -0.326 0.35           0.37           0.47            -54.71        57.21         64.53          0.53        0.55        0.62         -32.25         34.73          43.15           -22.46        22.48         21.38          
0.93  -1.147 0.223  -0.341 0.40           0.57           0.59            -27.28        50.84         53.10          0.63        0.75        0.77         -16.88         35.84          38.07           -10.41        15.00         15.03          
0.97  -1.135 0.220  -0.354 0.39           0.54           0.55            -14.06        46.36         47.16          0.63        0.74        0.74         -8.54          32.17          32.89           -5.52         14.20         14.27          
1.00  -1.116 0.228  -0.372 0.61           0.77           0.81            23.52         43.36         46.12          0.85        0.97        1.00         16.77          33.17          35.75           6.75          10.19         10.37          
1.03  -1.096 0.233  -0.382 0.61           0.67           0.69            14.60         27.51         30.21          0.86        0.90        0.91         10.38          20.11          22.27           4.22          7.39          7.94           
1.07  -1.083 0.244  -0.396 0.49           0.56           0.64            38.89         47.72         53.75          0.70        0.75        0.81         25.92          33.53          39.41           12.97         14.19         14.34          
1.10  -1.065 0.254  -0.405 0.65           0.63           0.71            30.19         27.22         37.83          0.88        0.86        0.92         21.94          19.60          28.26           8.25          7.62          9.56           
1.13  -1.044 0.274  -0.407 0.85           0.62           0.85            43.39         3.32          43.45          1.04        0.87        1.05         33.93          2.37           33.98           9.46          0.96          9.46           
1.17  -1.027 0.296  -0.409 0.85           0.52           0.85            52.83         9.38          53.04          1.02        0.77        1.02         41.53          6.33           41.75           11.30         3.05          11.29          
1.20  -1.017 0.312  -0.405 0.56           0.34           0.58            56.51         -24.87        57.69          0.73        0.58        0.74         39.83          -14.35         41.10           16.68         -10.52        16.58          
1.23  -0.994 0.329  -0.392 0.86           0.77           0.93            38.18         -28.96        43.88          1.06        0.99        1.13         29.82          -21.97         35.03           8.36          -6.99         8.85           
1.27  -0.986 0.334  -0.383 0.29           0.37           0.39            25.07         -45.88        48.55          0.53        0.58        0.59         13.43          -27.76         30.03           11.64         -18.12        18.52          
1.30  -0.973 0.348  -0.368 0.57           0.60           0.74            48.89         -51.04        59.32          0.76        0.78        0.89         34.55          -36.61         45.37           14.34         -14.42        13.95          
1.33  -0.962 0.347  -0.348 0.34           0.68           0.68            -6.22         -60.52        60.56          0.59        0.83        0.83         -3.57          -45.36         45.41           -2.65         -15.16        15.15          
1.37  -0.942 0.344  -0.331 0.61           0.80           0.80            -7.12         -40.82        41.12          0.86        1.00        1.01         -5.05          -31.44         31.71           -2.07         -9.38         9.41           
1.40  -0.928 0.337  -0.311 0.45           0.70           0.73            -27.66        -55.06        56.74          0.68        0.87        0.89         -17.90         -41.41         43.21           -9.76         -13.65        13.53          
1.43  -0.911 0.326  -0.293 0.62           0.75           0.83            -32.99        -46.40        50.99          0.84        0.94        1.00         -23.68         -35.34         39.82           -9.32         -11.06        11.17          
1.47  -0.893 0.314  -0.269 0.65           0.92           0.99            -32.24        -53.19        55.91          0.88        1.09        1.15         -23.48         -42.62         45.50           -8.76         -10.57        10.41          
1.50  -0.874 0.308  -0.249 0.59           0.81           0.84            -18.84        -47.04        48.41          0.83        1.00        1.02         -13.23         -36.51         37.84           -5.60         -10.53        10.57          
1.53  -0.849 0.299  -0.231 0.80           0.93           0.97            -19.78        -35.47        38.59          1.04        1.14        1.17         -15.12         -28.16         30.94           -4.66         -7.31         7.65           
1.57  -0.825 0.280  -0.210 0.91           0.95           1.10            -37.89        -40.93        49.36          1.12        1.15        1.28         -29.98         -32.73         40.82           -7.91         -8.19         8.54           
1.60  -0.801 0.273  -0.190 0.75           0.93           0.95            -17.24        -39.83        41.67          0.99        1.13        1.15         -12.93         -31.69         33.38           -4.30         -8.14         8.29           
1.63  -0.775 0.265  -0.167 0.83           1.07           1.09            -16.85        -41.39        42.98          1.08        1.26        1.29         -12.99         -33.87         35.36           -3.86         -7.52         7.61           
1.67  -0.747 0.273  -0.156 0.88           0.90           0.93            15.11         -20.31        24.62          1.12        1.14        1.16         11.78          -15.95         19.48           3.33          -4.36         5.13           
1.70  -0.726 0.283  -0.137 0.70           0.84           0.90            27.72         -43.08        47.00          0.93        1.04        1.09         20.50          -33.64         37.35           7.22          -9.44         9.65           
1.73  -0.714 0.312  -0.142 0.93           0.39           0.94            67.14         23.65         67.48          1.05        0.63        1.06         54.49          14.52          54.95           12.64         9.14          12.53          
1.77  -0.705 0.337  -0.145 0.81           0.28           0.82            70.16         13.25         70.23          0.93        0.53        0.93         55.49          7.04           55.58           14.68         6.21          14.65          
1.80  -0.707 0.362  -0.154 0.73           0.29           0.79            94.59         101.75        94.29          0.76        0.34        0.81         75.34          55.90          76.29           19.25         45.85         18.00          
1.83  -0.727 0.384  -0.169 0.91           0.76           1.01            132.76        144.31        127.61         0.76        0.58        0.88         118.83         129.65         114.63          13.93         14.66         12.98          
1.87  -0.748 0.404  -0.178 0.86           0.68           0.91            135.55        155.46        132.75         0.71        0.46        0.76         121.21         142.46         118.77          14.35         13.00         13.97          
1.90  -0.765 0.425  -0.188 0.81           0.59           0.87            129.23        150.06        126.46         0.68        0.40        0.74         112.77         131.75         110.80          16.46         18.31         15.66          
1.93  -0.788 0.431  -0.203 0.71           0.82           0.84            165.95        147.49        145.60         0.47        0.62        0.65         158.57         135.01         132.96          7.38          12.48         12.64          
1.97  -0.809 0.436  -0.221 0.64           0.83           0.85            165.08        137.90        136.71         0.40        0.67        0.69         155.85         123.34         122.25          9.23          14.56         14.46          
2.00  -0.826 0.439  -0.231 0.54           0.61           0.62            170.21        150.92        149.79         0.30        0.41        0.42         161.98         133.65         132.33          8.23          17.28         17.46          
2.03  -0.839 0.440  -0.249 0.39           0.67           0.67            176.48        126.00        125.97         0.14        0.56        0.56         170.36         104.76         104.74          6.11          21.24         21.23          
2.07  -0.850 0.441  -0.269 0.31           0.67           0.67            177.72        117.47        117.47         0.06        0.60        0.60         168.10         95.61          95.61           9.62          21.86         21.86          
2.10  -0.851 0.429  -0.288 0.35           0.57           0.67            -97.87        94.77         94.08          0.40        0.60        0.69         -59.44         70.40          73.04           -38.43        24.36         21.04          
2.13  -0.855 0.422  -0.310 0.25           0.66           0.70            -114.95       99.23         98.72          0.27        0.67        0.71         -57.97         77.67          78.34           -56.98        21.56         20.38          
2.17  -0.853 0.412  -0.326 0.30           0.48           0.56            -82.47        85.30         86.01          0.41        0.56        0.63         -45.79         58.83          62.81           -36.67        26.47         23.19          
2.20  -0.847 0.394  -0.342 0.57           0.52           0.75            -71.08        69.26         75.74          0.69        0.65        0.85         -51.10         48.27          59.11           -19.99        20.98         16.64          
2.23  -0.840 0.383  -0.362 0.39           0.63           0.71            -55.02        69.46         71.72          0.57        0.76        0.82         -33.93         51.49          54.95           -21.08        17.97         16.77          
2.27  -0.825 0.360  -0.374 0.82           0.56           0.89            -57.31        38.77         60.30          0.97        0.78        1.04         -44.83         27.12          48.20           -12.48        11.64         12.10          
2.30  -0.814 0.338  -0.388 0.76           0.54           0.87            -64.26        52.25         67.74          0.89        0.72        0.99         -49.65         36.24          54.20           -14.61        16.01         13.54          
2.33  -0.803 0.311  -0.407 0.88           0.68           1.06            -66.65        59.25         70.74          1.01        0.84        1.17         -53.47         44.41          59.05           -13.18        14.84         11.68          
2.37  -0.788 0.279  -0.418 1.04           0.55           1.09            -64.56        35.42         65.74          1.17        0.77        1.22         -53.46         24.54          54.93           -11.10        10.88         10.81          
2.40  -0.768 0.259  -0.423 0.85           0.60           0.86            -46.91        13.85         47.65          1.04        0.84        1.05         -36.76         9.78           37.48           -10.14        4.07          10.17          
2.43  -0.751 0.238  -0.426 0.81           0.53           0.82            -49.83        11.59         50.24          0.99        0.78        1.00         -38.69         7.90           39.11           -11.13        3.69          11.14          
2.47  -0.734 0.217  -0.420 0.80           0.54           0.82            -50.64        -19.75        51.80          0.98        0.78        1.00         -39.27         -13.54         40.44           -11.37        -6.21         11.36          
2.50  -0.723 0.205  -0.412 0.48           0.39           0.53            -48.12        -36.19        53.14          0.67        0.61        0.71         -31.96         -22.26         36.73           -16.16        -13.93        16.41          
2.53  -0.707 0.187  -0.386 0.75           0.93           1.09            -48.31        -57.35        62.52          0.94        1.09        1.22         -36.85         -46.17         52.07           -11.47        -11.18        10.45          
2.57  -0.694 0.181  -0.362 0.41           0.82           0.84            -26.32        -63.13        63.83          0.65        0.96        0.98         -16.48         -49.73         50.59           -9.84         -13.40        13.24          
2.60  -0.698 0.164  -0.328 0.52           1.01           1.13            -103.82       -97.10        96.34          0.52        1.01        1.13         -76.15         -82.88         83.64           -27.67        -14.22        12.70          
2.63  -0.695 0.165  -0.291 0.10           1.12           1.12            31.24         -85.45        85.45          0.34        1.17        1.17         9.05           -73.14         73.16           22.19         -12.31        12.30          
2.67  -0.698 0.178  -0.263 0.40           0.86           0.94            102.07        -95.54        95.05          0.42        0.87        0.95         66.74          -78.97         79.93           35.34         -16.58        15.12          
2.70  -0.702 0.202  -0.241 0.71           0.66           0.96            99.99         -100.84       97.39          0.71        0.66        0.96         79.77          -78.90         82.43           20.22         -21.95        14.96          
2.73  -0.716 0.227  -0.222 0.86           0.71           1.04            119.28        -126.20       113.99         0.77        0.60        0.96         102.85         -106.58        100.26          16.43         -19.62        13.73          
2.77  -0.727 0.243  -0.210 0.58           0.46           0.67            122.55        -132.24       117.57         0.49        0.35        0.60         97.18          -100.16        95.88           25.37         -32.08        21.69          
2.80  -0.739 0.263  -0.203 0.70           0.42           0.73            121.01        -149.24       119.51         0.61        0.24        0.65         100.40         -117.16        99.81           20.61         -32.07        19.70          
2.83  -0.750 0.279  -0.194 0.58           0.44           0.64            126.03        -140.58       121.98         0.48        0.29        0.55         101.00         -108.01        99.47           25.03         -32.57        22.51          
2.87  -0.761 0.288  -0.191 0.44           0.34           0.45            138.44        -165.01       137.20         0.30        0.12        0.31         104.82         -131.22        104.21          33.62         -33.79        32.98          
2.90  -0.761 0.290  -0.188 0.06           0.09           0.11            97.17         -94.61        93.88          0.25        0.26        0.27         13.98          -21.23         24.77           83.18         -73.38        69.11          
2.93  -0.759 0.294  -0.189 0.13           0.07           0.13            64.78         35.61         65.95          0.33        0.31        0.33         20.85          7.32           21.90           43.93         28.29         44.05          
2.97  -0.755 0.296  -0.198 0.14           0.29           0.30            22.75         64.65         65.07          0.38        0.46        0.46         7.99           35.26          35.79           14.75         29.39         29.29          
3.00  -0.744 0.284  -0.206 0.48           0.41           0.54            -46.54        37.19         52.42          0.67        0.63        0.72         -30.94         23.32          36.44           -15.59        13.87         15.98          
3.03  -0.735 0.269  -0.219 0.55           0.47           0.67            -58.56        52.22         64.35          0.72        0.66        0.81         -41.25         34.67          48.16           -17.31        17.55         16.19          
3.07  -0.720 0.244  -0.232 0.86           0.61           0.96            -58.51        42.33         61.86          1.02        0.81        1.10         -46.41         30.38          50.26           -12.10        11.96         11.60          
3.10  -0.708 0.204  -0.246 1.27           0.54           1.33            -73.42        48.09         74.22          1.36        0.73        1.42         -63.28         33.39          64.46           -10.13        14.70         9.75           
3.13  -0.696 0.171  -0.263 1.05           0.63           1.17            -70.26        55.56         72.36          1.16        0.79        1.27         -58.51         40.51          61.51           -11.75        15.05         10.85          
3.17  -0.686 0.154  -0.279 0.57           0.55           0.74            -58.99        57.63         66.44          0.73        0.72        0.87         -42.02         40.51          51.15           -16.97        17.12         15.28          
3.20  -0.669 0.128  -0.294 0.94           0.70           1.06            -57.13        42.66         60.96          1.10        0.90        1.20         -46.12         31.77          50.44           -11.01        10.89         10.52          
3.23  -0.652 0.107  -0.306 0.80           0.61           0.87            -50.63        34.47         54.44          0.97        0.83        1.03         -39.17         24.65          43.08           -11.45        9.81          11.35          
3.27  -0.635 0.097  -0.318 0.60           0.63           0.70            -30.78        34.92         42.55          0.83        0.85        0.90         -21.87         25.19          31.73           -8.92         9.73          10.82          
3.30  -0.614 0.109  -0.333 0.72           0.77           0.84            28.67         34.75         41.45          0.95        0.99        1.04         21.40          26.44          32.34           7.27          8.31          9.12           
3.33  -0.590 0.114  -0.339 0.73           0.75           0.76            12.02         16.00         19.65          0.98        0.99        1.00         8.97           12.00          14.83           3.05          4.00          4.82           
3.37  -0.580 0.124  -0.346 0.42           0.34           0.46            48.55         33.75         52.74          0.62        0.56        0.65         30.94          19.48          34.84           17.61         14.27         17.90          
3.40  -0.563 0.136  -0.356 0.61           0.60           0.69            33.26         30.73         41.52          0.83        0.82        0.89         23.81          21.80          30.77           9.45          8.94          10.75          
3.43  -0.553 0.159  -0.359 0.78           0.33           0.78            65.64         14.06         65.77          0.91        0.58        0.91         51.12          8.00           51.29           14.52         6.05          14.48          
3.47  -0.547 0.167  -0.363 0.28           0.21           0.31            54.12         40.33         58.35          0.47        0.43        0.49         28.51          18.45          32.52           25.61         21.89         25.84          
3.50  -0.542 0.181  -0.374 0.45           0.36           0.56            69.66         64.36         73.65          0.59        0.52        0.67         46.11          38.76          52.72           23.55         25.60         20.93          
3.53  -0.545 0.188  -0.381 0.23           0.22           0.30            113.97        115.06        107.86         0.26        0.25        0.33         52.98          51.58          61.34           61.00         63.48         46.52          
3.57  -0.552 0.198  -0.383 0.36           0.22           0.37            125.23        164.36        124.72         0.30        0.07        0.31         82.33          55.75          82.47           42.90         108.60        42.24          
3.60  -0.561 0.205  -0.388 0.35           0.30           0.38            137.54        149.23        132.49         0.24        0.15        0.28         92.23          93.42          91.87           45.31         55.81         40.62          
3.63  -0.582 0.220  -0.398 0.76           0.70           0.82            145.85        153.63        139.96         0.57        0.49        0.65         131.56         140.50         125.60          14.29         13.13         14.37          
3.67  -0.594 0.228  -0.397 0.46           0.39           0.46            146.31        -174.63       146.04         0.29        0.14        0.29         117.64         -164.93        117.41          28.66         -9.70         28.63          
3.70  -0.609 0.241  -0.400 0.58           0.44           0.59            138.16        166.26        137.13         0.43        0.21        0.44         115.21         149.90         114.43          22.94         16.36         22.70          
3.73  -0.621 0.253  -0.405 0.51           0.38           0.53            133.85        157.88        131.82         0.39        0.18        0.41         105.93         126.16         104.89          27.92         31.72         26.94          
3.77  -0.644 0.272  -0.398 0.88           0.72           0.90            141.30        -162.72       139.33         0.70        0.48        0.73         128.38         -153.88        126.44          12.92         -8.84         12.89          
3.80  -0.655 0.282  -0.399 0.47           0.35           0.47            139.45        175.78        139.35         0.32        0.11        0.32         108.89         165.86         108.83          30.56         9.92          30.52          
3.83  -0.670 0.296  -0.394 0.61           0.46           0.63            134.45        -159.34       132.61         0.47        0.24        0.50         112.13         -137.71        110.88          22.32         -21.63        21.74          
3.87  -0.684 0.313  -0.391 0.66           0.45           0.66            131.55        -168.10       131.06         0.53        0.21        0.53         110.70         -153.69        110.38          20.85         -14.41        20.69          
3.90  -0.694 0.314  -0.386 0.29           0.33           0.33            171.91        -152.40       151.55         0.06        0.16        0.16         134.28         -104.86        104.36          37.63         -47.54        47.19          
3.93  -0.709 0.306  -0.377 0.51           0.51           0.57            -151.85       -151.30       142.57         0.31        0.32        0.40         -129.72        -129.07        120.14          -22.14        -22.23        22.43          
3.97  -0.712 0.313  -0.373 0.22           0.17           0.26            117.42        -127.48       113.25         0.25        0.20        0.28         53.31          -42.24         58.32           64.11         -85.24        54.93          
4.00  -0.725 0.309  -0.360 0.41           0.54           0.55            -162.50       -136.27       134.79         0.18        0.40        0.41         -138.44        -110.39        109.45          -24.06        -25.88        25.34          
4.03  -0.733 0.300  -0.348 0.36           0.45           0.52            -132.47       -122.41       117.55         0.26        0.38        0.46         -87.82         -88.48         88.75           -44.65        -33.92        28.79          
4.07  -0.729 0.296  -0.330 0.17           0.55           0.56            -49.01        -78.22        78.53          0.38        0.65        0.66         -19.54         -55.92         56.66           -29.47        -22.30        21.87          
4.10  -0.731 0.290  -0.315 0.18           0.46           0.49            -107.07       -96.43        96.04          0.26        0.50        0.53         -40.42         -66.71         67.99           -66.65        -29.72        28.04          
4.13  -0.727 0.286  -0.308 0.18           0.24           0.28            -48.04        -60.85        64.64          0.39        0.43        0.45         -19.72         -30.02         34.22           -28.32        -30.83        30.43          
4.17  -0.724 0.275  -0.303 0.32           0.15           0.35            -74.21        -55.17        75.32          0.46        0.36        0.48         -42.62         -20.51         44.80           -31.59        -34.66        30.51          
4.20  -0.706 0.264  -0.291 0.62           0.65           0.72            -30.95        -34.93        42.63          0.85        0.87        0.92         -22.21         -25.43         32.07           -8.74         -9.50         10.56          
4.23  -0.690 0.250  -0.284 0.65           0.53           0.69            -42.23        -24.21        45.37          0.86        0.77        0.88         -30.92         -16.53         33.76           -11.31        -7.69         11.61          
4.27  -0.680 0.244  -0.276 0.36           0.38           0.42            -28.77        -35.51        42.00          0.59        0.61        0.63         -16.98         -21.64         26.60           -11.79        -13.86        15.40          
4.30  -0.670 0.242  -0.271 0.31           0.35           0.35            -9.36         -27.33        28.48          0.56        0.58        0.58         -5.20          -15.91         16.66           -4.17         -11.42        11.82          
4.33  -0.651 0.235  -0.264 0.59           0.59           0.63            -21.27        -22.06        29.33          0.82        0.83        0.85         -14.96         -15.54         21.09           -6.31         -6.52         8.24           
4.37  -0.637 0.218  -0.260 0.67           0.45           0.68            -49.40        -12.46        49.90          0.85        0.69        0.86         -36.56         -7.99          37.04           -12.84        -4.47         12.86          
4.40  -0.620 0.220  -0.261 0.52           0.52           0.52            4.39          1.94          4.79           0.77        0.77        0.77         2.96           1.31           3.24            1.43          0.63          1.56           
4.43  -0.601 0.214  -0.258 0.59           0.57           0.59            -16.01        -9.48         18.37          0.83        0.82        0.84         -11.25         -6.60          12.96           -4.77         -2.88         5.41           
4.47  -0.577 0.204  -0.258 0.79           0.72           0.79            -23.37        1.36          23.41          1.02        0.97        1.02         -17.81         1.01           17.84           -5.56         0.35          5.57           
4.50  -0.553 0.204  -0.262 0.70           0.71           0.71            0.68          9.88          9.90           0.95        0.95        0.95         0.50           7.30           7.31            0.18          2.58          2.58           
4.53  -0.535 0.216  -0.267 0.67           0.57           0.68            32.79         12.48         34.26          0.89        0.82        0.90         24.02          8.70           25.23           8.78          3.78          9.04           
4.57  -0.522 0.229  -0.275 0.56           0.47           0.62            45.09         33.63         50.28          0.76        0.70        0.80         31.55          22.15          36.38           13.54         11.48         13.90          
4.60  -0.505 0.238  -0.283 0.56           0.55           0.61            25.94         23.71         33.24          0.80        0.79        0.83         18.05          16.40          23.71           7.89          7.32          9.54           
4.63  -0.485 0.250  -0.286 0.70           0.60           0.70            31.64         9.89          32.63          0.92        0.85        0.92         23.42          6.99           24.24           8.21          2.90          8.39           
4.67  -0.460 0.257  -0.306 0.77           0.94           0.97            17.07         38.70         40.63          1.01        1.15        1.17         12.90          30.87          32.62           4.17          7.84          8.01           
4.70  -0.451 0.274  -0.324 0.58           0.62           0.79            60.57         62.68         69.15          0.73        0.76        0.91         43.25          45.77          54.32           17.33         16.91         14.82          
4.73  -0.438 0.286  -0.328 0.54           0.42           0.55            41.05         15.32         42.40          0.74        0.66        0.75         28.28          9.61           29.43           12.77         5.72          12.97          
4.77  -0.422 0.297  -0.333 0.59           0.49           0.61            36.60         17.80         38.98          0.80        0.74        0.82         25.88          11.84          27.86           10.72         5.95          11.12          
4.80  -0.408 0.314  -0.335 0.66           0.43           0.66            49.72         10.68         50.07          0.84        0.68        0.85         36.62          6.77           36.97           13.09         3.90          13.10          
4.83  -0.391 0.308  -0.326 0.54           0.57           0.60            -21.54        -28.75        34.05          0.77        0.80        0.82         -14.73         -20.07         24.23           -6.81         -8.68         9.82           
4.87  -0.378 0.299  -0.325 0.47           0.39           0.47            -33.85        -6.12         34.19          0.69        0.64        0.69         -22.25         -3.74          22.50           -11.60        -2.38         11.68          
4.90  -0.375 0.294  -0.312 0.18           0.41           0.43            -55.92        -75.51        76.42          0.38        0.53        0.55         -23.14         -48.20         50.13           -32.78        -27.31        26.29          
4.93  -0.362 0.281  -0.298 0.54           0.55           0.68            -46.79        -48.01        56.98          0.73        0.74        0.84         -32.39         -33.51         42.52           -14.40        -14.50        14.46          
4.97  -0.356 0.273  -0.280 0.31           0.58           0.63            -49.56        -69.72        71.27          0.51        0.71        0.75         -27.64         -50.37         52.77           -21.93        -19.35        18.50          
5.00  -0.354 0.261  -0.260 0.36           0.61           0.70            -81.83        -85.22        85.87          0.46        0.68        0.76         -49.55         -63.61         66.79           -32.28        -21.62        19.08          
5.03  -0.344 0.248  -0.239 0.49           0.68           0.79            -52.26        -63.79        67.44          0.68        0.83        0.91         -35.27         -48.04         52.81           -16.99        -15.75        14.63          
5.07  -0.336 0.255  -0.223 0.30           0.54           0.57            40.76         -65.32        66.86          0.51        0.68        0.71         22.25          -45.92         48.00           18.51         -19.40        18.86          
5.10  -0.322 0.248  -0.198 0.48           0.86           0.89            -25.58        -60.14        61.03          0.71        1.01        1.03         -16.84         -47.76         48.79           -8.74         -12.38        12.24          
5.13  -0.306 0.241  -0.192 0.53           0.52           0.56            -22.02        -18.84        27.88          0.77        0.76        0.79         -15.04         -12.77         19.37           -6.98         -6.07         8.51           
5.17  -0.291 0.225  -0.190 0.65           0.44           0.66            -48.55        -9.60         48.86          0.84        0.69        0.84         -35.63         -6.11          35.93           -12.92        -3.49         12.93          
5.20  -0.269 0.212  -0.181 0.77           0.71           0.81            -30.67        -22.78        36.01          0.99        0.95        1.03         -23.26         -16.93         27.78           -7.41         -5.85         8.23           
5.23  -0.244 0.198  -0.174 0.86           0.78           0.89            -28.61        -15.41        31.43          1.09        1.03        1.11         -22.29         -11.71         24.67           -6.32         -3.71         6.76           
5.27  -0.225 0.178  -0.171 0.84           0.58           0.84            -46.57        -8.94         46.89          1.02        0.83        1.03         -36.36         -6.26          36.66           -10.21        -2.68         10.23          
5.30  -0.210 0.165  -0.178 0.57           0.49           0.61            -40.06        26.85         44.47          0.78        0.72        0.81         -28.17         17.86          32.01           -11.89        8.98          12.46          
5.33  -0.202 0.164  -0.190 0.25           0.44           0.44            -7.54         55.10         55.22          0.50        0.61        0.62         -3.78          35.62          35.73           -3.76         19.49         19.49          
5.37  -0.180 0.166  -0.203 0.65           0.76           0.76            3.72          30.71         30.86          0.90        0.98        0.98         2.69           23.22          23.34           1.03          7.49          7.52           
5.40  -0.174 0.175  -0.225 0.32           0.68           0.73            55.59         74.51         75.59          0.51        0.79        0.83         31.62          56.70          58.66           23.97         17.82         16.94          
5.43  -0.175 0.195  -0.245 0.61           0.60           0.86            92.67         92.74         91.91          0.65        0.64        0.88         70.14          69.62          75.48           22.53         23.13         16.43          
5.47  -0.177 0.205  -0.262 0.30           0.52           0.59            99.46         95.38         94.69          0.35        0.55        0.62         55.30          68.62          71.18           44.15         26.77         23.51          
