time  x      y      z      groundspeedxy  groundspeedxz  groundspeedxyz  trackanglexy  trackanglexz  trackanglexyz  airspeedxy  airspeedxz  airspeedxyz  courseanglexy  courseanglexz  courseanglexyz  driftanglexy  driftanglexz  driftanglexyz  
0.00  -0.945 0.109  -0.299 
0.03  -0.925 0.127  -0.300 0.81           0.59           0.81            43.20         3.08          43.25          1.01        0.84        1.01         33.46          2.17           33.50           9.74          0.91          9.75           
0.07  -0.919 0.148  -0.303 0.64           0.21           0.64            73.40         28.46         73.60          0.75        0.44        0.75         54.72          12.87          55.07           18.68         15.59         18.53          
0.10  -0.898 0.168  -0.305 0.88           0.63           0.88            44.48         4.24          44.56          1.07        0.88        1.07         35.09          3.04           35.17           9.39          1.21          9.39           
0.13  -0.882 0.180  -0.308 0.59           0.49           0.60            35.76         12.35         36.97          0.80        0.73        0.81         25.30          8.18           26.29           10.47         4.18          10.68          
0.17  -0.862 0.188  -0.319 0.66           0.70           0.74            21.34         27.75         33.24          0.90        0.93        0.96         15.54          20.53          25.01           5.80          7.21          8.23           
0.20  -0.840 0.186  -0.328 0.66           0.71           0.72            -5.32         22.51         23.02          0.91        0.95        0.95         -3.86          16.73          17.13           -1.46         5.78          5.89           
0.23  -0.827 0.179  -0.336 0.43           0.45           0.49            -28.80        32.26         39.93          0.66        0.67        0.70         -18.29         20.77          26.71           -10.52        11.48         13.22          
0.27  -0.805 0.176  -0.350 0.69           0.80           0.80            -5.77         31.44         31.79          0.93        1.02        1.02         -4.23          24.10          24.39           -1.54         7.34          7.40           
0.30  -0.788 0.149  -0.359 0.96           0.58           1.00            -58.55        30.05         60.03          1.11        0.80        1.14         -47.44         21.07          49.12           -11.11        8.98          10.91          
0.33  -0.779 0.143  -0.366 0.34           0.35           0.40            -33.75        37.40         45.44          0.56        0.57        0.60         -19.41         21.96          28.17           -14.34        15.44         17.27          
0.37  -0.761 0.139  -0.370 0.53           0.53           0.54            -12.30        11.14         16.37          0.78        0.78        0.79         -8.39          7.58           11.23           -3.92         3.56          5.14           
0.40  -0.753 0.142  -0.382 0.25           0.42           0.43            16.56         55.27         55.83          0.50        0.60        0.61         8.31           35.31          35.88           8.25          19.96         19.95          
0.43  -0.742 0.156  -0.386 0.54           0.36           0.56            52.17         22.32         53.50          0.72        0.60        0.73         36.30          13.18          37.63           15.87         9.14          15.87          
0.47  -0.737 0.174  -0.387 0.57           0.15           0.57            74.72         11.72         74.74          0.68        0.40        0.68         53.87          4.44           53.91           20.85         7.28          20.82          
0.50  -0.728 0.184  -0.386 0.40           0.27           0.40            48.20         -5.44         48.30          0.60        0.52        0.60         29.95          -2.81          30.04           18.25         -2.63         18.26          
0.53  -0.732 0.208  -0.381 0.73           0.18           0.74            98.09         -124.86       97.92          0.74        0.21        0.75         78.46          -44.96         78.69           19.63         -79.90        19.24          
0.57  -0.742 0.231  -0.376 0.77           0.36           0.79            114.65        -153.02       114.08         0.70        0.18        0.72         95.84          -113.64        95.69           18.81         -39.38        18.39          
0.60  -0.740 0.245  -0.369 0.41           0.21           0.45            77.76         -66.27        78.99          0.52        0.39        0.56         49.80          -30.30         52.85           27.95         -35.97        26.14          
0.63  -0.739 0.266  -0.356 0.63           0.39           0.74            89.68         -89.49        89.73          0.68        0.47        0.79         68.13          -57.28         71.20           21.55         -32.21        18.53          
0.67  -0.731 0.269  -0.339 0.27           0.58           0.59            22.48         -64.50        64.92          0.51        0.72        0.73         11.70          -46.37         46.91           10.78         -18.13        18.01          
0.70  -0.726 0.264  -0.324 0.22           0.48           0.50            -42.38        -69.96        70.91          0.44        0.61        0.63         -19.93         -47.45         48.95           -22.45        -22.51        21.96          
0.73  -0.712 0.256  -0.315 0.48           0.50           0.55            -29.63        -33.08        40.85          0.71        0.72        0.76         -19.60         -22.19         28.43           -10.03        -10.89        12.42          
0.77  -0.686 0.247  -0.300 0.82           0.89           0.93            -20.41        -29.48        34.09          1.06        1.11        1.15         -15.70         -23.12         27.08           -4.71         -6.35         7.01           
0.80  -0.663 0.258  -0.286 0.78           0.82           0.89            25.62         -31.70        38.02          1.01        1.04        1.10         19.47          -24.48         29.96           6.15          -7.22         8.07           
0.83  -0.640 0.235  -0.285 0.97           0.69           0.97            -44.72        -1.55         44.73          1.16        0.94        1.16         -35.99         -1.14          36.00           -8.73         -0.41         8.73           
0.87  -0.612 0.237  -0.284 0.83           0.83           0.83            3.49          -2.12         4.08           1.08        1.08        1.08         2.68           -1.63          3.14            0.81          -0.49         0.95           
0.90  -0.596 0.252  -0.275 0.64           0.54           0.69            42.96         -28.39        47.11          0.84        0.76        0.88         31.31          -19.45         35.12           11.65         -8.94         12.00          
0.93  -0.578 0.262  -0.269 0.63           0.57           0.66            30.77         -20.32        35.04          0.85        0.81        0.87         22.13          -14.20         25.59           8.64          -6.13         9.45           
0.97  -0.557 0.273  -0.266 0.72           0.64           0.72            28.14         -7.99         28.94          0.94        0.89        0.95         20.96          -5.74          21.61           7.18          -2.25         7.33           
1.00  -0.544 0.288  -0.256 0.60           0.49           0.67            48.46         -36.67        53.52          0.79        0.71        0.84         34.70          -24.55         39.68           13.76         -12.12        13.84          
1.03  -0.536 0.292  -0.250 0.26           0.29           0.31            21.70         -34.71        38.62          0.50        0.52        0.53         11.06          -18.79         21.43           10.64         -15.92        17.20          
1.07  -0.519 0.287  -0.249 0.54           0.52           0.54            -14.14        -5.12         14.97          0.78        0.77        0.78         -9.67          -3.47          10.25           -4.47         -1.65         4.72           
1.10  -0.510 0.269  -0.236 0.62           0.47           0.73            -65.14        -56.30        69.16          0.76        0.64        0.85         -47.68         -37.35         53.21           -17.46        -18.95        15.95          
1.13  -0.495 0.258  -0.237 0.56           0.47           0.56            -34.19        3.61          34.30          0.78        0.72        0.78         -23.85         2.35           23.94           -10.34        1.26          10.36          
1.17  -0.477 0.247  -0.236 0.63           0.53           0.63            -32.08        -2.82         32.16          0.85        0.78        0.85         -23.12         -1.92          23.18           -8.96         -0.90         8.98           
1.20  -0.456 0.212  -0.248 1.22           0.72           1.27            -59.44        30.89         60.90          1.36        0.94        1.41         -50.34         23.08          51.98           -9.11         7.82          8.91           
1.23  -0.436 0.190  -0.250 0.89           0.60           0.89            -47.88        5.95          48.00          1.07        0.85        1.07         -37.92         4.20           38.05           -9.95         1.75          9.96           
1.27  -0.417 0.175  -0.258 0.73           0.62           0.77            -37.32        20.80         40.42          0.95        0.86        0.97         -28.10         14.89          30.82           -9.22         5.90          9.61           
1.30  -0.399 0.162  -0.269 0.67           0.64           0.75            -36.00        32.72         44.12          0.88        0.86        0.95         -26.43         23.73          33.57           -9.57         8.99          10.55          
1.33  -0.391 0.153  -0.275 0.36           0.30           0.40            -46.84        34.03         51.61          0.56        0.52        0.59         -27.88         18.52          32.06           -18.96        15.50         19.55          
1.37  -0.376 0.149  -0.282 0.44           0.48           0.50            -18.39        27.91         32.02          0.69        0.71        0.72         -11.79         18.40          21.44           -6.60         9.51          10.58          
1.40  -0.382 0.160  -0.293 0.38           0.36           0.50            118.08        119.47        111.20         0.34        0.32        0.47         78.10          77.42          81.29           39.98         42.05         29.91          
1.43  -0.385 0.171  -0.291 0.34           0.11           0.34            105.24        -144.80       104.98         0.36        0.17        0.37         63.71          -21.26         64.12           41.53         -123.54       40.86          
1.47  -0.381 0.185  -0.298 0.45           0.24           0.49            73.89         58.09         75.32          0.57        0.43        0.61         49.09          28.16          51.83           24.80         29.93         23.49          
1.50  -0.390 0.204  -0.297 0.63           0.25           0.63            113.15        -175.07       113.13         0.58        0.02        0.58         89.85          -85.97         89.85           23.29         -89.09        23.28          
1.53  -0.387 0.208  -0.306 0.14           0.29           0.31            54.01         73.43         74.61          0.35        0.43        0.45         18.76          39.67          41.86           35.25         33.77         32.74          
1.57  -0.380 0.207  -0.313 0.20           0.28           0.28            -11.53        45.88         46.43          0.45        0.49        0.49         -5.10          24.30          24.71           -6.43         21.58         21.72          
1.60  -0.380 0.209  -0.317 0.07           0.12           0.14            91.10         90.65         90.56          0.26        0.28        0.29         16.41          26.40          30.00           74.69         64.25         60.57          
1.63  -0.367 0.195  -0.307 0.59           0.51           0.66            -45.73        -35.01        51.16          0.79        0.73        0.84         -32.61         -23.60         37.77           -13.12        -11.41        13.40          
1.67  -0.360 0.188  -0.293 0.30           0.48           0.53            -46.80        -64.43        66.91          0.51        0.63        0.66         -25.69         -43.37         46.67           -21.10        -21.07        20.24          
1.70  -0.342 0.174  -0.283 0.67           0.62           0.74            -36.74        -29.58        43.16          0.88        0.85        0.94         -27.00         -21.19         32.63           -9.74         -8.40         10.53          
1.73  -0.339 0.168  -0.265 0.22           0.53           0.57            -72.15        -82.69        83.20          0.38        0.61        0.65         -33.28         -58.75         60.59           -38.87        -23.94        22.62          
1.77  -0.327 0.152  -0.242 0.60           0.80           0.92            -50.47        -61.50        65.60          0.78        0.95        1.05         -36.21         -48.06         53.11           -14.26        -13.44        12.50          
1.80  -0.319 0.158  -0.238 0.28           0.25           0.30            36.38         -25.42        41.24          0.50        0.49        0.51         19.18          -12.65         22.49           17.20         -12.77        18.75          
1.83  -0.312 0.165  -0.234 0.32           0.25           0.34            44.57         -26.40        47.81          0.53        0.49        0.54         25.11          -13.29         27.69           19.46         -13.11        20.11          
1.87  -0.317 0.169  -0.209 0.20           0.77           0.78            142.17        -101.84       101.69         0.15        0.76        0.77         52.99          -83.00         83.09           89.18         -18.83        18.59          
1.90  -0.311 0.166  -0.205 0.21           0.23           0.24            -25.95        -31.88        38.30          0.45        0.46        0.47         -11.92         -15.09         18.90           -14.03        -16.79        19.40          
1.93  -0.304 0.170  -0.208 0.24           0.21           0.25            34.04         22.09         38.24          0.47        0.45        0.47         16.57          10.14          19.15           17.46         11.95         19.09          
1.97  -0.308 0.171  -0.198 0.13           0.33           0.33            171.98        -113.87       113.83         0.12        0.32        0.32         8.96           -68.44         68.48           163.02        -45.43        45.35          
2.00  -0.306 0.185  -0.198 0.44           0.07           0.44            81.07         7.67          81.07          0.54        0.32        0.54         53.68          1.65           53.68           27.39         6.02          27.39          
2.03  -0.312 0.209  -0.208 0.74           0.34           0.79            104.56        123.33        103.58         0.72        0.29        0.77         84.84          77.12          85.20           19.72         46.21         18.38          
2.07  -0.297 0.216  -0.200 0.50           0.52           0.56            23.10         -27.66        34.05          0.74        0.75        0.78         15.50          -18.81         23.71           7.60          -8.84         10.33          
2.10  -0.301 0.240  -0.209 0.74           0.31           0.80            99.20         112.58        98.59          0.74        0.31        0.80         79.84          65.30          80.52           19.36         47.28         18.06          
2.13  -0.299 0.267  -0.211 0.80           0.07           0.80            86.08         35.46         86.08          0.86        0.31        0.86         69.13          7.30           69.15           16.95         28.16         16.93          
2.17  -0.306 0.308  -0.213 1.24           0.24           1.24            100.30        159.25        100.27         1.22        0.09        1.23         88.69          71.59          88.69           11.61         87.66         11.58          
2.20  -0.315 0.341  -0.219 1.04           0.31           1.06            103.94        144.94        103.74         1.01        0.18        1.03         90.05          90.31          90.05           13.89         54.63         13.69          
2.23  -0.327 0.364  -0.229 0.77           0.47           0.82            119.18        142.81        117.21         0.68        0.31        0.74         100.50         113.61         99.68           18.69         29.19         17.53          
2.27  -0.343 0.398  -0.242 1.13           0.60           1.20            113.91        139.60        112.53         1.06        0.44        1.13         101.44         118.20         100.72          12.47         21.40         11.81          
2.30  -0.346 0.410  -0.261 0.36           0.57           0.67            106.95        100.49        98.99          0.37        0.58        0.68         66.98          75.53          77.56           39.97         24.96         21.43          
2.33  -0.363 0.427  -0.283 0.72           0.83           0.98            133.70        126.84        120.52         0.58        0.71        0.88         115.44         110.45         106.35          18.27         16.39         14.17          
2.37  -0.367 0.433  -0.306 0.22           0.70           0.72            122.25        99.56         99.24          0.23        0.70        0.73         53.89          78.98          79.35           68.36         20.57         19.89          
2.40  -0.378 0.440  -0.321 0.42           0.58           0.62            149.38        128.11        125.43         0.24        0.47        0.51         116.97         103.29         102.09          32.41         24.82         23.34          
2.43  -0.379 0.431  -0.338 0.27           0.51           0.58            -92.78        91.45         91.28          0.36        0.56        0.62         -48.20         65.06          67.58           -44.57        26.38         23.70          
2.47  -0.390 0.428  -0.361 0.34           0.77           0.78            -164.74       115.10        114.92         0.12        0.70        0.71         -130.98        96.34          96.29           -33.75        18.76         18.63          
2.50  -0.399 0.432  -0.390 0.31           0.92           0.92            159.15        108.27        108.14         0.12        0.87        0.88         109.10         92.49          92.47           50.05         15.78         15.67          
2.53  -0.413 0.434  -0.401 0.41           0.51           0.52            171.44        141.16        140.67         0.16        0.36        0.36         158.19         115.04         114.66          13.25         26.12         26.01          
2.57  -0.436 0.448  -0.409 0.81           0.74           0.85            149.52        161.40        145.86         0.61        0.51        0.65         137.51         152.36         133.46          12.01         9.04          12.40          
2.60  -0.448 0.449  -0.434 0.37           0.84           0.85            172.89        116.05        116.00         0.13        0.77        0.77         159.03         99.04          99.02           13.86         17.01         16.98          
2.63  -0.469 0.453  -0.454 0.64           0.86           0.87            170.57        137.30        136.84         0.40        0.70        0.70         164.63         123.21         122.79          5.94          14.09         14.05          
2.67  -0.490 0.452  -0.469 0.62           0.77           0.78            -178.52       143.15        143.13         0.37        0.59        0.59         -177.52        128.53         128.51          -1.00         14.62         14.62          
2.70  -0.504 0.449  -0.479 0.43           0.52           0.53            -166.61       144.01        142.61         0.20        0.35        0.36         -149.49        119.08         117.86          -17.12        24.93         24.75          
2.73  -0.527 0.450  -0.489 0.68           0.74           0.74            176.78        156.81        156.64         0.43        0.52        0.52         174.92         145.89         145.66          1.86          10.93         10.98          
2.77  -0.541 0.443  -0.499 0.46           0.52           0.56            -153.38       143.20        138.00         0.27        0.35        0.41         -128.40        117.97         113.81          -24.98        25.23         24.19          
2.80  -0.560 0.454  -0.499 0.65           0.57           0.65            151.91        -177.82       151.85         0.44        0.32        0.44         136.52         -176.14        136.45          15.39         -1.69         15.40          
2.83  -0.574 0.471  -0.498 0.68           0.43           0.68            128.79        -179.39       128.78         0.56        0.18        0.56         108.42         -178.52        108.42          20.36         -0.86         20.36          
2.87  -0.585 0.488  -0.499 0.60           0.33           0.60            123.98        176.87        123.97         0.50        0.09        0.50         99.59          167.70         99.58           24.39         9.17          24.38          
2.90  -0.604 0.508  -0.489 0.81           0.63           0.87            133.11        -151.63       129.88         0.67        0.43        0.73         117.26         -135.54        114.69          15.85         -16.09        15.18          
2.93  -0.618 0.530  -0.491 0.79           0.43           0.79            122.97        171.60        122.85         0.68        0.19        0.69         105.09         160.44         105.02          17.88         11.16         17.82          
2.97  -0.631 0.550  -0.495 0.72           0.41           0.73            123.05        163.82        122.59         0.62        0.18        0.63         103.44         141.68         103.21          19.61         22.14         19.38          
3.00  -0.644 0.569  -0.493 0.69           0.40           0.69            125.21        -173.91       125.14         0.58        0.15        0.59         104.74         -164.03        104.70          20.48         -9.88         20.44          
3.03  -0.654 0.594  -0.480 0.80           0.48           0.89            111.03        -126.58       108.85         0.75        0.39        0.85         92.96          -95.71         92.63           18.07         -30.87        16.22          
3.07  -0.658 0.604  -0.472 0.34           0.29           0.43            111.95        -115.87       107.22         0.34        0.29        0.43         68.94          -65.15         73.51           43.01         -50.72        33.72          
3.10  -0.667 0.612  -0.462 0.37           0.40           0.47            138.33        -134.09       126.27         0.25        0.29        0.38         96.72          -95.80         94.40           41.61         -38.28        31.86          
3.13  -0.674 0.611  -0.454 0.19           0.31           0.31            -163.29       -126.99       126.31         0.08        0.26        0.26         -41.22         -75.53         75.87           -122.07       -51.46        50.43          
3.17  -0.682 0.602  -0.442 0.35           0.44           0.51            -135.98       -124.83       120.00         0.24        0.36        0.44         -90.69         -90.47         90.39           -45.29        -34.36        29.61          
3.20  -0.682 0.592  -0.426 0.31           0.48           0.57            -89.00        -89.35        89.46          0.40        0.55        0.63         -50.67         -62.12         66.04           -38.33        -27.23        23.42          
3.23  -0.687 0.580  -0.406 0.41           0.62           0.72            -113.96       -105.36       103.15         0.38        0.61        0.71         -77.09         -81.94         83.13           -36.87        -23.42        20.02          
3.27  -0.675 0.575  -0.384 0.38           0.74           0.75            -19.67        -61.14        61.60          0.62        0.89        0.90         -11.89         -46.92         47.46           -7.77         -14.22        14.14          
3.30  -0.677 0.567  -0.358 0.25           0.79           0.83            -99.81        -93.09        92.95          0.32        0.82        0.85         -49.94         -75.32         75.96           -49.87        -17.76        16.99          
3.33  -0.669 0.559  -0.337 0.34           0.65           0.69            -45.69        -68.66        70.06          0.54        0.78        0.81         -26.47         -51.21         53.27           -19.22        -17.45        16.79          
3.37  -0.652 0.557  -0.319 0.51           0.75           0.76            -7.16         -48.17        48.35          0.76        0.94        0.94         -4.80          -36.74         36.92           -2.36         -11.43        11.44          
3.40  -0.630 0.549  -0.313 0.71           0.69           0.73            -20.70        -14.52        24.61          0.95        0.93        0.97         -15.37         -10.67         18.43           -5.33         -3.85         6.18           
3.43  -0.617 0.551  -0.298 0.41           0.61           0.61            11.27         -48.92        49.34          0.65        0.79        0.80         6.98           -35.17         35.57           4.29          -13.75        13.77          
3.47  -0.597 0.554  -0.285 0.60           0.70           0.71            7.28          -32.54        33.05          0.84        0.92        0.93         5.13           -24.15         24.58           2.15          -8.39         8.48           
3.50  -0.590 0.549  -0.282 0.24           0.23           0.26            -32.71        -27.09        39.39          0.47        0.46        0.48         -16.03         -12.89         20.17           -16.68        -14.20        19.22          
3.53  -0.572 0.558  -0.277 0.61           0.57           0.62            25.04         -14.23        27.99          0.84        0.81        0.85         17.79          -9.88          20.06           7.25          -4.35         7.94           
3.57  -0.555 0.549  -0.273 0.57           0.52           0.58            -26.99        -11.67        28.79          0.80        0.76        0.80         -18.81         -7.86          20.18           -8.18         -3.80         8.61           
3.60  -0.541 0.548  -0.270 0.44           0.45           0.45            -4.73         -12.47        13.29          0.69        0.70        0.70         -3.02          -8.03          8.56            -1.71         -4.45         4.73           
3.63  -0.528 0.519  -0.258 0.96           0.52           1.03            -67.37        -44.50        68.90          1.08        0.72        1.14         -55.07         -30.39         57.12           -12.30        -14.11        11.78          
3.67  -0.526 0.505  -0.251 0.41           0.23           0.46            -81.36        -74.94        82.46          0.51        0.38        0.56         -52.18         -36.03         55.95           -29.18        -38.91        26.52          
3.70  -0.519 0.483  -0.244 0.71           0.29           0.73            -71.73        -41.35        72.41          0.82        0.51        0.84         -54.88         -22.45         55.97           -16.85        -18.90        16.44          
3.73  -0.506 0.451  -0.231 1.03           0.55           1.10            -67.65        -44.81        69.16          1.15        0.75        1.21         -56.04         -31.24         58.06           -11.61        -13.58        11.10          
3.77  -0.494 0.413  -0.213 1.20           0.64           1.31            -72.88        -56.38        74.39          1.29        0.80        1.40         -62.23         -41.34         64.47           -10.65        -15.04        9.92           
3.80  -0.477 0.387  -0.213 0.95           0.52           0.95            -56.59        -0.27         56.59          1.10        0.77        1.10         -45.69         -0.19          45.69           -10.90        -0.09         10.90          
3.83  -0.463 0.369  -0.221 0.67           0.47           0.70            -51.43        28.46         53.79          0.85        0.70        0.88         -38.06         18.70          40.47           -13.36        9.76          13.32          
3.87  -0.442 0.353  -0.225 0.79           0.63           0.80            -37.98        11.74         38.93          1.00        0.88        1.00         -29.10         8.43           29.94           -8.88         3.31          8.99           
3.90  -0.414 0.317  -0.235 1.36           0.89           1.40            -52.07        19.43         53.08          1.53        1.13        1.56         -44.67         15.20          45.71           -7.41         4.23          7.37           
3.93  -0.396 0.280  -0.253 1.25           0.77           1.37            -64.23        45.32         66.55          1.38        0.97        1.48         -54.83         34.71          57.65           -9.40         10.61         8.89           
3.97  -0.377 0.247  -0.261 1.14           0.60           1.16            -60.37        21.15         60.95          1.28        0.84        1.30         -50.60         14.99          51.26           -9.77         6.16          9.69           
4.00  -0.362 0.240  -0.258 0.49           0.46           0.50            -23.51        -10.95        25.46          0.72        0.70        0.73         -15.59         -7.08          16.99           -7.92         -3.88         8.48           
4.03  -0.351 0.214  -0.268 0.86           0.44           0.91            -67.72        42.65         69.03          0.98        0.65        1.03         -54.09         27.53          55.88           -13.63        15.12         13.14          
4.07  -0.353 0.223  -0.283 0.28           0.46           0.53            99.27         95.61         94.81          0.34        0.50        0.57         53.02          65.65          68.80           46.25         29.96         26.01          
4.10  -0.353 0.208  -0.291 0.44           0.24           0.50            -91.54        92.87         91.35          0.50        0.34        0.56         -61.68         44.83          64.59           -29.86        48.04         26.76          
4.13  -0.358 0.215  -0.290 0.25           0.14           0.25            123.57        -166.37       123.23         0.24        0.12        0.24         61.86          -16.74         62.16           61.71         -149.62       61.07          
4.17  -0.364 0.218  -0.305 0.20           0.49           0.50            151.60        110.63        110.25         0.12        0.46        0.47         50.29          80.41          80.60           101.32        30.22         29.65          
4.20  -0.368 0.233  -0.309 0.46           0.19           0.47            107.91        139.11        107.29         0.45        0.16        0.46         75.77          47.81          76.27           32.14         91.30         31.02          
4.23  -0.353 0.235  -0.301 0.47           0.51           0.52            9.98          -27.04        28.37          0.71        0.75        0.75         6.50           -18.28         19.26           3.48          -8.76         9.11           
4.27  -0.352 0.230  -0.300 0.16           0.06           0.16            -73.48        -42.75        74.04          0.33        0.30        0.33         -27.15         -8.00          28.01           -46.33        -34.75        46.03          
4.30  -0.346 0.225  -0.298 0.22           0.18           0.23            -41.57        -19.53        43.68          0.44        0.42        0.45         -19.51         -8.07          20.89           -22.05        -11.46        22.79          
4.33  -0.345 0.233  -0.285 0.24           0.40           0.46            80.12         -84.12        84.93          0.37        0.49        0.54         38.87          -53.70         57.70           41.26         -30.41        27.23          
4.37  -0.325 0.210  -0.276 0.92           0.64           0.95            -50.33        -23.87        52.10          1.09        0.87        1.12         -40.19         -17.22         41.98           -10.15        -6.65         10.12          
4.40  -0.311 0.199  -0.267 0.55           0.51           0.61            -38.10        -31.84        45.01          0.76        0.73        0.80         -26.36         -21.42         32.30           -11.74        -10.41        12.71          
4.43  -0.304 0.198  -0.258 0.20           0.34           0.34            -4.99         -54.83        54.88          0.45        0.53        0.53         -2.20          -31.93         31.98           -2.80         -22.90        22.90          
4.47  -0.298 0.195  -0.255 0.20           0.21           0.22            -21.98        -24.89        31.59          0.45        0.45        0.45         -9.86          -11.29         14.83           -12.12        -13.60        16.76          
4.50  -0.290 0.195  -0.243 0.26           0.44           0.44            -2.80         -54.75        54.77          0.51        0.62        0.62         -1.42          -35.59         35.61           -1.38         -19.16        19.16          
4.53  -0.284 0.203  -0.249 0.29           0.25           0.34            52.58         44.06         58.41          0.49        0.46        0.51         28.43          21.85          33.97           24.14         22.21         24.44          
4.57  -0.273 0.210  -0.254 0.40           0.37           0.43            33.64         27.30         40.10          0.62        0.61        0.64         20.76          16.38          25.63           12.89         10.92         14.48          
4.60  -0.264 0.226  -0.243 0.53           0.42           0.62            62.28         -54.13        66.97          0.68        0.60        0.76         43.25          -34.35         49.31           19.03         -19.77        17.66          
4.63  -0.266 0.245  -0.250 0.60           0.22           0.63            94.00         101.15        93.77          0.63        0.30        0.67         70.73          45.41          71.76           23.27         55.75         22.01          
4.67  -0.262 0.272  -0.254 0.81           0.18           0.82            81.16         44.97         81.26          0.89        0.40        0.90         64.99          18.42          65.25           16.17         26.55         16.01          
4.70  -0.260 0.280  -0.258 0.25           0.12           0.27            76.44         60.49         77.49          0.39        0.32        0.40         37.78          18.28          40.12           38.66         42.21         37.37          
4.73  -0.261 0.296  -0.262 0.47           0.13           0.49            93.67         103.29        93.54          0.52        0.25        0.54         65.01          30.19          65.78           28.66         73.11         27.76          
4.77  -0.259 0.312  -0.268 0.47           0.20           0.51            84.09         76.07         84.54          0.56        0.36        0.59         57.60          33.35          59.65           26.49         42.72         24.90          
4.80  -0.263 0.323  -0.282 0.38           0.43           0.56            109.81        107.53        103.36         0.38        0.43        0.56         71.41          73.57          77.50           38.40         33.96         25.86          
4.83  -0.263 0.337  -0.297 0.39           0.45           0.60            89.36         89.44         89.58          0.47        0.52        0.65         57.08          60.52          66.94           32.28         28.91         22.64          
4.87  -0.259 0.330  -0.319 0.22           0.67           0.69            -55.43        79.07         79.47          0.42        0.76        0.78         -26.01         60.13          61.06           -29.42        18.94         18.41          
4.90  -0.265 0.332  -0.335 0.20           0.53           0.53            166.37        110.98        110.90         0.08        0.50        0.50         37.56          83.11          83.14           128.81        27.88         27.76          
4.93  -0.263 0.323  -0.353 0.28           0.54           0.61            -77.57        83.71         84.37          0.41        0.62        0.68         -41.09         60.16          62.84           -36.48        23.55         21.53          
4.97  -0.266 0.312  -0.377 0.34           0.70           0.77            -100.70       95.14         94.64          0.38        0.72        0.79         -60.42         74.90          76.30           -40.28        20.24         18.34          
5.00  -0.274 0.305  -0.391 0.35           0.50           0.55            -140.21       122.61        119.45         0.22        0.42        0.48         -94.71         92.51          92.22           -45.50        30.10         27.23          
5.03  -0.278 0.300  -0.399 0.16           0.27           0.30            -126.07       109.59        107.73         0.20        0.30        0.33         -38.51         58.45          61.11           -87.56        51.15         46.62          
5.07  -0.286 0.289  -0.413 0.42           0.49           0.60            -126.86       120.88        115.06         0.34        0.42        0.54         -90.64         90.51          90.40           -36.21        30.37         24.65          
5.10  -0.299 0.300  -0.422 0.49           0.46           0.56            140.42        145.89        133.10         0.34        0.29        0.43         112.42         116.73         107.70          28.00         29.16         25.40          
5.13  -0.302 0.295  -0.450 0.15           0.84           0.85            -125.94       96.04         95.97          0.20        0.85        0.86         -36.87         78.99          79.10           -89.07        17.04         16.87          
5.17  -0.319 0.313  -0.462 0.74           0.64           0.83            135.05        145.44        129.51         0.59        0.46        0.70         117.77         127.35         113.43          17.28         18.10         16.08          
5.20  -0.326 0.305  -0.464 0.32           0.22           0.33            -130.18       164.82        129.46         0.25        0.07        0.26         -80.65         54.30          80.88           -49.53        110.52        48.58          
5.23  -0.337 0.321  -0.476 0.58           0.49           0.70            122.53        129.43        116.74         0.49        0.39        0.62         97.32          99.40          95.79           25.21         30.03         20.95          
5.27  -0.336 0.312  -0.482 0.26           0.18           0.32            -88.23        87.38         88.53          0.37        0.31        0.41         -45.68         34.64          51.01           -42.55        52.74         37.53          
5.30  -0.348 0.335  -0.496 0.76           0.54           0.86            117.76        130.28        114.09         0.68        0.43        0.79         98.68          103.82         97.39           19.07         26.46         16.69          
5.33  -0.359 0.356  -0.499 0.72           0.34           0.73            117.12        164.33        116.89         0.65        0.12        0.65         96.95          130.30         96.88           20.18         34.03         20.01          
5.37  -0.369 0.373  -0.500 0.59           0.30           0.59            120.26        176.01        120.24         0.52        0.05        0.52         95.48          157.04         95.48           24.78         18.97         24.76          
5.40  -0.381 0.402  -0.501 0.95           0.36           0.95            112.10        176.76        112.09         0.89        0.11        0.89         97.01          169.43         97.01           15.08         7.33          15.08          
5.43  -0.392 0.428  -0.490 0.82           0.46           0.88            113.66        -135.80       111.96         0.76        0.33        0.82         96.05          -103.97        95.57           17.61         -31.83        16.39          
5.47  -0.406 0.465  -0.493 1.20           0.44           1.20            110.95        167.96        110.89         1.13        0.20        1.13         99.03          152.80         99.00           11.92         15.16         11.89          
5.50  -0.402 0.487  -0.479 0.67           0.43           0.79            79.93         -74.02        81.42          0.76        0.55        0.86         60.95          -48.16         64.73           18.98         -25.86        16.68          
5.53  -0.406 0.519  -0.463 0.96           0.50           1.08            95.94         -101.44       95.29          0.97        0.52        1.09         81.10          -73.07         82.07           14.84         -28.36        13.22          
5.57  -0.407 0.533  -0.477 0.43           0.44           0.61            95.05         94.90         93.52          0.48        0.49        0.65         63.48          64.18          70.84           31.57         30.72         22.68          
5.60  -0.400 0.531  -0.468 0.20           0.33           0.34            -13.82        -55.05        55.44          0.44        0.52        0.52         -6.08          -31.77         32.15           -7.74         -23.28        23.30          
5.63  -0.391 0.532  -0.447 0.30           0.70           0.70            3.87          -64.78        64.79          0.55        0.83        0.84         2.10           -49.07         49.08           1.77          -15.72        15.71          
5.67  -0.393 0.543  -0.446 0.34           0.08           0.34            99.99         -140.96       99.89          0.39        0.20        0.39         60.41          -14.12         60.66           39.58         -126.84       39.23          
5.70  -0.390 0.540  -0.435 0.13           0.32           0.34            -58.56        -78.24        78.85          0.33        0.45        0.46         -18.78         -44.94         46.52           -39.79        -33.29        32.33          
5.73  -0.381 0.517  -0.427 0.74           0.38           0.78            -67.09        -39.60        68.25          0.87        0.59        0.90         -51.76         -23.92         53.35           -15.33        -15.68        14.90          
5.77  -0.377 0.513  -0.418 0.16           0.30           0.32            -40.69        -66.29        67.67          0.39        0.46        0.48         -15.75         -36.76         38.61           -24.94        -29.53        29.06          
5.80  -0.368 0.493  -0.404 0.67           0.50           0.79            -65.93        -57.10        69.82          0.80        0.67        0.91         -49.41         -38.86         54.81           -16.52        -18.24        15.00          
5.83  -0.357 0.479  -0.392 0.53           0.49           0.65            -52.32        -48.88        59.95          0.71        0.69        0.80         -36.20         -32.93         44.34           -16.11        -15.95        15.61          
5.87  -0.342 0.455  -0.381 0.86           0.55           0.92            -58.87        -36.36        61.11          1.01        0.77        1.06         -46.62         -25.20         49.19           -12.25        -11.16        11.92          
5.90  -0.323 0.434  -0.369 0.84           0.66           0.91            -47.98        -31.81        51.81          1.02        0.88        1.08         -37.52         -23.24         41.34           -10.45        -8.58         10.47          
5.93  -0.319 0.422  -0.364 0.37           0.20           0.40            -70.00        -52.03        71.74          0.51        0.41        0.53         -42.50         -23.14         45.32           -27.50        -28.89        26.42          
5.97  -0.313 0.407  -0.363 0.50           0.19           0.51            -68.39        -6.92         68.41          0.64        0.44        0.64         -47.11         -2.96          47.14           -21.28        -3.96         21.27          
6.00  -0.303 0.394  -0.367 0.50           0.33           0.51            -51.96        22.11         53.29          0.68        0.57        0.69         -35.12         12.60          36.43           -16.84        9.51          16.87          
6.03  -0.294 0.384  -0.363 0.39           0.28           0.41            -49.37        -26.71        51.77          0.59        0.52        0.60         -30.45         -14.24         32.63           -18.92        -12.47        19.14          
6.07  -0.290 0.394  -0.367 0.34           0.19           0.36            66.61         44.06         68.25          0.49        0.41        0.51         38.93          18.68          41.20           27.68         25.38         27.04          
6.10  -0.273 0.380  -0.366 0.66           0.49           0.66            -41.83        -4.21         41.93          0.86        0.74        0.86         -30.69         -2.80          30.78           -11.14        -1.42         11.15          
6.13  -0.266 0.370  -0.370 0.34           0.24           0.37            -52.77        31.41         55.42          0.53        0.47        0.55         -30.83         15.48          33.35           -21.94        15.93         22.07          
6.17  -0.260 0.345  -0.370 0.79           0.21           0.79            -75.00        2.35          75.00          0.89        0.46        0.89         -59.28         1.06           59.28           -15.72        1.29          15.72          
6.20  -0.256 0.318  -0.367 0.83           0.16           0.83            -81.59        -39.57        81.65          0.90        0.38        0.90         -65.60         -15.07         65.76           -15.99        -24.49        15.89          
6.23  -0.258 0.306  -0.373 0.35           0.21           0.40            -104.42       114.66        102.64         0.38        0.25        0.42         -64.51         49.58          67.41           -39.91        65.08         35.23          
6.27  -0.254 0.294  -0.385 0.39           0.36           0.51            -68.67        67.26         74.06          0.53        0.52        0.63         -42.71         40.70          51.60           -25.96        26.56         22.45          
6.30  -0.263 0.287  -0.394 0.36           0.39           0.45            -140.11       135.80        127.95         0.23        0.27        0.36         -96.49         95.59          94.24           -43.62        40.22         33.71          
6.33  -0.251 0.264  -0.429 0.77           1.12           1.31            -61.72        70.89         73.76          0.92        1.22        1.40         -47.82         59.74          63.87           -13.90        11.16         9.89           
6.37  -0.258 0.250  -0.453 0.46           0.76           0.87            -116.32       105.59        103.66         0.42        0.74        0.85         -83.86         86.53          86.98           -32.46        19.06         16.68          
6.40  -0.244 0.229  -0.488 0.75           1.11           1.28            -57.49        68.77         71.65          0.91        1.22        1.38         -44.06         57.79          61.73           -13.43        10.97         9.92           
6.43  -0.235 0.203  -0.514 0.84           0.84           1.15            -70.41        70.28         75.83          0.96        0.95        1.24         -56.16         55.96          64.55           -14.25        14.32         11.28          
6.47  -0.253 0.201  -0.534 0.54           0.79           0.80            -174.11       132.25        132.13         0.29        0.65        0.66         -169.02        115.79         115.69          -5.09         16.47         16.44          
6.50  -0.268 0.194  -0.538 0.50           0.47           0.52            -155.50       163.01        151.25         0.29        0.24        0.32         -134.44        145.64         129.17          -21.06        17.37         22.09          
6.53  -0.285 0.181  -0.556 0.66           0.76           0.85            -143.75       134.51        128.57         0.48        0.61        0.72         -125.86        117.53         112.92          -17.89        16.99         15.66          
6.57  -0.301 0.200  -0.562 0.74           0.51           0.76            130.10        159.90        128.83         0.61        0.28        0.63         111.73         142.28         110.85          18.38         17.62         17.98          
6.60  -0.310 0.202  -0.575 0.29           0.46           0.47            164.56        126.30        125.75         0.08        0.38        0.38         108.34         93.85          93.77           56.22         32.45         31.98          
6.63  -0.327 0.199  -0.594 0.50           0.75           0.76            -167.42       130.44        129.93         0.26        0.62        0.62         -155.26        112.43         112.07          -12.16        18.01         17.86          
6.67  -0.333 0.193  -0.602 0.26           0.33           0.37            -140.07       127.69        122.98         0.17        0.26        0.31         -73.14         78.91          80.65           -66.93        48.79         42.32          
6.70  -0.349 0.180  -0.596 0.60           0.49           0.62            -140.37       -159.03       137.62         0.44        0.28        0.47         -118.92        -140.04        116.63          -21.45        -18.98        20.99          
6.73  -0.353 0.175  -0.599 0.20           0.15           0.22            -129.64       152.22        127.21         0.20        0.14        0.21         -52.73         29.83          55.10           -76.91        122.39        72.10          
6.77  -0.364 0.182  -0.611 0.39           0.50           0.53            149.22        132.58        128.87         0.22        0.37        0.42         113.13         103.16         101.59          36.09         29.42         27.28          
6.80  -0.394 0.190  -0.609 0.94           0.91           0.95            164.18        -177.27       163.97         0.71        0.66        0.71         158.65         -176.24        158.38          5.53          -1.03         5.59           
6.83  -0.405 0.208  -0.605 0.63           0.36           0.64            122.03        -159.27       121.33         0.54        0.15        0.55         98.89          -123.46        98.65           23.14         -35.82        22.67          
6.87  -0.429 0.237  -0.597 1.13           0.75           1.15            129.31        -162.12       128.36         0.99        0.52        1.01         118.01         -153.59        117.21          11.30         -8.53         11.15          
6.90  -0.444 0.253  -0.591 0.67           0.49           0.70            132.75        -157.22       130.75         0.53        0.28        0.57         112.62         -137.04        111.23          20.13         -20.19        19.52          
6.93  -0.471 0.285  -0.570 1.24           1.01           1.39            129.31        -140.92       124.29         1.10        0.83        1.27         119.17         -130.02        114.93          10.14         -10.90        9.35           
6.97  -0.487 0.309  -0.561 0.87           0.56           0.91            125.10        -152.75       123.45         0.75        0.36        0.80         109.36         -134.14        108.28          15.74         -18.60        15.18          
7.00  -0.504 0.342  -0.543 1.10           0.73           1.23            116.48        -132.26       113.60         1.01        0.59        1.15         103.74         -114.03        102.10          12.74         -18.23        11.50          
7.03  -0.531 0.356  -0.527 0.91           0.95           1.03            153.15        -148.44       141.49         0.69        0.75        0.85         143.76         -138.35        130.95          9.39          -10.09        10.54          
7.07  -0.540 0.385  -0.507 0.93           0.66           1.11            107.28        -114.77       104.46         0.89        0.60        1.08         91.76          -92.62         91.46           15.52         -22.16        13.00          
7.10  -0.551 0.395  -0.491 0.43           0.58           0.65            139.86        -124.55       120.77         0.29        0.49        0.56         106.22         -99.59         98.31           33.64         -24.97        22.46          
7.13  -0.565 0.416  -0.473 0.76           0.68           0.93            123.54        -127.76       116.73         0.65        0.56        0.85         104.89         -107.25        101.42          18.66         -20.51        15.32          
7.17  -0.559 0.430  -0.456 0.44           0.53           0.67            68.98         -72.53        76.31          0.58        0.65        0.77         45.39          -51.07         58.00           23.58         -21.46        18.32          
7.20  -0.558 0.442  -0.445 0.38           0.32           0.49            84.96         -84.03        86.15          0.47        0.42        0.56         52.88          -48.08         59.94           32.09         -35.95        26.21          
7.23  -0.551 0.459  -0.435 0.54           0.36           0.62            67.55         -55.04        70.42          0.68        0.54        0.74         47.61          -32.92         51.84           19.94         -22.12        18.58          
7.27  -0.542 0.468  -0.426 0.41           0.41           0.49            42.82         -43.46        52.96          0.61        0.62        0.68         26.75          -27.27         35.79           16.07         -16.19        17.18          
7.30  -0.520 0.469  -0.424 0.64           0.64           0.65            3.68          -4.08         5.49           0.89        0.89        0.90         2.65           -2.94          3.96            1.03          -1.14         1.53           
7.33  -0.514 0.483  -0.424 0.43           0.17           0.43            66.57         0.89          66.57          0.58        0.42        0.58         43.29          0.36           43.29           23.29         0.53          23.29          
7.37  -0.502 0.483  -0.422 0.36           0.37           0.37            1.69          -12.78        12.88          0.61        0.61        0.61         0.99           -7.61          7.67            0.69          -5.17         5.21           
7.40  -0.475 0.463  -0.410 1.01           0.88           1.07            -36.59        -23.35        40.66          1.22        1.12        1.27         -29.58         -18.27         33.29           -7.01         -5.09         7.37           
7.43  -0.458 0.443  -0.387 0.78           0.85           1.04            -49.49        -53.38        60.72          0.96        1.02        1.18         -38.12         -42.06         50.09           -11.37        -11.33        10.63          
7.47  -0.432 0.418  -0.371 1.09           0.94           1.20            -43.06        -31.35        48.12          1.29        1.16        1.38         -35.44         -24.89         40.35           -7.62         -6.46         7.78           
7.50  -0.407 0.398  -0.355 0.97           0.89           1.08            -39.38        -32.78        46.21          1.17        1.11        1.27         -31.60         -25.76         38.02           -7.78         -7.02         8.19           
7.53  -0.388 0.366  -0.327 1.11           1.00           1.39            -59.86        -56.16        66.30          1.26        1.16        1.51         -49.95         -45.86         57.57           -9.91         -10.31        8.74           
7.57  -0.371 0.336  -0.316 1.03           0.62           1.08            -59.65        -32.30        61.23          1.18        0.84        1.22         -49.07         -23.12         50.88           -10.58        -9.18         10.35          
7.60  -0.354 0.308  -0.297 0.98           0.76           1.13            -58.83        -48.58        63.49          1.13        0.95        1.26         -47.88         -37.17         53.29           -10.95        -11.41        10.20          
7.63  -0.335 0.280  -0.285 1.03           0.69           1.10            -55.90        -33.50        58.29          1.19        0.91        1.25         -45.84         -24.77         48.45           -10.06        -8.73         9.84           
7.67  -0.322 0.266  -0.274 0.57           0.51           0.65            -45.68        -38.71        52.44          0.76        0.72        0.83         -32.11         -26.16         38.56           -13.57        -12.55        13.89          
7.70  -0.314 0.249  -0.273 0.57           0.24           0.57            -65.18        -8.21         65.23          0.71        0.49        0.71         -46.64         -4.04          46.70           -18.54        -4.17         18.52          
7.73  -0.295 0.226  -0.276 0.89           0.57           0.89            -51.12        11.09         51.46          1.06        0.81        1.07         -40.54         7.70           40.89           -10.58        3.39          10.57          
7.77  -0.288 0.205  -0.293 0.68           0.56           0.85            -70.96        66.54         74.88          0.80        0.69        0.95         -53.69         47.25          60.09           -17.27        19.28         14.79          
7.80  -0.266 0.181  -0.300 0.97           0.69           0.99            -47.45        17.82         48.64          1.15        0.93        1.17         -38.25         13.10          39.42           -9.20         4.72          9.22           
7.83  -0.253 0.167  -0.306 0.56           0.43           0.59            -46.62        25.18         49.18          0.75        0.66        0.78         -32.69         15.92          35.08           -13.93        9.26          14.11          
7.87  -0.233 0.165  -0.318 0.60           0.70           0.70            -6.72         30.78         31.27          0.85        0.92        0.92         -4.75          22.79          23.18           -1.97         7.99          8.08           
7.90  -0.226 0.169  -0.319 0.24           0.21           0.24            29.64         3.43          29.77          0.47        0.46        0.47         14.41          1.55           14.49           15.23         1.88          15.29          
7.93  -0.238 0.185  -0.327 0.60           0.43           0.64            126.45        145.25        123.32         0.49        0.27        0.55         102.23         112.93         100.92          24.22         32.31         22.40          
7.97  -0.224 0.186  -0.308 0.43           0.71           0.71            4.86          -52.97        53.03          0.68        0.89        0.89         3.08           -39.96         40.02           1.78          -13.01        13.01          
8.00  -0.208 0.182  -0.296 0.49           0.59           0.61            -14.84        -36.72        38.36          0.74        0.81        0.82         -9.86          -26.07         27.44           -4.98         -10.65        10.92          
8.03  -0.205 0.185  -0.288 0.12           0.27           0.28            50.28         -73.24        74.20          0.34        0.41        0.42         15.75          -37.89         39.62           34.53         -35.35        34.58          
8.07  -0.189 0.189  -0.292 0.50           0.50           0.52            16.05         16.94         22.73          0.74        0.74        0.75         10.68          11.29          15.36           5.37          5.65          7.37           
8.10  -0.182 0.192  -0.285 0.25           0.32           0.33            18.74         -43.68        45.39          0.49        0.53        0.54         9.30           -24.75         26.06           9.44          -18.94        19.32          
8.13  -0.171 0.200  -0.280 0.40           0.35           0.42            35.58         -23.09        39.79          0.62        0.59        0.63         21.99          -13.53         25.18           13.59         -9.56         14.61          
8.17  -0.158 0.200  -0.276 0.39           0.41           0.41            0.52          -20.14        20.15          0.64        0.65        0.65         0.32           -12.56         12.56           0.21          -7.59         7.59           
8.20  -0.145 0.206  -0.273 0.42           0.39           0.43            23.80         -11.82        26.02          0.66        0.64        0.66         14.95          -7.22          16.46           8.85          -4.60         9.56           
8.23  -0.148 0.232  -0.271 0.78           0.08           0.79            95.12         -146.30       95.11          0.80        0.19        0.80         77.02          -14.53         77.05           18.09         -131.78       18.06          
8.27  -0.149 0.252  -0.273 0.62           0.06           0.63            92.98         123.33        92.97          0.66        0.22        0.66         70.77          12.78          70.83           22.21         110.55        22.14          
8.30  -0.145 0.260  -0.276 0.25           0.13           0.26            62.74         31.73         63.85          0.43        0.37        0.43         31.34          10.98          32.59           31.39         20.75         31.26          
8.33  -0.148 0.278  -0.279 0.57           0.14           0.57            100.29        135.07        100.12         0.58        0.18        0.58         75.01          34.06          75.24           25.28         101.01        24.89          
8.37  -0.151 0.279  -0.283 0.08           0.15           0.15            174.18        122.75        122.70         0.17        0.21        0.21         2.87           37.39          37.45           171.31        85.36         85.25          
8.40  -0.159 0.287  -0.286 0.35           0.25           0.36            131.69        156.80        129.77         0.26        0.10        0.28         86.24          80.24          86.49           45.45         76.56         43.28          
8.43  -0.155 0.274  -0.291 0.42           0.17           0.44            -74.24        47.82         74.92          0.54        0.39        0.56         -48.03         19.10          49.34           -26.21        28.72         25.57          
8.47  -0.162 0.269  -0.294 0.24           0.22           0.26            -146.76       154.63        141.03         0.14        0.11        0.17         -69.11         62.19          72.82           -77.66        92.44         68.22          
8.50  -0.172 0.268  -0.298 0.31           0.33           0.33            -172.51       157.96        156.94         0.07        0.13        0.14         -143.04        113.34         112.31          -29.47        44.62         44.63          
8.53  -0.173 0.258  -0.299 0.30           0.04           0.31            -95.71        138.75        95.69          0.37        0.22        0.37         -54.01         6.88           54.12           -41.69        131.87        41.57          
8.57  -0.173 0.248  -0.303 0.30           0.12           0.32            -92.72        96.83         92.53          0.38        0.26        0.40         -51.93         26.82          53.94           -40.78        70.01         38.59          
8.60  -0.178 0.249  -0.302 0.14           0.14           0.14            169.02        -166.36       162.74         0.12        0.12        0.12         12.91          -15.99         20.16           156.10        -150.37       142.58         
8.63  -0.177 0.242  -0.308 0.22           0.20           0.30            -84.16        83.67         85.70          0.35        0.34        0.41         -38.98         36.73          47.74           -45.18        46.94         37.95          
8.67  -0.181 0.235  -0.323 0.22           0.45           0.48            -125.04       106.38        105.17         0.22        0.45        0.48         -55.76         74.08          75.26           -69.28        32.31         29.91          
8.70  -0.169 0.219  -0.328 0.60           0.38           0.62            -54.56        24.56         55.91          0.77        0.62        0.79         -39.31         14.91          40.73           -15.25        9.65          15.18          
8.73  -0.179 0.242  -0.326 0.75           0.31           0.75            113.61        -167.00       113.51         0.69        0.08        0.69         94.12          -125.50        94.10           19.49         -41.49        19.41          
8.77  -0.173 0.249  -0.322 0.30           0.23           0.32            48.63         -30.14        51.90          0.50        0.46        0.51         26.68          -14.41         29.44           21.96         -15.73        22.47          
8.80  -0.177 0.268  -0.318 0.58           0.19           0.60            103.10        -134.31       102.75         0.58        0.18        0.59         78.20          -48.75         78.51           24.90         -85.56        24.24          
8.83  -0.187 0.293  -0.320 0.79           0.29           0.79            110.85        167.29        110.78         0.74        0.07        0.74         92.41          116.12         92.40           18.44         51.16         18.38          
8.87  -0.186 0.288  -0.328 0.14           0.25           0.29            -88.22        89.03         89.15          0.29        0.36        0.38         -28.45         44.78          48.51           -59.77        44.24         40.63          
8.90  -0.180 0.272  -0.322 0.52           0.25           0.55            -69.06        -41.89        70.10          0.66        0.47        0.68         -48.22         -21.02         49.80           -20.83        -20.87        20.30          
8.93  -0.162 0.261  -0.314 0.63           0.60           0.68            -30.06        -24.40        36.33          0.86        0.84        0.89         -21.67         -17.30         26.79           -8.39         -7.10         9.54           
8.97  -0.149 0.255  -0.309 0.44           0.42           0.46            -27.51        -20.81        32.81          0.67        0.65        0.69         -17.58         -13.01         21.41           -9.93         -7.79         11.40          
9.00  -0.139 0.254  -0.315 0.32           0.36           0.36            -6.50         28.65         29.17          0.57        0.59        0.59         -3.63          16.95          17.29           -2.86         11.70         11.87          
9.03  -0.121 0.224  -0.306 1.02           0.60           1.06            -58.88        -27.40        60.05          1.17        0.83        1.20         -48.36         -19.39         49.68           -10.52        -8.01         10.37          
9.07  -0.117 0.218  -0.300 0.21           0.21           0.28            -61.05        -60.71        68.51          0.40        0.40        0.44         -27.84         -27.51         36.56           -33.22        -33.21        31.94          
9.10  -0.102 0.202  -0.287 0.65           0.59           0.76            -46.28        -40.32        53.41          0.85        0.80        0.93         -33.96         -28.66         40.94           -12.32        -11.66        12.47          
9.13  -0.089 0.205  -0.277 0.41           0.50           0.51            12.13         -36.14        37.28          0.66        0.72        0.72         7.56           -24.29         25.19           4.56          -11.85        12.09          
9.17  -0.088 0.212  -0.265 0.22           0.35           0.41            80.32         -83.96        84.86          0.36        0.45        0.50         37.02          -50.54         55.03           43.30         -33.42        29.83          
9.20  -0.098 0.221  -0.251 0.41           0.53           0.59            139.43        -125.90       121.60         0.27        0.43        0.51         102.89         -98.07         96.87           36.54         -27.83        24.73          
9.23  -0.102 0.232  -0.250 0.35           0.12           0.35            109.11        -159.76       108.97         0.36        0.14        0.36         67.43          -17.08         67.59           41.68         -142.67       41.37          
9.27  -0.112 0.247  -0.254 0.53           0.33           0.55            125.73        159.06        124.74         0.44        0.13        0.45         98.03          117.14         97.75           27.70         41.92         26.99          
